2.5 1.9463386 2.3177863e-310
7.5 0.58535021 0
12.5 0.25360265 0
17.5 0.13868649 0
22.5 0.085199624 0
27.5 0.051686198 0
32.5 0.035874323 0
37.5 0.026510098 2.3179057e-310
42.5 0.017146134 1.0651894e+18
47.5 0.010773575 2.1219958e-314
52.5 0.0096042993 0
57.5 0.0066533139 2.1005379e-317
62.5 0.0046044122 2.1219958e-314
67.5 0.004172382 4.8934633e-317
72.5 0.0030639199 3.2367703e-317
77.5 0.0035684652 2.5345568e-321
82.5 0.0033164006 6.623452e-317
87.5 0.0030984259 0
92.5 0.0022447233 0
97.5 0.0021582101 0
102.5 0.0038564453 0
107.5 0.0018215022 5195.9453
112.5 0.0016084772 0
117.5 0.00018095547 2.317803e-310
122.5 -3.588575e-05 2.769732e-320
127.5 0.00064298579 2.1219958e-314
132.5 -0.00041082366 0
137.5 -0.00050501678 2.1005379e-317
142.5 -0.00037882079 2.1219958e-314
147.5 -0.00073136354 4.8932736e-317
152.5 -0.00066375224 3.2367703e-317
157.5 -0.00015482084 1.2648081e-321
162.5 -0.00010990861 0
167.5 0.00018711702 0
172.5 -4.0979984e-05 0
177.5 0.00073033681 0
182.5 0.00039957741 0
187.5 0.00052654082 -8.0459582e+22
192.5 -4.6639944e-05 0
197.5 4.6803697e-05 2.3178494e-310
