2.5 1.8858281 2.3177863e-310
7.5 0.5761629 0
12.5 0.25766068 0
17.5 0.14859304 0
22.5 0.078453491 0
27.5 0.057249296 0
32.5 0.041282888 0
37.5 0.025048423 2.3178228e-310
42.5 0.018589731 9.3436073e+17
47.5 0.015206521 2.1219958e-314
52.5 0.010718171 0
57.5 0.00737616 2.1005379e-317
62.5 0.0050775553 2.1219958e-314
67.5 0.0049445922 6.28393e-317
72.5 0.0045500511 3.2367703e-317
77.5 0.0035685474 1.2648081e-321
82.5 0.0049914319 0
87.5 0.0051070931 0
92.5 0.0061422051 0
97.5 0.0057650761 0
102.5 0.0061648719 0
107.5 0.0032427783 5104.0938
112.5 0.0035238994 0
117.5 0.0026105789 2.3179223e-310
122.5 0.0024222888 2.7781311e-320
127.5 0.0019527171 2.1219958e-314
132.5 0.0021591009 0
137.5 0.0020381606 2.1004746e-317
142.5 0.0014779347 2.1219958e-314
147.5 0.0012485967 6.2852581e-317
152.5 0.0015204535 3.2367703e-317
157.5 0.0013177749 1.2697487e-321
162.5 0.0019366977 6.616875e-317
167.5 0.0020801188 0
172.5 0.0022082649 0
177.5 0.0021755958 0
182.5 0.0023290334 0
187.5 0.0017337951 -8.8644027e+22
192.5 0.0013378336 0
197.5 0.0021987149 2.3178958e-310
