2.5 1.95808 6.6195864e-317
7.5 0.58019575 0
12.5 0.25174187 0
17.5 0.13577833 0
22.5 0.085717176 0
27.5 0.056769203 0
32.5 0.039400654 0
37.5 0.028086106 2.3178195e-310
42.5 0.020109787 9.0378407e+21
47.5 0.017426137 2.1219958e-314
52.5 0.013598305 0
57.5 0.011555257 2.1005695e-317
62.5 0.011746666 2.1219958e-314
67.5 0.0097297377 5.4264376e-317
72.5 0.0080029764 3.2367703e-317
77.5 0.0080420404 1.2648081e-321
82.5 0.0055876594 0
87.5 0.0061520731 0
92.5 0.0057437821 0
97.5 0.0057656662 0
102.5 0.0053487613 0
107.5 0.0052775788 4307.793
112.5 0.0051092249 0
117.5 0.0056032981 2.3178195e-310
122.5 0.0044231734 2.5903862e-320
127.5 0.0040967206 2.1219958e-314
132.5 0.0033018672 0
137.5 0.0022250027 2.1005379e-317
142.5 0.0027475346 2.1219958e-314
147.5 0.0034764536 5.4268171e-317
152.5 0.0027904459 3.2367703e-317
157.5 0.0023891192 1.2648081e-321
162.5 0.0030088259 0
167.5 0.0034904352 0
172.5 0.0031335209 0
177.5 0.0032250719 0
182.5 0.0033696901 0
187.5 0.0023319456 6.8210315e+18
192.5 0.0025030396 0
197.5 0.0030455603 2.3178593e-310
