2.5 1.8907235 0.23285115
7.5 0.59128559 -0.011859094
12.5 0.25629519 -0.091579058
17.5 0.13665051 -0.082380125
22.5 0.086509255 -0.061071627
27.5 0.054563435 -0.036454441
32.5 0.036246073 -0.033490886
37.5 0.026010293 -0.02742112
42.5 0.017283757 -0.018122704
47.5 0.015325512 -0.015816562
52.5 0.0097396196 -0.0082336461
57.5 0.0091465939 -0.011662797
62.5 0.0072764901 -0.007078924
67.5 0.0058472031 -0.010778983
72.5 0.0049540691 -0.0079678606
77.5 0.0027707848 -0.0069487151
82.5 0.0028996671 -0.0080282433
87.5 0.0039248561 -0.0068821466
92.5 0.0051633878 -0.0024745795
97.5 0.0038994924 0.00078151525
102.5 0.0029896861 0.0017198103
107.5 0.0034123504 -0.00023166614
112.5 0.003437345 0.00099194236
117.5 0.0025254934 0.0015869253
122.5 0.0032795533 0.00085025137
127.5 0.0014210273 0.0015879507
132.5 0.0012437371 -0.00023959093
137.5 0.0021850336 0.0028926961
142.5 0.0025984821 0.0051921686
147.5 0.0030182197 0.0064897067
152.5 0.0039800977 0.0078996485
157.5 0.0032137081 0.0059896595
162.5 0.0034136337 0.0043284681
167.5 0.0033898419 0.0045727475
172.5 0.0030808071 0.0034957619
177.5 0.0029583951 0.0027971333
182.5 0.002513002 0.0020064809
187.5 0.0032196866 0.0031797731
192.5 0.0030058521 0.0028826161
197.5 0.0023080922 0.00057680185
