2.5 1.8684612 2.3177863e-310
7.5 0.57708129 0
12.5 0.24776222 0
17.5 0.14172877 0
22.5 0.08429547 0
27.5 0.057059195 0
32.5 0.037130593 0
37.5 0.025816996 2.3179588e-310
42.5 0.016931494 0
47.5 0.014054429 2.1219958e-314
52.5 0.010086135 0
57.5 0.0067142936 2.1005695e-317
62.5 0.0055198489 2.1219958e-314
67.5 0.0049822217 6.1402637e-317
72.5 0.0032275956 3.2367703e-317
77.5 0.0045969428 1.2648081e-321
82.5 0.00062519764 0
87.5 0.0019646143 0
92.5 0.0026812103 0
97.5 0.0027355037 0
102.5 0.00081549444 0
107.5 0.0008172347 0
112.5 0.0014699949 0
117.5 0.0013386936 2.3178195e-310
122.5 0.0017364969 0
127.5 0.0019892144 2.1219958e-314
132.5 0.0019097438 0
137.5 0.00056823357 2.1005695e-317
142.5 0.0013985668 2.1219958e-314
147.5 0.00060739008 6.1395522e-317
152.5 0.00080304036 3.2367703e-317
157.5 0.00035685696 1.2697487e-321
162.5 0.00036155616 2.3177863e-310
167.5 0.0012301874 0
172.5 0.00015175314 0
177.5 0.00051588353 0
182.5 0.00036795901 0
187.5 0.00031426876 0
192.5 0.00056293354 0
197.5 -0.00019175346 2.3177996e-310
