2.5 1.884311 2.3177863e-310
7.5 0.58362592 0
12.5 0.24773005 0
17.5 0.13873959 0
22.5 0.088822656 0
27.5 0.054715247 0
32.5 0.038067256 0
37.5 0.026644879 2.3179422e-310
42.5 0.020956859 8.9459447e+21
47.5 0.016624068 2.1219958e-314
52.5 0.011983117 0
57.5 0.0093843192 2.1005379e-317
62.5 0.0070114404 2.1219958e-314
67.5 0.0042204038 6.3388069e-317
72.5 0.0051471696 3.2367703e-317
77.5 0.004853267 1.2648081e-321
82.5 0.003818328 0
87.5 0.0042118625 0
92.5 0.0043879653 0
97.5 0.0033864656 0
102.5 0.0044187331 0
107.5 0.0031718263 4260.6094
112.5 0.0027853292 0
117.5 0.0034469504 2.3178958e-310
122.5 0.0027492957 2.5879159e-320
127.5 0.0027363772 2.1219958e-314
132.5 0.0012346791 0
137.5 0.0021658907 2.1005695e-317
142.5 0.00090592516 2.1219958e-314
147.5 0.0020826535 6.4252249e-317
152.5 0.0022241841 3.2367703e-317
157.5 0.00200898 1.2697487e-321
162.5 0.0016307985 6.6215547e-317
167.5 0.0023716729 0
172.5 0.0020982059 0
177.5 0.0018895902 0
182.5 0.0024712521 0
187.5 0.0021184655 5.4340899e+18
192.5 0.0024542101 0
197.5 0.0025211439 3.2650941e-317
