2.5 1.9344362 2.3177863e-310
7.5 0.58135523 0
12.5 0.25112418 0
17.5 0.13445555 0
22.5 0.08727813 0
27.5 0.060430072 0
32.5 0.041359603 0
37.5 0.030833703 6.6223769e-317
42.5 0.022585885 8.9194861e+21
47.5 0.016096243 2.1219958e-314
52.5 0.01539281 0
57.5 0.013859027 2.1005063e-317
62.5 0.010839855 2.1219958e-314
67.5 0.011076466 6.2053855e-317
72.5 0.0096522414 3.2367703e-317
77.5 0.010380138 1.2697487e-321
82.5 0.0080300659 6.6160449e-317
87.5 0.007245886 0
92.5 0.0081247179 0
97.5 0.0072209621 0
102.5 0.0060842902 0
107.5 0.0071728227 4311.1992
112.5 0.0071458791 0
117.5 0.0059471443 6.6164876e-317
122.5 0.0066500011 2.6249708e-320
127.5 0.0065598735 2.1219958e-314
132.5 0.0056970445 0
137.5 0.0060598248 2.1005379e-317
142.5 0.0066883965 2.1219958e-314
147.5 0.005974289 6.2115988e-317
152.5 0.0058913625 3.2367703e-317
157.5 0.0050221358 1.2648081e-321
162.5 0.0042074342 0
167.5 0.0043384248 0
172.5 0.0037052543 0
177.5 0.0049543011 0
182.5 0.0043122462 0
187.5 0.0042283109 5.7748682e+18
192.5 0.0039505668 0
197.5 0.0036513273 2.3178693e-310
