2.5 1.8745464 3.2506595e-317
7.5 0.58109482 0
12.5 0.24998964 0
17.5 0.13356853 0
22.5 0.087983637 0
27.5 0.057115277 0
32.5 0.037100868 0
37.5 0.030614781 2.3178162e-310
42.5 0.023182488 0
47.5 0.017876609 2.1219958e-314
52.5 0.012794712 0
57.5 0.010259637 2.1005379e-317
62.5 0.0095044377 2.1219958e-314
67.5 0.007880284 5.5554006e-317
72.5 0.0067099377 3.2367703e-317
77.5 0.0066691826 2.5345568e-321
82.5 0.0059094932 3.2507859e-317
87.5 0.0057622473 0
92.5 0.006079426 0
97.5 0.0059454913 0
102.5 0.0045632903 0
107.5 0.0038675544 0
112.5 0.0027049648 0
117.5 0.0029755887 2.3178593e-310
122.5 0.0015941757 0
127.5 0.0014866499 2.1219958e-314
132.5 0.0016667602 0
137.5 0.0021547127 2.1004746e-317
142.5 0.0026658917 2.1219958e-314
147.5 0.0029098592 5.4221215e-317
152.5 0.0028848908 3.2367703e-317
157.5 0.0026517926 1.2648081e-321
162.5 0.0016558804 0
167.5 0.0020117038 0
172.5 0.0025351714 0
177.5 0.0020904818 0
182.5 0.0022998156 0
187.5 0.0028844802 0
192.5 0.0018622054 0
197.5 0.0018620155 2.3178129e-310
