2.5 1.9299662 6.6146536e-317
7.5 0.58495947 0
12.5 0.25532058 0
17.5 0.13975676 0
22.5 0.085118541 0
27.5 0.052380074 0
32.5 0.035270556 0
37.5 0.02833867 2.3178792e-310
42.5 0.018084658 1.1423597e+18
47.5 0.01364615 2.1219958e-314
52.5 0.010769781 0
57.5 0.009220491 2.1005695e-317
62.5 0.0044530139 2.1219958e-314
67.5 0.00558174 6.3043251e-317
72.5 0.0044243907 3.2367703e-317
77.5 0.0050128852 2.5345568e-321
82.5 0.0037886135 2.3177863e-310
87.5 0.0053021477 0
92.5 0.0040146393 0
97.5 0.0053218788 0
102.5 0.0044984203 0
107.5 0.0038546595 5124.7422
112.5 0.0032788924 0
117.5 0.0023639965 3.252446e-317
122.5 0.0021640548 2.7746727e-320
127.5 0.0022881515 2.1219958e-314
132.5 0.0023065426 0
137.5 0.0017111776 2.1005063e-317
142.5 0.0021563012 2.1219958e-314
147.5 0.0020195758 6.3036136e-317
152.5 0.0012416294 3.2367703e-317
157.5 0.0016032692 1.2648081e-321
162.5 0.0019615147 0
167.5 0.0015734728 0
172.5 0.0015039853 0
177.5 0.0012290539 0
182.5 0.0016077445 0
187.5 0.0012211799 -7.5142596e+22
192.5 0.00075944777 0
197.5 0.0019886649 2.3178228e-310
