2.5 1.9779419 2.3177863e-310
7.5 0.56229216 0
12.5 0.25430956 0
17.5 0.14165267 0
22.5 0.08970062 0
27.5 0.055775657 0
32.5 0.034139517 0
37.5 0.022935887 2.3178958e-310
42.5 0.016556886 1.305456e+18
47.5 0.014008514 2.1219958e-314
52.5 0.012687829 0
57.5 0.0065321559 2.1004746e-317
62.5 0.0076098024 2.1219958e-314
67.5 0.0029490897 6.234982e-317
72.5 0.0044798482 3.2367703e-317
77.5 0.0032799631 1.2648081e-321
82.5 0.0019721653 0
87.5 0.003782842 0
92.5 0.0038353488 0
97.5 0.0050019957 0
102.5 0.0050867265 0
107.5 0.0058731218 5190.6719
112.5 0.0044216545 0
117.5 0.0029265874 2.3179455e-310
122.5 0.002335279 2.7796133e-320
127.5 0.0022296866 2.1219958e-314
132.5 0.0028962834 0
137.5 0.0028847388 2.1005695e-317
142.5 0.0015307892 2.1219958e-314
147.5 0.0017580731 6.23631e-317
152.5 0.0020433876 3.2367703e-317
157.5 0.0024185051 1.2648081e-321
162.5 0.0016287277 0
167.5 0.0026579182 0
172.5 0.0021930461 0
177.5 0.0028042153 0
182.5 0.0024083246 0
187.5 0.0016456358 -7.7294956e+22
192.5 0.0017055983 0
197.5 0.002717628 6.6229539e-317
