2.5 1.9279722 2.3177863e-310
7.5 0.57536896 3.2513709e-317
12.5 0.25101783 0
17.5 0.14056817 0
22.5 0.088194995 0
27.5 0.055405715 0
32.5 0.03563752 0
37.5 0.024752263 2.3179124e-310
42.5 0.015984387 -4.868702e+22
47.5 0.011825893 2.1219958e-314
52.5 0.013415246 0
57.5 0.006242685 2.1004746e-317
62.5 0.0056770589 2.1219958e-314
67.5 0.0033729516 4.7732749e-317
72.5 0.0042951654 3.2367703e-317
77.5 0.0046119005 1.2648081e-321
82.5 0.0035831108 0
87.5 0.0030052865 0
92.5 0.0030344687 0
97.5 0.0034723016 0
102.5 0.0047472834 0
107.5 0.003338595 32.803467
112.5 0.0029502561 0
117.5 0.0021510008 2.317919e-310
122.5 0.0023937049 3.2513709e-317
127.5 0.0016735086 2.1219958e-314
132.5 9.9291448e-05 0
137.5 0.0016722758 2.1005379e-317
142.5 0.0022897735 2.1219958e-314
147.5 0.001635195 4.7755516e-317
152.5 0.00210223 3.2367703e-317
157.5 0.0011894953 1.2648081e-321
162.5 0.00081290847 0
167.5 0.0013452771 0
172.5 0.00071982195 0
177.5 0.0010644539 0
182.5 0.00089809841 0
187.5 0.0023505995 0
192.5 0.0015497729 0
197.5 0.0020245472 2.3178494e-310
