2.5 1.8850881 0.27445398
7.5 0.57261762 -0.014650668
12.5 0.24858017 -0.095012641
17.5 0.13648979 -0.0631451
22.5 0.090838961 -0.06308829
27.5 0.06185259 -0.050640949
32.5 0.04023856 -0.037627609
37.5 0.029632627 -0.030341189
42.5 0.020700078 -0.028070534
47.5 0.017362108 -0.016203886
52.5 0.014762239 -0.014464493
57.5 0.013183186 -0.0090347397
62.5 0.0090560036 -0.0049920258
67.5 0.0075747826 -0.0084486417
72.5 0.0059857814 -0.0062467633
77.5 0.0058895697 -0.0033248056
82.5 0.0061677925 -0.00068947493
87.5 0.0050026158 0.0016335912
92.5 0.0049131704 -0.0024777575
97.5 0.0045385057 -0.0020421377
102.5 0.0053184766 0.001499253
107.5 0.0038218948 -0.00048531592
112.5 0.0034993041 -0.0012626221
117.5 0.002723505 -0.00026925682
122.5 0.0033540988 -0.001034567
127.5 0.0043490952 9.0039586e-05
132.5 0.0027208271 5.4316838e-05
137.5 0.0032379204 4.9159928e-05
142.5 0.0024163473 0.0029290081
147.5 0.002176348 0.0036794831
152.5 0.003010026 0.002656805
157.5 0.0027091068 0.0021596853
162.5 0.002814651 0.0042097588
167.5 0.0016962972 0.0021685492
172.5 0.0016646453 0.0045316299
177.5 0.0019370462 0.0054955782
182.5 0.0014146629 0.0052688542
187.5 0.0013262078 0.0066250181
192.5 0.001668871 0.0072232346
197.5 0.0017939506 0.0056958902
