2.5 1.9519318 0.09917181
7.5 0.59065857 -0.013060225
12.5 0.25746229 -0.13304604
17.5 0.1455312 -0.083743657
22.5 0.089811509 -0.067791849
27.5 0.058067421 -0.049605566
32.5 0.039928661 -0.041110932
37.5 0.030845299 -0.023196563
42.5 0.021539719 -0.022409941
47.5 0.018262501 -0.017397726
52.5 0.014024504 -0.017189632
57.5 0.012160125 -0.0098792898
62.5 0.0091978924 -0.0079799721
67.5 0.0091710894 -0.0062493021
72.5 0.0093160838 -0.0064444589
77.5 0.006871303 -0.0057879983
82.5 0.0065427697 0.0018010063
87.5 0.0068381998 0.0002024361
92.5 0.0055829113 0.0029716273
97.5 0.007429582 0.00086230575
102.5 0.0064239204 0.0021227551
107.5 0.0063239996 0.0016863571
112.5 0.0059298569 0.0036191484
117.5 0.0060223707 0.0010817873
122.5 0.0053293052 0.0013135544
127.5 0.0045441334 0.0030904443
132.5 0.0051459789 0.0036853357
137.5 0.0041410507 0.0043161756
142.5 0.0050709563 0.0043289218
147.5 0.0056116428 0.0044010112
152.5 0.0053535888 0.0027736285
157.5 0.0051860798 0.0020815235
162.5 0.0049449696 0.0032927105
167.5 0.0049392529 0.0029182549
172.5 0.0042710265 0.0038408077
177.5 0.0062842897 0.0038759028
182.5 0.005068643 0.0031925914
187.5 0.0048775957 0.0013728763
192.5 0.0046615921 0.0043551522
197.5 0.0046891649 0.0027380825
