2.5 1.9654511 3.2506595e-317
7.5 0.57386765 0
12.5 0.24685134 0
17.5 0.13071197 0
22.5 0.082221788 0
27.5 0.054970672 0
32.5 0.039864051 0
37.5 0.029562914 2.3179024e-310
42.5 0.02271439 0
47.5 0.018038871 2.1219958e-314
52.5 0.013359692 0
57.5 0.015786115 2.1005379e-317
62.5 0.012128989 2.1219958e-314
67.5 0.010201574 6.4071065e-317
72.5 0.010328097 3.2367703e-317
77.5 0.0094219434 1.2648081e-321
82.5 0.01004255 0
87.5 0.010857758 0
92.5 0.0086868468 0
97.5 0.0093791245 0
102.5 0.0069280666 0
107.5 0.0057997011 0
112.5 0.0050582567 0
117.5 0.0048178337 2.3179124e-310
122.5 0.0045366867 6.2742523e+19
127.5 0.0038151758 2.1219958e-314
132.5 0.0030959228 0
137.5 0.0052472028 2.1005063e-317
142.5 0.0047093092 2.1219958e-314
147.5 0.0039966581 6.4059682e-317
152.5 0.0044427866 3.2367703e-317
157.5 0.0045310818 1.2648081e-321
162.5 0.0039015774 0
167.5 0.0036207407 0
172.5 0.0034826219 0
177.5 0.0035626541 0
182.5 0.0030478654 0
187.5 0.0038468909 25.256989
192.5 0.0034973558 0
197.5 0.0035771855 2.3178792e-310
