2.5 1.9336386 2.3177863e-310
7.5 0.57616302 0
12.5 0.2471789 0
17.5 0.12940296 0
22.5 0.074956809 0
27.5 0.048295311 0
32.5 0.029828397 0
37.5 0.020172533 2.3178693e-310
42.5 0.01273492 9.3291158e+17
47.5 0.010148912 2.1219958e-314
52.5 0.0069225547 0
57.5 0.0061417474 2.1004746e-317
62.5 0.0044728293 2.1219958e-314
67.5 0.0047834028 5.3365572e-317
72.5 0.00304991 3.2367703e-317
77.5 0.0030638574 1.2697487e-321
82.5 0.0028628962 6.6252227e-317
87.5 0.0024634293 0
92.5 0.0017991185 0
97.5 0.0025483379 0
102.5 0.0025907857 0
107.5 0.0015531023 5105.7891
112.5 0.0028782847 0
117.5 0.0015033501 2.3179124e-310
122.5 0.0012011489 2.8384071e-320
127.5 0.0014422533 2.1219958e-314
132.5 0.00010749061 0
137.5 0.0010501216 2.1004746e-317
142.5 0.00071334829 2.1219958e-314
147.5 0.00046529086 5.3367469e-317
152.5 0.0015065916 3.2367703e-317
157.5 0.0013795657 1.2648081e-321
162.5 0.0011740624 0
167.5 0.00054196837 0
172.5 0.0015492066 0
177.5 -6.8895959e-05 0
182.5 0.00087869796 0
187.5 0.00081299424 -8.304018e+22
192.5 0.00061538064 0
197.5 0.0015346713 2.3179654e-310
