2.5 1.9680687 2.3177863e-310
7.5 0.58819382 0
12.5 0.25802794 0
17.5 0.14688962 0
22.5 0.091395603 0
27.5 0.055716507 0
32.5 0.038535403 0
37.5 0.025055897 2.317793e-310
42.5 0.017973286 1.1417028e+18
47.5 0.013235369 2.1219958e-314
52.5 0.0079201165 0
57.5 0.0074935295 2.1004746e-317
62.5 0.0075132513 2.1219958e-314
67.5 0.0062199639 6.1106197e-317
72.5 0.0040495284 3.2367703e-317
77.5 0.0023659757 1.2648081e-321
82.5 0.0027530254 0
87.5 0.0016549087 0
92.5 0.0018572515 0
97.5 0.0010486879 0
102.5 0.0027202148 0
107.5 0.0026636097 5118.2422
112.5 0.0027624735 0
117.5 0.0031899905 2.317793e-310
122.5 0.0031150439 2.777143e-320
127.5 0.0025252395 2.1219958e-314
132.5 0.0020639826 0
137.5 0.00081817455 2.1004746e-317
142.5 0.0024155007 2.1219958e-314
147.5 0.0012308023 6.1161216e-317
152.5 0.0025492703 3.2367703e-317
157.5 0.0024600746 1.2697487e-321
162.5 0.0021882375 3.2520033e-317
167.5 0.0017067925 0
172.5 0.0019193975 0
177.5 0.0017194679 0
182.5 0.0018193017 0
187.5 0.0011064774 -7.830859e+22
192.5 0.0016487807 0
197.5 0.00067922505 2.3179522e-310
