2.5 1.9394265 0.28261835
7.5 0.56045032 0.025091669
12.5 0.2605781 -0.096667784
17.5 0.14070631 -0.069750787
22.5 0.082802819 -0.046897058
27.5 0.051686985 -0.04513554
32.5 0.035573522 -0.037197588
37.5 0.026311515 -0.024982993
42.5 0.017226984 -0.016431546
47.5 0.01313962 -0.01478239
52.5 0.010540569 -0.012608123
57.5 0.0071020345 -0.0059751489
62.5 0.0070584854 -0.0057882713
67.5 0.0048174662 -0.0079326924
72.5 0.0034494482 -0.0036328156
77.5 0.0029312341 -0.0032491511
82.5 0.00048692436 -0.0018528595
87.5 0.0014543075 0.0030484977
92.5 0.001835648 0.00088859465
97.5 1.6182285e-05 0.0025024642
102.5 0.0011334966 9.6637498e-05
107.5 -9.8478116e-05 0.001810566
112.5 0.00039110454 0.002763384
117.5 0.00067505462 0.0035852966
122.5 0.00082474087 0.0036247936
127.5 4.2934961e-05 0.0022404998
132.5 -0.00087215663 0.00071604059
137.5 -0.00067003989 0.0028277028
142.5 0.00024126088 0.0037819663
147.5 0.00050605556 0.0047271048
152.5 0.00070632972 0.0028863312
157.5 0.00053298988 0.0038339213
162.5 -0.00066448942 0.0013884363
167.5 -0.00060827788 0.003880898
172.5 0.00073313658 0.0045670966
177.5 -0.00056988034 0.0042219239
182.5 -0.00016858203 0.0036872191
187.5 -0.00047319701 0.0040890894
192.5 0.00042784817 0.0015381649
197.5 0.0004405169 0.002344243
