2.5 1.851567 0.20522667
7.5 0.57766579 -0.020791002
12.5 0.24837411 -0.10496915
17.5 0.13418755 -0.083665716
22.5 0.083794849 -0.060306833
27.5 0.054319207 -0.044683112
32.5 0.039856243 -0.026580201
37.5 0.029172608 -0.024896219
42.5 0.022718458 -0.021209277
47.5 0.015442064 -0.013839171
52.5 0.012198525 -0.007063578
57.5 0.011248085 -0.007025967
62.5 0.0085137659 -0.0043295787
67.5 0.0073554326 0.0014742714
72.5 0.0064068668 -0.0002143564
77.5 0.0051071159 0.00050034317
82.5 0.0048216536 -0.0021833896
87.5 0.005103461 -0.0013841671
92.5 0.0043840303 0.0015926042
97.5 0.0038656637 7.5689878e-05
102.5 0.0041321455 0.0040457041
107.5 0.0030659089 0.0026715882
112.5 0.0021948645 0.0019230973
117.5 0.0022277356 -0.0012013298
122.5 0.0028105393 0.00023834885
127.5 0.0027889522 0.00026421526
132.5 0.0019867694 3.0458093e-05
137.5 0.0013687464 0.00052204448
142.5 0.0013765716 0.0024327911
147.5 0.0015959235 0.0023003746
152.5 0.0026789052 0.0028006612
157.5 0.0025355499 0.0018522621
162.5 0.0028938764 0.0014578867
167.5 0.0018238309 0.003464718
172.5 0.0021936045 0.0016377523
177.5 0.0015204979 0.0048442301
182.5 0.0017935475 0.0041933066
187.5 0.0015915371 0.0068400486
192.5 0.0013086066 0.0049484291
197.5 0.00093224458 0.0030511491
