2.5 1.9536485 2.3177863e-310
7.5 0.590792 0
12.5 0.24823687 0
17.5 0.13962349 0
22.5 0.084274837 0
27.5 0.056157518 0
32.5 0.039026131 0
37.5 0.027012342 2.317866e-310
42.5 0.019128735 9.1788349e+21
47.5 0.013936303 2.1219958e-314
52.5 0.011279502 0
57.5 0.008365654 2.1005063e-317
62.5 0.0063178145 2.1219958e-314
67.5 0.0071368738 6.4067271e-317
72.5 0.0052396511 3.2367703e-317
77.5 0.005514235 2.5345568e-321
82.5 0.004894622 3.2594657e-317
87.5 0.0049647261 0
92.5 0.0059463761 0
97.5 0.0057318964 0
102.5 0.005351092 0
107.5 0.0051222162 4254.2812
112.5 0.004398804 0
117.5 0.0043087637 2.3179522e-310
122.5 0.0038188764 2.5770464e-320
127.5 0.0039158607 2.1219958e-314
132.5 0.0040712189 0
137.5 0.003439866 2.1004746e-317
142.5 0.0034705828 2.1219958e-314
147.5 0.0020031646 6.4009406e-317
152.5 0.0024206166 3.2367703e-317
157.5 0.0016432708 1.2697487e-321
162.5 0.0012049557 6.6146536e-317
167.5 0.0021690393 0
172.5 0.0024228592 0
177.5 0.002531408 0
182.5 0.0018472247 0
187.5 0.0029628296 6.4675429e+18
192.5 0.0014754773 0
197.5 0.0017004449 2.3179223e-310
