2.5 1.9361971 2.3177863e-310
7.5 0.56306743 3.2573155e-317
12.5 0.24435168 0
17.5 0.13746785 0
22.5 0.079285525 0
27.5 0.052308111 0
32.5 0.041554787 0
37.5 0.029621164 2.317793e-310
42.5 0.021696529 0
47.5 0.018706569 2.1219958e-314
52.5 0.013317536 0
57.5 0.011965555 2.1005379e-317
62.5 0.009997093 2.1219958e-314
67.5 0.0083461142 6.2614006e-317
72.5 0.0080103302 3.2367703e-317
77.5 0.0082794018 1.2648081e-321
82.5 0.0068025228 0
87.5 0.0066264681 0
92.5 0.0054878109 0
97.5 0.0047961066 0
102.5 0.0050247436 0
107.5 0.0054503149 0
112.5 0.0052954186 0
117.5 0.0045006332 2.3178527e-310
122.5 0.0044277659 3.0690968e+21
127.5 0.0045586737 2.1219958e-314
132.5 0.0032297423 0
137.5 0.0028239051 2.1004746e-317
142.5 0.0035523844 2.1219958e-314
147.5 0.0037547742 6.2605469e-317
152.5 0.003998858 3.2367703e-317
157.5 0.0036891804 7.593789e-321
162.5 0.0044180926 3.2565566e-317
167.5 0.0034358273 0
172.5 0.0041555554 0
177.5 0.0040352859 0
182.5 0.0036075655 0
187.5 0.0038820864 87.482727
192.5 0.0043161918 0
197.5 0.0039226152 2.3178958e-310
