2.5 1.9793064 2.3177863e-310
7.5 0.58431731 6.6164244e-317
12.5 0.25070736 0
17.5 0.14192725 0
22.5 0.086577015 0
27.5 0.060352973 0
32.5 0.039289849 0
37.5 0.027167279 2.3178693e-310
42.5 0.02015805 0
47.5 0.01627245 2.1219958e-314
52.5 0.012524076 0
57.5 0.010804282 2.1004746e-317
62.5 0.011331089 2.1219958e-314
67.5 0.0081931248 6.0507627e-317
72.5 0.0063570469 3.2367703e-317
77.5 0.0057570166 1.2648081e-321
82.5 0.0048876762 0
87.5 0.0058882155 0
92.5 0.0045842527 0
97.5 0.0042514092 0
102.5 0.0034739509 0
107.5 0.0021320232 0
112.5 0.0027478853 0
117.5 0.0013570241 6.6167406e-317
122.5 0.0011464125 0
127.5 0.00056262248 2.1219958e-314
132.5 0.001164866 0
137.5 0.0020116934 2.1005379e-317
142.5 0.00056668099 2.1219958e-314
147.5 -0.00058583949 6.0504307e-317
152.5 6.3229556e-05 3.2367703e-317
157.5 0.0012811081 2.5345568e-321
162.5 -0.00044777035 2.3177863e-310
167.5 0.0011124323 0
172.5 0.001323706 0
177.5 0.00038846852 0
182.5 0.00091287983 0
187.5 0.0010621603 0
192.5 0.001184225 0
197.5 0.0002275277 3.2535843e-317
