0 5 59612.163 4.8360198e-07 2984.3344 2.4210328e-08
5 10 405863.83 3.2925587e-06 9630.2427 7.812507e-08
10 15 1086874.7 8.8172402e-06 20249.116 1.6427038e-07
15 20 2095348.3 1.6998454e-05 37130.163 3.0121739e-07
20 25 3411114.6 2.767257e-05 82485.288 6.6915955e-07
25 30 5015985.7 4.0692041e-05 164715.29 1.3362481e-06
30 35 6896290 5.5945956e-05 279909.61 2.2707588e-06
35 40 9038262.6 7.3322648e-05 435333.76 3.5316328e-06
40 45 11426192 9.2694656e-05 633548.29 5.1396424e-06
45 50 14047550 0.00011396035 872609.42 7.079019e-06
50 55 16889966 0.00013701937 1157380.3 9.389215e-06
55 60 19941485 0.00016177473 1480174.2 1.2007871e-05
60 65 23191890 0.00018814355 1848160.2 1.4993147e-05
65 70 26632191 0.00021605289 2249109.1 1.8245833e-05
70 75 30250604 0.00024540717 2686780 2.1796426e-05
75 80 34038487 0.00027613626 3157429.2 2.5614554e-05
80 85 37987278 0.00030817071 3658480.4 2.9679318e-05
85 90 42085896 0.00034142063 4186403.7 3.3962081e-05
90 95 46324778 0.00037580844 4746130.5 3.8502848e-05
95 100 50695792 0.00041126817 5330548.2 4.324392e-05
100 105 55190199 0.00044772892 5946140.2 4.8237893e-05
105 110 59796786 0.00048509972 6577716.7 5.336154e-05
110 115 64506537 0.00052330744 7239111.5 5.8727086e-05
115 120 69312886 0.00056229881 7911493.8 6.4181768e-05
120 125 74208907 0.00060201764 8606771.4 6.9822188e-05
125 130 79183963 0.00064237765 9319695.4 7.5605763e-05
130 135 84230975 0.00068332139 10034035 8.1400824e-05
135 140 89348205 0.00072483477 10766105 8.733972e-05
140 145 94529352 0.00076686668 11481329 9.3141957e-05
145 150 99771355 0.00080939228 12190179 9.8892476e-05
150 155 1.0506702e+08 0.00085235323 12876146 0.00010445737
155 160 1.1041369e+08 0.00089572792 13541489 0.00010985495
160 165 1.1580611e+08 0.0009394738 14181004 0.00011504299
165 170 1.2123592e+08 0.00098352293 14791689 0.00011999715
170 175 1.2669727e+08 0.001027828 15380816 0.00012477643
175 180 1.3218376e+08 0.001072337 15950330 0.0001293966
180 185 1.3769157e+08 0.001117019 16494043 0.00013380745
185 190 1.4321017e+08 0.0011617884 17004571 0.0001379491
190 195 1.4873946e+08 0.0012066446 17490070 0.00014188769
195 200 1.542717e+08 0.0012515248 17949828 0.00014561746
