0 5 59725.143 4.8331188e-07 2985.2413 2.4157374e-08
5 10 406631.85 3.290574e-06 9659.435 7.8166739e-08
10 15 1088877.7 8.8114908e-06 20380.357 1.6492331e-07
15 20 2099080.9 1.6986326e-05 37476.449 3.0326947e-07
20 25 3416968 2.7651022e-05 83264.288 6.7379695e-07
25 30 5024216 4.0657304e-05 166223.21 1.3451228e-06
30 35 6907059.9 5.5893782e-05 282497.52 2.2860457e-06
35 40 9051657.6 7.3248442e-05 439382.71 3.5556028e-06
40 45 11442189 9.2593264e-05 639413.83 5.1743082e-06
45 50 14066058 0.00011382631 880739.31 7.1271787e-06
50 55 16910825 0.00013684694 1168162.2 9.453082e-06
55 60 19964515 0.00016155821 1494029.5 1.2090087e-05
60 65 23216859 0.00018787705 1865433 1.5095584e-05
65 70 26658832 0.00021573042 2270152.8 1.8370685e-05
70 75 30278613 0.00024502266 2711992.8 2.1946173e-05
75 80 34067519 0.0002756835 3187127 2.5791087e-05
80 85 38016940 0.00030764328 3693021.4 2.9884919e-05
85 90 42115781 0.0003408122 4226214.1 3.4199658e-05
90 95 46354410 0.00037511232 4791573.7 3.87747e-05
95 100 50724686 0.00041047777 5382086.3 4.3553286e-05
100 105 55217816 0.00044683738 6004212.9 4.8587702e-05
105 110 59822553 0.00048410015 6642838.3 5.375563e-05
110 115 64529827 0.00052219267 7311695.8 5.9168203e-05
115 120 69333079 0.00056106188 7992063.2 6.4673919e-05
120 125 74225390 0.00060065177 8695716.9 7.0368074e-05
125 130 79196060 0.00064087576 9417358.1 7.6207788e-05
130 135 84238080 0.00068167714 10140702 8.206128e-05
135 140 89349771 0.00072304232 10881952 8.8059672e-05
140 145 94524805 0.00076492008 11606384 9.3921972e-05
145 150 99760204 0.00080728633 12324536 9.9733454e-05
150 155 1.0504882e+08 0.00085008322 13019650 0.0001053585
155 160 1.10388e+08 0.00089328932 13694017 0.00011081566
160 165 1.1577256e+08 0.00093686262 14342393 0.00011606249
165 170 1.2119408e+08 0.00098073502 14961801 0.00012107491
170 175 1.2664679e+08 0.0010248598 15559514 0.00012591176
175 180 1.3212423e+08 0.0010691847 16137515 0.0001305891
180 185 1.3762265e+08 0.0011136794 16689540 0.00013505623
185 190 1.4313143e+08 0.0011582579 17208419 0.00013925514
190 195 1.4865059e+08 0.0012029204 17702324 0.00014325196
195 200 1.5417233e+08 0.0012476038 18170474 0.00014704035
