0 5 60933.541 4.8308166e-07 3041.2449 2.4111017e-08
5 10 414858 3.2889979e-06 9864.9975 7.8209789e-08
10 15 1110856 8.8068763e-06 20878.658 1.6552619e-07
15 20 2141330 1.6976484e-05 38490.079 3.0514969e-07
20 25 3485536.4 2.7633364e-05 85525.28 6.7804519e-07
25 30 5124688 4.0628572e-05 170693.12 1.3532566e-06
30 35 7044679 5.5850279e-05 290117.5 2.3000541e-06
35 40 9231339.9 7.3186146e-05 451256.57 3.5775661e-06
40 45 11668458 9.250764e-05 656668.55 5.2060741e-06
45 50 14343140 0.00011371254 904553.17 7.1713056e-06
50 55 17242655 0.00013669993 1199746.5 9.511601e-06
55 60 20354784 0.00016137291 1534485.4 1.2165414e-05
60 65 23669024 0.00018764824 1915921 1.5189439e-05
65 70 27176151 0.00021545277 2331616.3 1.8485075e-05
70 75 30864088 0.00024469077 2785486.9 2.2083365e-05
75 80 34723955 0.00027529183 3273560.2 2.5952815e-05
80 85 38746941 0.0003071861 3793293.8 3.0073268e-05
85 90 42921729 0.00034028385 4341225.6 3.4417276e-05
90 95 47238446 0.00037450683 4922255.8 3.9023688e-05
95 100 51688794 0.00040978922 5529332.3 4.3836596e-05
100 105 56263766 0.00044605964 6169014.6 4.8908003e-05
105 110 60951875 0.00048322702 6825977.5 5.4116411e-05
110 115 65743836 0.00052121772 7514114.8 5.957197e-05
115 120 70632973 0.00055997884 8214459.3 6.5124307e-05
120 125 75612246 0.00059945456 8938882.8 7.0867543e-05
125 130 80670699 0.00063955802 9681942.6 7.6758528e-05
130 135 85801257 0.00068023313 10427003 8.266537e-05
135 140 91002268 0.0007214668 11190462 8.8718087e-05
140 145 96267260 0.0007632077 11936820 9.4635216e-05
145 150 1.0159328e+08 0.00080543242 12676870 0.00010050234
150 155 1.0697308e+08 0.00084808351 13393309 0.00010618228
155 160 1.1240398e+08 0.00089113975 14088505 0.0001116938
160 165 1.1788074e+08 0.00093455958 14757081 0.00011699427
165 170 1.2339476e+08 0.0009782748 15396024 0.00012205982
170 175 1.2894022e+08 0.0010222392 16012743 0.00012694917
175 180 1.3451048e+08 0.0010664003 16609295 0.00013167864
180 185 1.4010179e+08 0.0011107282 17179229 0.00013619708
185 190 1.4570326e+08 0.0011551368 17715440 0.00014044817
190 195 1.5131501e+08 0.0011996267 18226268 0.00014449802
195 200 1.5692904e+08 0.0012441348 18710850 0.00014833978
