0 5 61145.34 4.835211e-07 3059.7962 2.4196056e-08
5 10 416301.99 3.2920056e-06 9880.9032 7.8135557e-08
10 15 1114812.8 8.8156433e-06 20795.188 1.6444282e-07
15 20 2149174 1.6995097e-05 38160.235 3.01761e-07
20 25 3498679.2 2.7666626e-05 84776.255 6.703881e-07
25 30 5144645.4 4.0682489e-05 169277.16 1.3385988e-06
30 35 7073030.8 5.5931648e-05 287668.76 2.2748081e-06
35 40 9269702.6 7.3302346e-05 447407.85 3.5379824e-06
40 45 11718524 9.2666974e-05 651112.56 5.1488251e-06
45 50 14406632 0.00011392382 896815.24 7.0917766e-06
50 55 17321326 0.00013697245 1189485.3 9.4061335e-06
55 60 20450345 0.00016171589 1521251.3 1.2029651e-05
60 65 23783198 0.00018807121 1899442.1 1.5020284e-05
65 70 27310661 0.00021596545 2311522.7 1.8278908e-05
70 75 31020642 0.000245303 2761359.4 2.1836096e-05
75 80 34904271 0.0002760137 3245091.4 2.5661321e-05
80 85 38952756 0.00030802804 3760089.2 2.9733786e-05
85 90 43154732 0.00034125616 4302752.4 3.4025023e-05
90 95 47500379 0.00037562038 4878119.6 3.8574873e-05
95 100 51981356 0.00041105475 5478925.7 4.3325889e-05
100 105 56588689 0.00044748832 6111811.6 4.8330583e-05
105 110 61310873 0.0004848301 6761224.9 5.346597e-05
110 115 66138651 0.00052300688 7441320.5 5.8843985e-05
115 120 71065292 0.00056196545 8132822.9 6.4312203e-05
120 125 76083699 0.00060164968 8847904 6.9966874e-05
125 130 81182948 0.00064197319 9581169.1 7.576534e-05
130 135 86355802 0.00068287874 10315964 8.15759e-05
135 140 91600495 0.00072435238 11068983 8.7530578e-05
140 145 96910560 0.00076634296 11804740 9.3348749e-05
145 150 1.0228288e+08 0.00080882584 12533987 9.9115443e-05
150 155 1.077101e+08 0.00085174282 13239734 0.0001046963
155 160 1.1318948e+08 0.00089507233 13924302 0.00011010968
160 165 1.1871567e+08 0.00093877197 14582347 0.00011531333
165 170 1.2428007e+08 0.00098277374 15210798 0.00012028295
170 175 1.2987671e+08 0.0010270305 15817110 0.00012507751
175 180 1.3549902e+08 0.0010714902 16403289 0.00012971285
180 185 1.4114308e+08 0.001116122 16962967 0.00013413864
185 190 1.4679809e+08 0.0011608403 17488636 0.00013829548
190 195 1.5246398e+08 0.0012056447 17988659 0.00014224954
195 200 1.581328e+08 0.0012504721 18462289 0.00014599488
