0 5 61507.152 4.8347112e-07 3077.0755 2.4187059e-08
5 10 418765.15 3.2916637e-06 9941.2746 7.8142444e-08
10 15 1121399.5 8.8146543e-06 20934.396 1.6455283e-07
15 20 2161849.7 1.6993014e-05 38434.046 3.0210717e-07
20 25 3519275.4 2.766293e-05 85386.24 6.7117042e-07
25 30 5174865.5 4.0676538e-05 170486.87 1.3400958e-06
30 35 7114483.5 5.5922721e-05 289728.95 2.2773869e-06
35 40 9323904 7.3289661e-05 450616.22 3.542026e-06
40 45 11786881 9.2649657e-05 655777.02 5.1546729e-06
45 50 14490468 0.00011390094 903248.74 7.0999008e-06
50 55 17421881 0.00013694304 1198018.1 9.4169074e-06
55 60 20568786 0.00016167898 1532175.5 1.204352e-05
60 65 23920626 0.00018802581 1913077.5 1.5037564e-05
65 70 27468118 0.00021591053 2328120.4 1.8299969e-05
70 75 31199097 0.00024523754 2781199.9 2.1861358e-05
75 80 35104635 0.00027593664 3268419.5 2.5691101e-05
80 85 39175883 0.00030793831 3787142.2 2.9768471e-05
85 90 43401411 0.00034115267 4333759.2 3.4065102e-05
90 95 47771331 0.000375502 4913326.5 3.8620736e-05
95 100 52277253 0.00041092037 5518555.6 4.3378081e-05
100 105 56910144 0.00044733677 6156120.4 4.8389599e-05
105 110 61658430 0.00048466022 6810394.6 5.3532459e-05
110 115 66512790 0.00052281747 7495594.9 5.8918411e-05
115 120 71466460 0.00056175532 8192356.7 6.4395241e-05
120 125 76512302 0.00060141767 8912897.3 7.0058982e-05
125 130 81639321 0.00064171812 9651782.9 7.5866922e-05
130 135 86840251 0.00068259954 10392257 8.1687345e-05
135 140 92113327 0.00072404805 11151088 8.7652066e-05
140 145 97452040 0.0007660125 11892565 9.3480375e-05
145 150 1.0285327e+08 0.00080846837 12627512 9.9257358e-05
150 155 1.0830963e+08 0.00085135754 13338799 0.00010484837
155 160 1.1381837e+08 0.00089465847 14028769 0.00011027181
160 165 1.1937411e+08 0.00093832886 14692039 0.00011548538
165 170 1.249682e+08 0.00098230068 15325525 0.00012046483
170 175 1.3059466e+08 0.0010265269 15936725 0.00012526911
175 180 1.3624685e+08 0.0010709554 16527661 0.00012991411
180 185 1.4192086e+08 0.0011155555 17091918 0.0001343494
185 190 1.4760581e+08 0.0011602414 17621982 0.00013851591
190 195 1.5330164e+08 0.001205013 18126267 0.0001424798
195 200 1.5900034e+08 0.0012498071 18604007 0.00014623503
