0 5 60745.912 4.8313282e-07 3032.9074 2.412174e-08
5 10 413580.81 3.2893483e-06 9832.2545 7.8199251e-08
10 15 1107447.7 8.8079068e-06 20794.283 1.6538398e-07
15 20 2134788 1.6978692e-05 38311.883 3.0470738e-07
20 25 3474935.8 2.7637342e-05 85127.253 6.7704588e-07
25 30 5109183.9 4.063507e-05 169908.89 1.351343e-06
30 35 7023484.3 5.586015e-05 288779.17 2.2967586e-06
35 40 9203722.2 7.3200321e-05 449169.77 3.5723993e-06
40 45 11633752 9.252717e-05 653637.58 5.1986011e-06
45 50 14300729 0.00011373855 900367.15 7.160925e-06
50 55 17191973 0.00013673358 1194194.7 9.4978347e-06
55 60 20295300 0.0001614154 1527370.4 1.2147694e-05
60 65 23600248 0.00018770077 1907043.2 1.5167361e-05
65 70 27097624 0.00021551658 2320807.2 1.8458166e-05
70 75 30775392 0.00024476712 2772558 2.2051093e-05
75 80 34624706 0.00027538201 3258351.2 2.5914771e-05
80 85 38636786 0.00030729145 3775642.3 3.0028963e-05
85 90 42800351 0.00034040569 4320963.7 3.4366088e-05
90 95 47105568 0.00037464654 4899215.8 3.8965123e-05
95 100 51544163 0.00040994819 5503344.3 4.3769962e-05
100 105 56107166 0.0004462393 6139895.9 4.8832672e-05
105 110 60783129 0.00048342881 6793570.1 5.4031565e-05
110 115 65562800 0.00052144316 7478245.6 5.9477021e-05
115 120 70439522 0.00056022938 8174982.1 6.5018402e-05
120 125 75406272 0.00059973163 8895648.3 7.0750105e-05
125 130 80452136 0.0006398631 9634826.9 7.6629043e-05
130 135 85570045 0.00068056756 10375938 8.2523351e-05
135 140 90758337 0.0007218318 11135362 8.8563303e-05
140 145 96010562 0.00076360453 11877723 9.4467551e-05
145 150 1.0132376e+08 0.00080586216 12613772 0.0001003216
150 155 1.0669069e+08 0.00084854717 13326308 0.00010598865
155 160 1.1210867e+08 0.00089163827 14017685 0.0001114874
160 165 1.1757249e+08 0.00093509382 14682547 0.00011677527
165 170 1.2307355e+08 0.00097884562 15317887 0.00012182834
170 175 1.2860603e+08 0.0010228474 15931091 0.00012670536
175 180 1.3416335e+08 0.0010670466 16524204 0.0001314226
180 185 1.3974173e+08 0.0011114133 17090808 0.00013592899
185 190 1.4533034e+08 0.0011558614 17623771 0.00014016782
190 195 1.5092926e+08 0.0012003916 18131407 0.00014420522
195 200 1.5653055e+08 0.0012449405 18612870 0.00014803446
