0 5 60948.068 4.8341459e-07 3048.1571 2.4176707e-08
5 10 414958.45 3.2912769e-06 9853.0962 7.8150639e-08
10 15 1111194.9 8.8135335e-06 20762.656 1.646807e-07
15 20 2142151.4 1.6990649e-05 38139.8 3.0250894e-07
20 25 3487164 2.7658726e-05 84734.469 6.7207837e-07
25 30 5127572.4 4.066976e-05 169176.02 1.3418334e-06
30 35 7049355.3 5.5912538e-05 287506.32 2.2803799e-06
35 40 9238406.2 7.3275175e-05 447164.15 3.546719e-06
40 45 11678611 9.262986e-05 650747.89 5.1614601e-06
45 50 14357132 0.00011387477 896331.92 7.10933e-06
50 55 17261293 0.00013690936 1188843.8 9.4294118e-06
55 60 20378872 0.00016163669 1520455.5 1.2059617e-05
60 65 23699402 0.00018797374 1898438.5 1.505762e-05
65 70 27213680 0.00021584753 2310310.1 1.8324414e-05
70 75 30909649 0.00024516241 2759938.3 2.1890676e-05
75 80 34778456 0.00027584817 3243446.8 2.5725664e-05
80 85 38811329 0.00030783523 3758232.1 2.9808725e-05
85 90 42996942 0.00034103376 4300733.2 3.4111617e-05
90 95 47325485 0.00037536595 4875945.5 3.867396e-05
95 100 51788647 0.00041076589 5476669.3 4.3438651e-05
100 105 56377470 0.00044716251 6109511 4.8458086e-05
105 110 61080482 0.00048446484 6759006.8 5.3609615e-05
110 115 65888440 0.00052259955 7439219 5.9004774e-05
115 120 70794644 0.00056151351 8130987.7 6.4491594e-05
120 125 75792026 0.00060115066 8846388.6 7.0165855e-05
125 130 80869683 0.00064142451 9580029.2 7.5984785e-05
130 135 86020431 0.00068227808 10315300 8.1816647e-05
135 140 91242532 0.00072369761 11068790 8.7793015e-05
140 145 96529536 0.00076563191 11805096 9.3633082e-05
145 150 1.0187837e+08 0.00080805662 12534952 9.9422e-05
150 155 1.0728171e+08 0.0008509137 13241341 0.00010502478
155 160 1.1273686e+08 0.00089418166 13926590 0.00011045989
160 165 1.1823849e+08 0.00093781829 14585359 0.00011568497
165 170 1.2377803e+08 0.00098175555 15214598 0.00012067583
170 175 1.2934955e+08 0.0010259465 15821734 0.00012549137
175 180 1.3494648e+08 0.001070339 16408778 0.00013014756
180 185 1.4056495e+08 0.0011149024 16969360 0.00013459387
185 190 1.4619417e+08 0.0011595511 17496080 0.00013877159
190 195 1.5183411e+08 0.0012042847 17997277 0.00014274687
195 200 1.5747683e+08 0.0012490403 18472177 0.00014651358
