0 5 60098.621 4.837354e-07 3010.697 2.423318e-08
5 10 409176.33 3.2934712e-06 9704.2003 7.8109367e-08
10 15 1095768.1 8.8198665e-06 20375.068 1.6399947e-07
15 20 2112548.1 1.7003956e-05 37316.426 3.003609e-07
20 25 3439209.2 2.7682286e-05 82894.96 6.6722374e-07
25 30 5057458 4.0707614e-05 165553.53 1.3325448e-06
30 35 6953539.5 5.5969224e-05 281323.33 2.264379e-06
35 40 9113598.2 7.3355594e-05 437522.29 3.5216286e-06
40 45 11521828 9.2739497e-05 636744.69 5.125175e-06
45 50 14165617 0.00011401942 876990.34 7.0589186e-06
50 55 17032512 0.00013709514 1163191.4 9.3625588e-06
55 60 20110462 0.00016186964 1487577.9 1.1973554e-05
60 65 23389177 0.00018826011 1857416.1 1.4950392e-05
65 70 26859602 0.00021619365 2260362.9 1.8193721e-05
70 75 30509867 0.00024557473 2700192.5 2.1733921e-05
75 80 34331265 0.00027633326 3173162.2 2.5540867e-05
80 85 38315179 0.00030839989 3676654.9 2.9593493e-05
85 90 42450434 0.00034168467 4207080.3 3.3862901e-05
90 95 46727414 0.0003761102 4769440.3 3.8389351e-05
95 100 51137914 0.00041161043 5356517 4.3114748e-05
100 105 55673141 0.00044811459 5974861.5 4.8091819e-05
105 110 60321796 0.00048553174 6609116 5.3196951e-05
110 115 65074804 0.00052378883 7273281 5.8542833e-05
115 120 69925539 0.00056283252 7948311.1 6.3976167e-05
120 125 74867009 0.00060260654 8646276.2 6.9594107e-05
125 130 79888508 0.00064302473 9361901.5 7.5354194e-05
130 135 84982865 0.00068402934 10078834 8.1124801e-05
135 140 90148300 0.00072560606 10813581 8.70388e-05
140 145 95378468 0.00076770382 11531319 9.2815897e-05
145 150 1.0067024e+08 0.00081029747 12242586 9.8540897e-05
150 155 1.0601636e+08 0.00085332848 12930832 0.00010408061
155 160 1.1141411e+08 0.00089677512 13598320 0.00010945324
160 165 1.1685819e+08 0.00094059467 14239817 0.00011461667
165 170 1.2234016e+08 0.00098471919 14852284 0.00011954643
170 175 1.2785411e+08 0.0010291011 15443059 0.00012430159
175 180 1.3339361e+08 0.0010736887 16014087 0.00012889781
180 185 1.3895475e+08 0.0011184505 16559155 0.00013328508
185 190 1.4452696e+08 0.0011633013 17070726 0.00013740272
190 195 1.501101e+08 0.0012082402 17557019 0.00014131691
195 200 1.5569636e+08 0.0012532041 18017347 0.00014502211
