0 5 59800.884 4.8305869e-07 2984.2477 2.4106112e-08
5 10 407146.34 3.2888406e-06 9682.695 7.821473e-08
10 15 1090201.4 8.8064126e-06 20499.657 1.6559182e-07
15 20 2101502.8 1.6975488e-05 37801.645 3.0535356e-07
20 25 3420685.9 2.7631566e-05 83996.513 6.7850578e-07
25 30 5029303.2 4.0625631e-05 167637.37 1.3541386e-06
30 35 6913504.4 5.5845803e-05 284926.27 2.3015732e-06
35 40 9059378.2 7.317971e-05 443184.32 3.5799477e-06
40 45 11451006 9.2498764e-05 644919.2 5.2095187e-06
45 50 14075729 0.00011370071 888373.52 7.1760904e-06
50 55 16921049 0.0001366846 1178286.6 9.5179463e-06
55 60 19974974 0.00016135355 1507044.4 1.2173581e-05
60 65 23227195 0.00018762429 1881656.4 1.5199616e-05
65 70 26668655 0.00021542366 2289919.5 1.8497478e-05
70 75 30287501 0.00024465592 2735680.7 2.2098241e-05
75 80 34075016 0.00027525066 3215033.5 2.597035e-05
80 85 38022550 0.00030713799 3725487.6 3.0093688e-05
85 90 42118996 0.0003402282 4263652.5 3.4440869e-05
90 95 46354660 0.00037444298 4834330.2 3.9050681e-05
95 100 50721399 0.00040971656 5430610.8 4.3867307e-05
100 105 55210370 0.0004459775 6058928.4 4.8942722e-05
105 110 59810298 0.00048313474 6704252.8 5.4155513e-05
110 115 64512067 0.00052111461 7380207.1 5.9615727e-05
115 120 69309126 0.00055986423 8068190.8 6.5173112e-05
120 125 74194570 0.00059932779 8779840.1 7.0921662e-05
125 130 79157641 0.00063941841 9509809.4 7.6818197e-05
130 135 84191403 0.00068008007 10241770 8.2730813e-05
135 140 89294244 0.00072129971 10991801 8.878941e-05
140 145 94459806 0.00076302602 11725055 9.4712472e-05
145 150 99685201 0.00080523564 12452128 0.00010058562
150 155 1.0496332e+08 0.00084787117 13156019 0.00010627149
155 160 1.1029155e+08 0.00089091142 13839053 0.0001117889
160 165 1.1566474e+08 0.00093431488 14495950 0.00011709517
165 170 1.2107444e+08 0.00097801332 15123758 0.00012216647
170 175 1.2651495e+08 0.0010219606 15729745 0.0001270615
175 180 1.3197977e+08 0.0010661042 16315934 0.00013179661
180 185 1.374652e+08 0.0011104143 16875987 0.0001363206
185 190 1.4296056e+08 0.0011548047 17402954 0.00014057732
190 195 1.4846597e+08 0.0011992762 17905020 0.00014463291
195 200 1.539736e+08 0.0012437656 18381331 0.00014848044
