0 5 61402.419 4.8312996e-07 3065.6283 2.4121149e-08
5 10 418050.54 3.2893288e-06 9938.6472 7.8199823e-08
10 15 1119415.7 8.8078495e-06 21020.13 1.6539177e-07
15 20 2157856.7 1.6978569e-05 38729.245 3.0473163e-07
20 25 3512483.6 2.7637121e-05 86054.729 6.7710066e-07
25 30 5164385.7 4.063471e-05 171759.51 1.3514479e-06
30 35 7099362.5 5.5859603e-05 291924.81 2.2969392e-06
35 40 9303145.9 7.3199536e-05 454062.81 3.5726825e-06
40 45 11759415 9.2526089e-05 660757.68 5.1990107e-06
45 50 14455186 0.00011373711 910175.49 7.161494e-06
50 55 17377640 0.00013673172 1207203.9 9.4985893e-06
55 60 20514463 0.00016141305 1544009.9 1.2148665e-05
60 65 23855078 0.00018769787 1927818.6 1.5168571e-05
65 70 27390194 0.00021551306 2346090.5 1.8459641e-05
70 75 31107643 0.00024476291 2802763.6 2.2052862e-05
75 80 34998484 0.00027537704 3293850.1 2.5916856e-05
80 85 39053842 0.00030728564 3816778.5 3.0031391e-05
85 90 43262314 0.00034039897 4368044.5 3.4368894e-05
90 95 47613960 0.00037463884 4952600.9 3.8968333e-05
95 100 52100417 0.00040993943 5563318.4 4.3773614e-05
100 105 56712617 0.0004462294 6206813.8 4.8836801e-05
105 110 61438987 0.0004834177 6867622.8 5.4036216e-05
110 115 66270178 0.00052143074 7559772.3 5.9482226e-05
115 120 71199458 0.00056021558 8264119.2 6.5024208e-05
120 125 76219730 0.00059971637 8992658.7 7.0756543e-05
125 130 81319962 0.0006398463 9739914.3 7.6636142e-05
130 135 86493007 0.00068054914 10489127 8.2531137e-05
135 140 91737188 0.0007218117 11256851 8.857179e-05
140 145 97045985 0.00076358268 12007329 9.4476744e-05
145 150 1.024164e+08 0.00080583851 12751429 0.00010033151
150 155 1.0784113e+08 0.00084852165 13471760 0.00010599926
155 160 1.1331746e+08 0.00089161083 14170702 0.00011149871
160 165 1.1884011e+08 0.00093506441 14842842 0.00011678728
165 170 1.244004e+08 0.0009788142 15485138 0.00012184103
170 175 1.2999245e+08 0.0010228139 16105059 0.00012671873
175 180 1.3560959e+08 0.001067011 16704671 0.00013143663
180 185 1.4124802e+08 0.0011113756 17277486 0.00013594369
185 190 1.4689679e+08 0.0011558216 17816297 0.00014018319
190 195 1.5255597e+08 0.0012003495 18329509 0.00014422128
195 200 1.5821754e+08 0.0012448962 18816266 0.0001480512
