0 5 61556.457 4.8358206e-07 3081.3541 2.4206844e-08
5 10 419101.29 3.2924225e-06 9945.0693 7.8127581e-08
10 15 1122320.1 8.8168473e-06 20915.746 1.6431224e-07
15 20 2163673.7 1.6997629e-05 38359.582 3.0134947e-07
20 25 3522329.8 2.767111e-05 85217.111 6.6945806e-07
25 30 5179500.6 4.0689697e-05 170167.31 1.3368192e-06
30 35 7121064.1 5.5942447e-05 289176.21 2.2717426e-06
35 40 9332803.1 7.3317672e-05 449747.39 3.5331755e-06
40 45 11798488 9.2687875e-05 654522.87 5.1418735e-06
45 50 14505180 0.0001139514 901501.89 7.0821188e-06
50 55 17440101 0.00013700788 1195701.6 9.3933257e-06
55 60 20590907 0.00016176034 1529187.7 1.2013163e-05
60 65 23947045 0.00018812586 1909357.2 1.4999741e-05
65 70 27499230 0.00021603151 2323584 1.8253869e-05
70 75 31235295 0.0002453817 2775752.5 2.1806065e-05
75 80 35146312 0.0002761063 3261991.7 2.5625917e-05
80 85 39223439 0.00030813585 3779644.6 2.9692552e-05
85 90 43455233 0.00034138045 4325071.1 3.3977375e-05
90 95 47831817 0.00037576251 4903358.5 3.8520349e-05
95 100 52344793 0.00041121605 5507169.9 4.3263837e-05
100 105 56985135 0.00044767016 6143197.7 4.8260416e-05
105 110 61741264 0.00048503389 6795763.6 5.3386915e-05
110 115 66603867 0.00052323406 7479144.1 5.8755492e-05
115 120 71566165 0.00056221743 8173904 6.4213464e-05
120 125 76621007 0.00060192783 8892329.1 6.9857348e-05
125 130 81757408 0.00064227893 9628996.6 7.5644542e-05
130 135 86968061 0.00068321336 10367145 8.144337e-05
135 140 92251178 0.00072471706 11123611 8.7386102e-05
140 145 97600250 0.00076673889 11862687 9.3192212e-05
145 150 1.0301212e+08 0.00080925408 12595186 9.8946663e-05
150 155 1.0847937e+08 0.00085220431 13304050 0.00010451544
155 160 1.1399925e+08 0.00089556798 13991611 0.00010991686
160 165 1.1956635e+08 0.0009393026 14652494 0.00011510869
165 170 1.2517201e+08 0.00098334018 15283601 0.00012006661
170 175 1.3081022e+08 0.0010276335 15892441 0.00012484961
175 180 1.3647436e+08 0.0010721305 16481024 0.00012947346
180 185 1.4216049e+08 0.0011168002 17042956 0.00013388795
185 190 1.4785773e+08 0.0011615572 17570627 0.00013803329
190 195 1.5356599e+08 0.0012064008 18072460 0.00014197564
195 200 1.5927727e+08 0.0012512681 18547714 0.0001457092
