0 5 61023.053 4.8370959e-07 3056.6208 2.4228823e-08
5 10 415470.15 3.2932947e-06 9854.3602 7.8112259e-08
10 15 1112618.5 8.8193593e-06 20696.035 1.6405063e-07
15 20 2145023.8 1.7002895e-05 37912.882 3.005229e-07
20 25 3492061.1 2.7680415e-05 84220.727 6.6758989e-07
25 30 5135147.5 4.0704619e-05 168197.39 1.3332452e-06
30 35 7060311.1 5.5964755e-05 285818.09 2.2655856e-06
35 40 9253479 7.3349272e-05 444514.64 3.5235208e-06
40 45 11698595 9.27309e-05 646918.75 5.1279113e-06
45 50 14382851 0.00011400811 891007.27 7.0627204e-06
50 55 17293597 0.00013708063 1181782.6 9.3676006e-06
55 60 20418598 0.00016185148 1511359.2 1.1980045e-05
60 65 23747403 0.00018823782 1887107.5 1.4958478e-05
65 70 27270815 0.00021616675 2296497.5 1.8203578e-05
70 75 30976781 0.00024554271 2743364.4 2.1745744e-05
75 80 34856458 0.00027629563 3223901.7 2.5554804e-05
80 85 38901095 0.00030835613 3735456.1 2.9609727e-05
85 90 43099344 0.00034163427 4274387.8 3.3881661e-05
90 95 47441438 0.00037605261 4845770.1 3.841082e-05
95 100 51919045 0.00041154513 5442283.2 4.3139182e-05
100 105 56523235 0.00044804102 6070575.9 4.8119451e-05
105 110 61242534 0.00048544935 6715062.9 5.3228086e-05
110 115 66067725 0.00052369704 7389949.4 5.8577689e-05
115 120 70992080 0.00056273078 8075909 6.4015064e-05
120 125 76008502 0.0006024943 8785184.7 6.9637258e-05
125 130 81106117 0.00064290141 9512417.1 7.540179e-05
130 135 86277650 0.00068389444 10241000 8.1177025e-05
135 140 91521299 0.00072545911 10987683 8.7095736e-05
140 145 96830620 0.00076754435 11717101 9.2877591e-05
145 150 1.0220245e+08 0.00081012506 12439956 9.8607422e-05
150 155 1.076294e+08 0.00085314274 13139427 0.0001041519
155 160 1.1310875e+08 0.0008965757 13817815 0.00010952925
160 165 1.186351e+08 0.00094038124 14469802 0.00011469734
165 170 1.2419988e+08 0.00098449143 15092305 0.00011963172
170 175 1.297971e+08 0.0010288588 15692776 0.00012439145
175 180 1.3542022e+08 0.0010734314 16273190 0.0001289922
180 185 1.4106529e+08 0.001118178 16827235 0.00013338394
185 190 1.4672156e+08 0.0011630134 17347275 0.00013750612
190 195 1.523889e+08 0.0012079365 17841658 0.00014142493
195 200 1.5805938e+08 0.0012528845 18309679 0.00014513478
