0 5 60152.755 4.8295637e-07 2999.6245 2.4083482e-08
5 10 409541.46 3.2881397e-06 9744.6966 7.8238534e-08
10 15 1096590.1 8.8043375e-06 20662.956 1.6589941e-07
15 20 2113758.4 1.6971012e-05 38150.878 3.06307e-07
20 25 3440532.4 2.7623457e-05 84776.924 6.806597e-07
25 30 5058309.3 4.0612317e-05 169173.3 1.3582641e-06
30 35 6953126.6 5.5825487e-05 287548.35 2.3086774e-06
35 40 9110967.6 7.315043e-05 447273.69 3.5910854e-06
40 45 11515784 9.2458294e-05 650857.83 5.2256283e-06
45 50 14154821 0.00011364669 896577.07 7.1984669e-06
50 55 17015489 0.0001366145 1189166.8 9.547621e-06
55 60 20085722 0.00016126489 1520990.4 1.2211777e-05
60 65 23355139 0.00018751449 1899056.7 1.5247207e-05
65 70 26814621 0.00021529009 2311105.9 1.8555482e-05
70 75 30452237 0.0002444959 2761024.7 2.2167804e-05
75 80 34259209 0.00027506144 3244849.5 2.6052352e-05
80 85 38226820 0.00030691672 3760096.5 3.0189184e-05
85 90 42343903 0.00033997209 4303389.9 3.4551195e-05
90 95 46600681 0.00037414905 4879526.7 3.9176901e-05
95 100 50988967 0.00040938186 5481608 4.4010911e-05
100 105 55499850 0.00044559898 6116089.6 4.9105057e-05
105 110 60121982 0.0004827093 6767900.6 5.4338338e-05
110 115 64846175 0.00052063906 7450686 5.9820307e-05
115 120 69665851 0.00055933543 8145802 6.5401277e-05
120 125 74574071 0.00059874271 8864882.6 7.1174654e-05
125 130 79559996 0.00063877386 9602532.4 7.7097121e-05
130 135 84616686 0.00067937318 10342315 8.3036715e-05
135 140 89742549 0.00072052787 11100342 8.9122781e-05
140 145 94931184 0.00076218655 11841518 9.5073564e-05
145 150 1.0017972e+08 0.0008043262 12576528 0.00010097483
150 155 1.0548105e+08 0.00084688964 13288166 0.00010668846
155 160 1.1083253e+08 0.00088985577 13978787 0.00011223334
160 165 1.1622902e+08 0.0009331833 14643066 0.00011756672
165 170 1.2166202e+08 0.00097680395 15278045 0.00012266486
170 175 1.2712582e+08 0.0010206719 15891029 0.00012758641
175 180 1.3261384e+08 0.0010647343 16484072 0.00013234785
180 185 1.3812244e+08 0.0011089619 17050767 0.00013689775
185 190 1.4364082e+08 0.0011532681 17584228 0.00014118082
190 195 1.4916915e+08 0.0011976541 18092690 0.00014526317
195 200 1.5469954e+08 0.0012420566 18575259 0.00014913764
