0 5 60529.386 4.831778e-07 3022.9697 2.4130955e-08
5 10 412106.84 3.2896563e-06 9795.1969 7.819048e-08
10 15 1103510.7 8.8088104e-06 20703.093 1.6526312e-07
15 20 2127222.5 1.6980623e-05 38124.605 3.0433091e-07
20 25 3462662 2.7640813e-05 84709.367 6.7619529e-07
25 30 5091207 4.0640727e-05 169083.46 1.3497143e-06
30 35 6998872.3 5.5868727e-05 287371.66 2.2939536e-06
35 40 9171602.5 7.3212617e-05 446976.13 3.5680016e-06
40 45 11593324 9.2544088e-05 650450.27 5.1922406e-06
45 50 14251247 0.00011376104 895967.45 7.1520895e-06
50 55 17132743 0.00013676268 1188359.4 9.4861175e-06
55 60 20225672 0.00016145209 1519895 1.2132612e-05
60 65 23519616 0.0001877461 1897714.5 1.5148568e-05
65 70 27005417 0.00021557162 2309450.2 1.8435262e-05
70 75 30671085 0.00024483294 2758976.9 2.2023623e-05
75 80 34507809 0.00027545972 3242378.1 2.5882389e-05
80 85 38506848 0.00030738218 3757109.7 2.9991251e-05
85 90 42656959 0.00034051057 4299702.6 3.4322516e-05
90 95 46948354 0.00037476677 4875053.2 3.8915271e-05
95 100 51372786 0.00041008495 5476111.5 4.371324e-05
100 105 55921325 0.00044639381 6109407.5 4.8768545e-05
105 110 60582565 0.00048360231 6759676.1 5.3959336e-05
110 115 65347296 0.00052163693 7440769.7 5.9396188e-05
115 120 70208878 0.00056044467 8133789.2 6.4928238e-05
120 125 75160312 0.00059996965 8850589.3 7.0650118e-05
125 130 80190731 0.00064012513 9585779.1 7.6518796e-05
130 135 85293072 0.00068085474 10322842 8.2402427e-05
135 140 90465672 0.00072214518 11078127 8.8431509e-05
140 145 95702104 0.00076394518 11816398 9.4324785e-05
145 150 1.009994e+08 0.00080623102 12548361 0.0001001677
150 155 1.0635034e+08 0.00084894507 13256915 0.00010582376
155 160 1.1175226e+08 0.00089206604 13944401 0.00011131163
160 165 1.1719992e+08 0.00093555216 14605487 0.00011658878
165 170 1.2268478e+08 0.00097933529 15237171 0.00012163122
170 175 1.2820104e+08 0.001023369 15846817 0.00012649773
175 180 1.3374212e+08 0.0010676009 16436454 0.00013120453
180 185 1.3930427e+08 0.0011120009 16999700 0.00013570066
185 190 1.4487668e+08 0.0011564828 17529406 0.00013992906
190 195 1.5045943e+08 0.0012010474 18033856 0.00014395585
195 200 1.5604461e+08 0.0012456312 18512221 0.00014777441
