0 5 60634.636 4.8330764e-07 3030.6251 2.4156561e-08
5 10 412824.02 3.2905451e-06 9806.7025 7.8167439e-08
10 15 1105458.3 8.8114064e-06 20692.183 1.6493363e-07
15 20 2131041.9 1.6986147e-05 38051.521 3.0330175e-07
20 25 3468991.8 2.7650702e-05 84542.125 6.7386988e-07
25 30 5100704.4 4.0656786e-05 168773.45 1.3452624e-06
30 35 7012204 5.5893001e-05 286832.06 2.2862861e-06
35 40 9189436.8 7.3247327e-05 446124.83 3.5559798e-06
40 45 11616341 9.2591737e-05 649224.9 5.1748534e-06
45 50 14280127 0.00011382429 894254.05 7.1279361e-06
50 55 17168166 0.00013684432 1186087.4 9.4540864e-06
55 60 20268299 0.00016155492 1516956 1.209138e-05
60 65 23570103 0.000187873 1894058.5 1.5097195e-05
65 70 27064413 0.00021572551 2304989.1 1.8372649e-05
70 75 30739229 0.0002450168 2753610.5 2.1948528e-05
75 80 34585734 0.00027567659 3236037.2 2.5793863e-05
80 85 38595189 0.00030763522 3749697.1 2.9888153e-05
85 90 42756327 0.0003408029 4291077.1 3.4203394e-05
90 95 47059370 0.00037510167 4865118.6 3.8778974e-05
95 100 51496053 0.00041046566 5464702.8 4.355815e-05
100 105 56057449 0.00044682372 6096388.3 4.8593201e-05
105 110 60732139 0.00048408482 6744831.6 5.3761825e-05
110 115 65510914 0.00052217557 7423973 5.9175137e-05
115 120 70387116 0.00056104288 8114807.7 6.4681654e-05
120 125 75353721 0.00060063079 8829288.7 7.0376652e-05
125 130 80399865 0.00064085268 9562036 7.6217248e-05
130 135 85518433 0.00068165185 10296516 8.2071657e-05
135 140 90707723 0.00072301474 11049178 8.8070983e-05
140 145 95961309 0.00076489012 11784766 9.3934226e-05
145 150 1.0127617e+08 0.00080725391 12513981 9.9746665e-05
150 155 1.0664505e+08 0.00085004825 13219804 0.00010537265
155 160 1.1206526e+08 0.00089325175 13904564 0.00011083075
160 165 1.1753152e+08 0.00093682237 14562935 0.00011607851
165 170 1.2303531e+08 0.00098069204 15191896 0.00012109184
170 175 1.2857075e+08 0.001024814 15798829 0.00012592959
175 180 1.3413129e+08 0.0010691361 16385750 0.00013060783
180 185 1.3971313e+08 0.0011136279 16946297 0.00013507584
185 190 1.4530547e+08 0.0011582035 17473194 0.00013927565
190 195 1.5090835e+08 0.001202863 17974740 0.00014327338
195 200 1.5651384e+08 0.0012475433 18450138 0.00014706269
