0 5 60090.567 4.8311941e-07 2999.9245 2.4118956e-08
5 10 409118.91 3.2892565e-06 9726.7871 7.8201953e-08
10 15 1095497.1 8.8076371e-06 20575.091 1.6542073e-07
15 20 2111744 1.6978115e-05 37913.842 3.0482177e-07
20 25 3437413.3 2.7636303e-05 84243.356 6.7730432e-07
25 30 5053993.8 4.0633375e-05 168142.08 1.3518378e-06
30 35 6947585.5 5.5857576e-05 285777.67 2.2976108e-06
35 40 9104222.8 7.3196627e-05 444502.51 3.5737355e-06
40 45 11507930 9.2522083e-05 646844.26 5.2005337e-06
45 50 14145999 0.00011373178 891012.34 7.1636096e-06
50 55 17005883 0.00013672483 1181786.9 9.5013948e-06
55 60 20075531 0.00016140434 1511504.5 1.2152277e-05
60 65 23344590 0.00018768711 1887232 1.517307e-05
65 70 26803967 0.00021549999 2296698.9 1.8465125e-05
70 75 30441754 0.00024474727 2743761 2.2059439e-05
75 80 34249199 0.00027535858 3224512.3 2.592461e-05
80 85 38217616 0.00030726407 3736438.4 3.0040421e-05
85 90 42335846 0.00034037404 4276113 3.4379326e-05
90 95 46594158 0.00037461025 4848379.9 3.8980269e-05
95 100 50984369 0.0004099069 5446267.1 4.3787195e-05
100 105 55497602 0.00044619265 6076248.6 4.8852154e-05
105 110 60122533 0.00048337642 6723194.9 5.4053508e-05
110 115 64850008 0.00052138463 7400827.7 5.9501578e-05
115 120 69673443 0.00056016434 8090419.2 6.5045793e-05
120 125 74585891 0.00059965971 8803701.5 7.0780479e-05
125 130 79576554 0.00063978391 9535313.6 7.6662534e-05
130 135 84638443 0.00068048076 10268853 8.2560084e-05
135 140 89769918 0.00072173708 11020515 8.8603338e-05
140 145 94964599 0.00076350155 11755302 9.4510919e-05
145 150 1.0021956e+08 0.00080575065 12483852 0.00010036835
150 155 1.0552764e+08 0.00084842687 13189135 0.00010603873
155 160 1.108862e+08 0.00089150893 13873483 0.00011154079
160 165 1.1629007e+08 0.00093495522 14531596 0.00011683192
165 170 1.2173075e+08 0.00097869753 15160501 0.00012188822
170 175 1.272025e+08 0.0010226896 15767503 0.00012676843
175 180 1.3269878e+08 0.0010668789 16354628 0.00013148883
180 185 1.3821589e+08 0.0011112356 16915522 0.00013599834
185 190 1.4374308e+08 0.0011556735 17443144 0.00014024034
190 195 1.4928046e+08 0.0012001932 17945718 0.00014428096
195 200 1.5482016e+08 0.0012447315 18422403 0.00014811344
