0 5 61057.144 4.832802e-07 3051.2465 2.4151261e-08
5 10 415700.49 3.2903572e-06 9876.1799 7.8172051e-08
10 15 1113155.3 8.8108591e-06 20846.073 1.6500107e-07
15 20 2145866.3 1.6984985e-05 38345.502 3.0351275e-07
20 25 3493100.2 2.7648626e-05 85196.293 6.7434666e-07
25 30 5136113.3 4.0653422e-05 170074.44 1.3461751e-06
30 35 7060825.4 5.5887925e-05 289045.74 2.2878581e-06
35 40 9253079.4 7.3240079e-05 449570.37 3.5584445e-06
40 45 11696693 9.2581799e-05 654236.24 5.1784181e-06
45 50 14378784 0.00011381111 901162.06 7.1328881e-06
50 55 17286630 0.00013682733 1195249.6 9.4606535e-06
55 60 20407988 0.00016153354 1528681.1 1.2099834e-05
60 65 23732358 0.00018784663 1908695.5 1.5107728e-05
65 70 27250510 0.00021569355 2322804.2 1.8385486e-05
70 75 30950359 0.00024497863 2774900.6 2.1963924e-05
75 80 34823024 0.00027563159 3261064.3 2.5812013e-05
80 85 38859701 0.00030758274 3778710.4 2.9909291e-05
85 90 43049045 0.00034074229 4324308.8 3.4227818e-05
90 95 47381207 0.00037503226 4902828.1 3.880692e-05
95 100 51847862 0.00041038678 5507111.4 4.358995e-05
100 105 56440019 0.00044673467 6143759.6 4.8629155e-05
105 110 61146176 0.00048398491 6797332.9 5.3802326e-05
110 115 65957059 0.00052206406 7481855.5 5.9220467e-05
115 120 70865963 0.00056091907 8178205.2 6.4732222e-05
120 125 75865819 0.00060049398 8898402.4 7.0432735e-05
125 130 80945681 0.00064070217 9637025.3 7.6279092e-05
130 135 86098394 0.00068148698 10377423 8.2139497e-05
135 140 91322252 0.00072283492 11136143 8.8144928e-05
140 145 96610781 0.00076469474 11877678 9.4014333e-05
145 150 1.0196095e+08 0.00080704244 12612806 9.9833025e-05
150 155 1.0736545e+08 0.00084982022 13324368 0.00010546518
155 160 1.1282159e+08 0.00089300669 14014710 0.00011092939
160 165 1.1832405e+08 0.00093655988 14678468 0.00011618318
165 170 1.2386425e+08 0.0009804117 15312602 0.00012120248
170 175 1.2943628e+08 0.0010245155 15924545 0.00012604614
175 180 1.3503353e+08 0.001068819 16516330 0.00013073024
180 185 1.4065219e+08 0.0011132918 17081543 0.00013520402
185 190 1.4628139e+08 0.0011578481 17612884 0.0001394097
190 195 1.5192115e+08 0.001202488 18118707 0.00014341339
195 200 1.5756351e+08 0.0012471484 18598203 0.0001472087
