0 5 61058.253 4.8307693e-07 3047.3722 2.4110012e-08
5 10 415707.06 3.2889656e-06 9885.412 7.8210795e-08
10 15 1113128.4 8.8067809e-06 20923.291 1.6553961e-07
15 20 2145707.8 1.6976279e-05 38574.503 3.0519138e-07
20 25 3492657.7 2.7632994e-05 85713.067 6.7813938e-07
25 30 5135150.5 4.0627968e-05 171066.94 1.3534369e-06
30 35 7059050.2 5.584936e-05 290753.39 2.3003648e-06
35 40 9250157.2 7.3184825e-05 452246.13 3.5780532e-06
40 45 11692224 9.2505818e-05 658108.02 5.2067785e-06
45 50 14372330 0.00011371012 906537.05 7.1722841e-06
50 55 17277717 0.00013669678 1202377.8 9.5128986e-06
55 60 20396142 0.00016136894 1537852.1 1.2167084e-05
60 65 23717079 0.00018764332 1920124.2 1.519152e-05
65 70 27231284 0.0002154468 2336731.8 1.8487611e-05
70 75 30926657 0.00024468362 2791599.8 2.2086407e-05
75 80 34794298 0.00027528339 3280745.5 2.5956401e-05
80 85 38825377 0.00030717623 3801622.5 3.0077444e-05
85 90 43008556 0.00034027245 4350763.2 3.4422101e-05
90 95 47333938 0.00037449374 4933076.1 3.9029208e-05
95 100 51793209 0.00040977433 5541497.2 4.3842877e-05
100 105 56377345 0.00044604281 6182598.5 4.8915103e-05
105 110 61074833 0.00048320811 6841025.8 5.4124407e-05
110 115 65876368 0.0005211966 7530698.6 5.9580918e-05
115 120 70775261 0.00055995536 8232613.8 6.5134288e-05
120 125 75764459 0.00059942859 8958664.5 7.0878611e-05
125 130 80832983 0.00063952942 9703395.9 7.6770731e-05
130 135 85973743 0.00068020178 10450137 8.2678754e-05
135 140 91185088 0.00072143257 11215319 8.8732673e-05
140 145 96460529 0.00076317048 11963365 9.4651016e-05
145 150 1.0179711e+08 0.00080539211 12705092 0.00010051937
150 155 1.0718757e+08 0.00084804001 13423159 0.00010620052
155 160 1.1262922e+08 0.00089109298 14119937 0.00011171325
160 165 1.1811683e+08 0.00093450946 14790037 0.00011701491
165 170 1.2364176e+08 0.00097822125 15430443 0.00012208163
170 175 1.2919817e+08 0.0010221822 16048577 0.00012697214
175 180 1.3477943e+08 0.0010663396 16646502 0.00013170277
180 185 1.4038178e+08 0.001110664 17217751 0.00013622234
185 190 1.4599431e+08 0.0011550688 17755210 0.00014047458
190 195 1.5161711e+08 0.0011995549 18267237 0.00014452561
195 200 1.5724221e+08 0.0012440592 18752965 0.00014836855
