0 5 59993.751 4.8302284e-07 2993.1285 2.4098334e-08
5 10 408459.26 3.2885951e-06 9715.6369 7.8222723e-08
10 15 1093708.6 8.8056874e-06 20580.317 1.6569664e-07
15 20 2108243.1 1.6973927e-05 37966.78 3.0567887e-07
20 25 3431622.4 2.7628744e-05 84364.948 6.792407e-07
25 30 5045323.6 4.0621006e-05 168365.32 1.3555461e-06
30 35 6935441.2 5.5838757e-05 286167.47 2.303997e-06
35 40 9088011.1 7.316957e-05 445118.64 3.5837478e-06
40 45 11487051 9.2484763e-05 647729.85 5.2150151e-06
45 50 14119854 0.00011368204 892253.06 7.183725e-06
50 55 16973876 0.00013666039 1183432.1 9.528071e-06
55 60 20037084 0.00016132296 1513635.7 1.2186613e-05
60 65 23299132 0.00018758642 1889881.9 1.5215854e-05
65 70 26750932 0.00021537762 2299933.4 1.8517268e-05
70 75 30380589 0.00024460079 2747655.3 2.2121975e-05
75 80 34179356 0.00027518549 3229117 2.5998329e-05
80 85 38138547 0.0003070618 3741827.2 3.0126271e-05
85 90 42247023 0.00034014005 4282396.5 3.4478513e-05
90 95 46495050 0.00037434184 4855630.8 3.9093748e-05
95 100 50874459 0.00040960142 5454615.8 4.3916307e-05
100 105 55376373 0.00044584732 6085800.5 4.8998115e-05
105 110 59989480 0.00048298846 6734122.8 5.4217899e-05
110 115 64704626 0.00052095113 7413229.8 5.9685539e-05
115 120 69515245 0.00055968248 8104483.6 6.5250974e-05
120 125 74414410 0.00059912673 8819533.6 7.1007999e-05
125 130 79391324 0.00063919695 9553011 7.6913386e-05
130 135 84439041 0.00067983723 10288530 8.2835212e-05
135 140 89555952 0.0007210346 11042202 8.8903185e-05
140 145 94735678 0.00076273772 11779050 9.4835711e-05
145 150 99975335 0.00080492335 12509715 0.00010071846
150 155 1.052678e+08 0.00084753417 13217104 0.00010641381
155 160 1.1061045e+08 0.000890549 13903558 0.00011194059
160 165 1.1599814e+08 0.00093392643 14563772 0.00011725612
165 170 1.2142238e+08 0.00097759821 15194790 0.00012233658
170 175 1.2687746e+08 0.0010215183 15803900 0.00012724067
175 180 1.3235685e+08 0.0010656341 16393141 0.00013198477
180 185 1.3785687e+08 0.0011099159 16956140 0.0001365176
185 190 1.4336679e+08 0.0011542774 17485964 0.00014078333
190 195 1.4888672e+08 0.0011987196 17990822 0.00014484805
195 200 1.5440882e+08 0.0012431793 18469847 0.00014870479
