0 5 60035.623 4.8316527e-07 2998.0713 2.4128406e-08
5 10 408745.06 3.2895705e-06 9715.8438 7.819288e-08
10 15 1094506.1 8.8085589e-06 20538.88 1.6529642e-07
15 20 2109857.9 1.6980086e-05 37827.484 3.0443469e-07
20 25 3434384.9 2.7639848e-05 84049.674 6.7642978e-07
25 30 5049611.8 4.0639156e-05 167764.32 1.3501633e-06
30 35 6941663.9 5.5866346e-05 285130.92 2.2947269e-06
35 40 9096598.1 7.3209206e-05 443492.11 3.5692139e-06
40 45 11498468 9.2539396e-05 645378.89 5.193994e-06
45 50 14134585 0.00011375481 888984.39 7.1545252e-06
50 55 16992423 0.00013675462 1179097.4 9.4893476e-06
55 60 20059941 0.00016144193 1508052.3 1.2136769e-05
60 65 23326802 0.00018773355 1882926.6 1.5153749e-05
65 70 26783924 0.00021555638 2291455.1 1.8441576e-05
70 75 30419414 0.00024481472 2737482.7 2.2031196e-05
75 80 34224531 0.00027543821 3217121.3 2.5891316e-05
80 85 38190603 0.00030735707 3727849.9 3.0001647e-05
85 90 42306481 0.00034048155 4266231.3 3.4334528e-05
90 95 46562452 0.00037473351 4837118.5 3.8929014e-05
95 100 50950339 0.00041004711 5433524.6 4.3728877e-05
100 105 55461281 0.00044635107 6061924.4 4.8786224e-05
105 110 60083965 0.00048355432 6707182.9 5.3979248e-05
110 115 64809254 0.00052158334 7383032.8 5.9418473e-05
115 120 69630565 0.00056038513 8070736.6 6.4953096e-05
120 125 74540954 0.00059990383 8782044.4 7.0677685e-05
125 130 79529643 0.00064005268 9511607.5 7.6549191e-05
130 135 84589631 0.00068077534 10243043 8.2435766e-05
135 140 89719269 0.00072205854 10992558 8.8467846e-05
140 145 94912184 0.000763851 11725202 9.4364147e-05
145 150 1.0016544e+08 0.00080612905 12451594 0.00010021013
150 155 1.0547187e+08 0.00084883508 13154763 0.00010586922
155 160 1.1082883e+08 0.0008919478 13837031 0.0001113601
160 165 1.1623114e+08 0.00093542548 14493109 0.0001166402
165 170 1.2167033e+08 0.00097919995 15120021 0.00012168557
170 175 1.2714064e+08 0.0010232248 15725069 0.00012655498
175 180 1.3263554e+08 0.0010674477 16310269 0.00013126466
180 185 1.3815131e+08 0.0011118385 16869286 0.00013576362
185 190 1.4367725e+08 0.0011563111 17395043 0.00013999489
190 195 1.4921343e+08 0.0012008661 17895755 0.00014402461
195 200 1.5475199e+08 0.0012454404 18370595 0.00014784611
