0 5 61738.095 4.835171e-07 3089.3928 2.4195341e-08
5 10 420337.7 3.2919782e-06 9976.8421 7.8136096e-08
10 15 1125619.2 8.8155642e-06 20998.066 1.6445152e-07
15 20 2170005.3 1.6994931e-05 38533.986 3.017884e-07
20 25 3532587.7 2.766633e-05 85606.71 6.7045004e-07
25 30 5194501 4.0682014e-05 170934.71 1.3387173e-06
30 35 7141566.4 5.5930936e-05 290485.95 2.2750123e-06
35 40 9359513.4 7.3301335e-05 451789.73 3.5383025e-06
40 45 11832047 9.2665594e-05 657489.13 5.1492881e-06
45 50 14546181 0.000113922 905598.77 7.0924198e-06
50 55 17489088 0.0001369701 1201135.2 9.4069864e-06
55 60 20648390 0.00016171295 1536151.5 1.2030749e-05
60 65 24013495 0.0001880676 1918046.2 1.5021652e-05
65 70 27575086 0.00021596108 2334163.3 1.8280575e-05
70 75 31320957 0.00024529779 2788407 2.1838096e-05
75 80 35242149 0.00027600757 3276878.1 2.5663678e-05
80 85 39329786 0.00030802091 3796922.3 2.9736532e-05
85 90 43572393 0.00034124793 4344905.3 3.4028196e-05
90 95 47960053 0.00037561097 4925913.4 3.8578504e-05
95 100 52484345 0.00041104407 5532612.9 4.3330021e-05
100 105 57136206 0.00044747627 6171708.4 4.8335255e-05
105 110 61904022 0.0004848166 6827498.2 5.3471234e-05
110 115 66778443 0.00052299183 7514272.7 5.8849878e-05
115 120 71752676 0.00056194875 8212571.5 6.4318777e-05
120 125 76819552 0.00060163124 8934682.5 6.9974167e-05
125 130 81968044 0.00064195293 9675157.9 7.5773382e-05
130 135 87190843 0.00068285656 10417182 8.1584724e-05
135 140 92486168 0.00072432821 11177609 8.7540197e-05
140 145 97847489 0.00076631671 11920607 9.3359171e-05
145 150 1.0327166e+08 0.00080879745 12657034 9.9126679e-05
150 155 1.0875125e+08 0.00085171222 13369730 0.00010470834
155 160 1.1428351e+08 0.00089503946 14061043 0.00011012252
160 165 1.1986302e+08 0.00093873678 14725573 0.00011532695
165 170 1.254811e+08 0.00098273618 15360220 0.00012029735
170 175 1.3113174e+08 0.0010269905 15972514 0.00012509268
175 180 1.3680828e+08 0.0010714478 16564477 0.00012972879
180 185 1.4250679e+08 0.001116077 17129683 0.00013415533
185 190 1.4821634e+08 0.0011607928 17660549 0.00013831294
190 195 1.5393687e+08 0.0012055945 18165523 0.00014226777
195 200 1.5966035e+08 0.0012504193 18643849 0.00014601389
