0 5 60232.264 4.8338927e-07 3011.9301 2.4172007e-08
5 10 410084.87 3.2911036e-06 9738.3625 7.8154457e-08
10 15 1098139.4 8.8130307e-06 20527.177 1.6473923e-07
15 20 2116971.4 1.6989587e-05 37716.73 3.0269263e-07
20 25 3446153.9 2.7656835e-05 83795.415 6.7249346e-07
25 30 5067236.7 4.0666707e-05 167296.88 1.3426279e-06
30 35 6966356.9 5.5907946e-05 284315.1 2.2817483e-06
35 40 9129569.4 7.3268636e-05 442202.94 3.5488647e-06
40 45 11540942 9.2620916e-05 643525.53 5.1645632e-06
45 50 14187784 0.00011386294 886388.52 7.1136409e-06
50 55 17057563 0.00013689412 1175655.3 9.4351288e-06
55 60 20138202 0.00016161754 1503594.3 1.2066977e-05
60 65 23419354 0.00018795017 1877383.1 1.5066789e-05
65 70 26891921 0.00021581898 2284688.9 1.833559e-05
70 75 30543988 0.00024512836 2729337.3 2.190408e-05
75 80 34366804 0.00027580806 3207491.1 2.5741466e-05
80 85 38351696 0.0003077885 3716581.2 2.9827128e-05
85 90 42487470 0.00034097983 4253095.6 3.4132882e-05
90 95 46764430 0.00037530423 4821964.3 3.8698293e-05
95 100 51174362 0.00041069578 5416082.4 4.346634e-05
100 105 55708409 0.00044708342 6041975.3 4.8489395e-05
105 110 60355233 0.00048437614 6684370.5 5.3644886e-05
110 115 65105697 0.00052250061 7357153.4 5.9044252e-05
115 120 69953180 0.00056140371 8041402.5 6.4535638e-05
120 125 74890700 0.00060102938 8749037.3 7.0214706e-05
125 130 79907477 0.00064129113 9474725.4 7.6038658e-05
130 135 84996420 0.00068213204 10202050 8.1875747e-05
135 140 90155818 0.00072353837 10947393 8.7857437e-05
140 145 95379293 0.00076545896 11675759 9.3702877e-05
145 150 1.0066382e+08 0.00080786948 12397761 9.9497248e-05
150 155 1.0600216e+08 0.00085071196 13096561 0.00010510541
155 160 1.1139166e+08 0.00089396491 13774461 0.00011054585
160 165 1.1682704e+08 0.00093758618 14426182 0.00011577618
165 170 1.2229984e+08 0.00098150771 15048713 0.00012077225
170 175 1.2780422e+08 0.0010256826 15649391 0.00012559295
175 180 1.3333366e+08 0.0010700587 16230208 0.00013025425
180 185 1.3888436e+08 0.0011146055 16784863 0.00013470559
185 190 1.4444565e+08 0.0011592371 17306063 0.00013888843
190 195 1.5001749e+08 0.0012039535 17802047 0.00014286892
195 200 1.5559204e+08 0.0012486916 18272048 0.00014664087
