0 5 368194 1.2434723e-05 5349.9123 1.8067833e-07
5 10 534698 1.805793e-05 -7132.9123 -2.4089416e-07
10 15 741286 2.5034862e-05 -24076.166 -8.1310518e-07
15 20 1009018 3.4076761e-05 -61141.604 -2.0648867e-06
20 25 1400482 4.7297363e-05 -79712.16 -2.6920553e-06
25 30 2033864 6.8688069e-05 -124188.65 -4.1941245e-06
30 35 3146108 0.000106251 -70923.966 -2.3952586e-06
35 40 4421558 0.00014932576 28908.459 9.7630235e-07
40 45 5603486 0.00018924207 120881.83 4.0824457e-06
45 50 6876144 0.00023222253 162507.5 5.4882365e-06
50 55 8240462 0.00027829856 218106.41 7.3659341e-06
55 60 9770784 0.0003299809 297751.47 1.0055723e-05
60 65 11414150 0.000385481 335842.43 1.1342139e-05
65 70 13178102 0.00044505354 410031.16 1.3847656e-05
70 75 14997700 0.00050650537 505653.85 1.7077045e-05
75 80 16935316 0.00057194294 549116.84 1.8544885e-05
80 85 18973020 0.00064076069 626476.44 2.115749e-05
85 90 21147318 0.00071419152 696554.3 2.3524173e-05
90 95 23444372 0.0007917681 864561.09 2.9198133e-05
95 100 25799544 0.00087130745 935629.08 3.1598256e-05
100 105 28185856 0.00095189846 974364.58 3.2906439e-05
105 110 30685426 0.0010363144 1010733.1 3.4134683e-05
110 115 33220768 0.0011219385 1014923.4 3.4276199e-05
115 120 35836476 0.0012102768 1084768.7 3.663503e-05
120 125 38554820 0.0013020812 1071535.6 3.6188118e-05
125 130 41287124 0.0013943571 1242553.2 4.1963761e-05
130 135 44092918 0.001489115 1320988.5 4.4612694e-05
135 140 46914202 0.001584396 1388715.2 4.6899971e-05
140 145 49793688 0.0016816426 1314369.6 4.4389158e-05
145 150 52741152 0.0017811849 1345871.5 4.5453045e-05
150 155 55792712 0.0018842428 1390277.6 4.6952737e-05
155 160 58797234 0.0019857121 1343784.4 4.5382559e-05
160 165 61807166 0.0020873642 1322311.7 4.4657379e-05
165 170 64916176 0.0021923623 1267443 4.2804344e-05
170 175 68076002 0.0022990766 1390863 4.6972508e-05
175 180 71275044 0.0024071153 1247007.4 4.2114189e-05
180 185 74399840 0.0025126465 1097068.8 3.7050431e-05
185 190 77569946 0.002619708 991104.62 3.3471787e-05
190 195 80741956 0.0027268338 1059765.4 3.5790611e-05
195 200 83873022 0.0028325768 969385.73 3.2738292e-05
