0 5 313588 1.3417785e-05 -828.13146 -3.5434039e-08
5 10 447250 1.9136906e-05 -10736.659 -4.5939954e-07
10 15 606744 2.5961326e-05 -17041.523 -7.2917167e-07
15 20 810252 3.4669014e-05 -12928.679 -5.5319153e-07
20 25 1114496 4.7686988e-05 -16354.878 -6.9979155e-07
25 30 1597500 6.8353734e-05 -8312.9449 -3.5569379e-07
30 35 2434414 0.00010416356 71773.776 3.071052e-06
35 40 3392416 0.00014515449 220165.04 9.4204086e-06
40 45 4243420 0.0001815672 395039.94 1.6902945e-05
45 50 5120970 0.00021911576 518681.63 2.2193319e-05
50 55 6069612 0.00025970619 678075.11 2.9013437e-05
55 60 7065862 0.00030233368 892281.5 3.8178887e-05
60 65 8157676 0.00034905015 1103359.2 4.7210466e-05
65 70 9299306 0.00039789815 1376890.4 5.8914304e-05
70 75 10492600 0.00044895674 1575317.2 6.7404579e-05
75 80 11705982 0.00050087486 1898341.6 8.1226125e-05
80 85 12953294 0.00055424477 2200264.9 9.4144803e-05
85 90 14237826 0.00060920724 2510593 0.0001074231
90 95 15577232 0.00066651767 2951152 0.00012627371
95 100 16966974 0.00072598187 3282115.8 0.00014043498
100 105 18329754 0.00078429241 3651885.3 0.00015625665
105 110 19692496 0.00084260134 3972149.5 0.00016996009
110 115 21056870 0.00090098009 4340233.3 0.00018570964
115 120 22443994 0.00096033227 4858043.8 0.00020786569
120 125 23868692 0.0010212922 5315323.2 0.00022743173
125 130 25306138 0.0010827975 5848421 0.00025024189
130 135 26693738 0.0011421701 6380034.1 0.00027298851
135 140 28073856 0.0012012225 6796068.9 0.00029078979
140 145 29466836 0.0012608252 7329271.8 0.00031360444
145 150 30837366 0.0013194674 7771562 0.00033252913
150 155 32210226 0.0013782092 8334431 0.00035661313
155 160 33640322 0.0014394001 8765641.2 0.00037506373
160 165 35073998 0.0015007441 9221898.5 0.00039458604
165 170 36477652 0.0015608036 9705385.6 0.00041527346
170 175 37875216 0.0016206025 10163350 0.00043486882
175 180 39308792 0.0016819422 10744486 0.00045973443
180 185 40664284 0.0017399409 11129091 0.00047619086
185 190 41990488 0.0017966865 11368767 0.00048644613
190 195 43336244 0.0018542686 11670113 0.0004993401
195 200 44620748 0.0019092299 12059927 0.00051601943
