0 5 306076 1.3275858e-05 -5422.771 -2.3520936e-07
5 10 434454 1.8844175e-05 -16025.768 -6.9510785e-07
10 15 590878 2.562897e-05 -13610.616 -5.9035212e-07
15 20 793316 3.4409594e-05 -14508.695 -6.2930574e-07
20 25 1094304 4.7464763e-05 -11587.93 -5.0261935e-07
25 30 1566626 6.7951439e-05 5233.908 2.2701754e-07
30 35 2396854 0.00010396207 76744.507 3.3287458e-06
35 40 3334882 0.00014464846 184130.2 7.9865343e-06
40 45 4173678 0.00018103072 297830.87 1.2918231e-05
45 50 5043166 0.00021874422 483128.57 2.0955405e-05
50 55 5969372 0.00025891784 718471.33 3.1163252e-05
55 60 6961202 0.00030193786 877062.45 3.8042044e-05
60 65 8042250 0.00034882765 1110687.9 4.8175404e-05
65 70 9157172 0.0003971867 1335167.5 5.7912071e-05
70 75 10315010 0.00044740722 1574245.5 6.8281929e-05
75 80 11504882 0.00049901718 1930150.1 8.3719073e-05
80 85 12726636 0.00055201001 2199366.1 9.5396153e-05
85 90 14006908 0.00060754102 2480119.1 0.00010757364
90 95 15277442 0.00066264965 2871675.3 0.00012455715
95 100 16581670 0.00071921974 3324065.8 0.00014417931
100 105 17909126 0.00077679733 3735655.6 0.00016203176
105 110 19261454 0.00083545372 4142403.7 0.00017967421
110 115 20598522 0.00089344822 4573181.1 0.00019835892
115 120 21959522 0.00095248076 5022638 0.00021785383
120 125 23321710 0.0010115648 5538800.2 0.00024024205
125 130 24713622 0.0010719382 5949623 0.00025806124
130 135 26111510 0.0011325707 6386842.5 0.00027702537
135 140 27442544 0.0011903035 6888437.3 0.00029878173
140 145 28756896 0.0012473127 7438173.5 0.0003226262
145 150 30123672 0.0013065957 7935013.5 0.00034417633
150 155 31443532 0.0013638439 8410618.6 0.00036480541
155 160 32859542 0.0014252624 8832423.2 0.00038310093
160 165 34281212 0.0014869265 9406893.3 0.00040801821
165 170 35705554 0.0015487064 9910321.3 0.00042985409
170 175 37054762 0.0016072275 10246384 0.0004444306
175 180 38382248 0.0016648064 10681935 0.00046332235
180 185 39711854 0.0017224772 11011783 0.00047762931
185 190 41043238 0.0017802252 11374267 0.00049335183
190 195 42362864 0.0018374632 11638892 0.00050482978
195 200 43643658 0.0018930168 12008473 0.00052086012
