0 5 361028 1.2580226e-05 5304.2791 1.8483062e-07
5 10 518982 1.8084223e-05 -10139.49 -3.5331628e-07
10 15 721200 2.5130624e-05 -14779.692 -5.1500678e-07
15 20 983126 3.4257584e-05 -21543.489 -7.5069512e-07
20 25 1364748 4.755542e-05 -46394.176 -1.6166314e-06
25 30 1986644 6.9225739e-05 -61827.041 -2.1543984e-06
30 35 3073466 0.00010709667 -50622.73 -1.7639778e-06
35 40 4320054 0.00015053474 16091.255 5.6070892e-07
40 45 5485816 0.00019115638 133089.27 4.6375712e-06
45 50 6726646 0.0002343938 210132.91 7.3222006e-06
50 55 8047838 0.00028043149 213884.61 7.4529306e-06
55 60 9503548 0.00033115653 265898.44 9.2653824e-06
60 65 11080774 0.00038611587 296221.11 1.0321993e-05
65 70 12789326 0.00044565133 380324.1 1.3252609e-05
70 75 14612686 0.00050918735 459508.12 1.6011821e-05
75 80 16512058 0.00057537204 607557.87 2.1170699e-05
80 85 18483298 0.00064406102 704676.11 2.4554839e-05
85 90 20608314 0.00071810841 788961.02 2.7491795e-05
90 95 22805630 0.00079467514 936375.59 3.2628539e-05
95 100 25037138 0.0008724333 1004712.3 3.500977e-05
100 105 27372762 0.00095381945 1074250.1 3.7432855e-05
105 110 29768714 0.0010373078 1021254.9 3.5586208e-05
110 115 32218788 0.001122682 1155110.3 4.0250475e-05
115 120 34687954 0.0012087215 1215323.7 4.2348644e-05
120 125 37385984 0.0013027359 1430204.7 4.9836294e-05
125 130 40049618 0.0013955517 1341926.8 4.6760203e-05
130 135 42702242 0.0014879839 1377070.7 4.798481e-05
135 140 45488118 0.0015850593 1460456.2 5.0890425e-05
140 145 48311380 0.0016834375 1495731.3 5.2119605e-05
145 150 51175952 0.0017832551 1405878.7 4.8988642e-05
150 155 54129872 0.0018861861 1537395.3 5.3571413e-05
155 160 57106044 0.0019898926 1428478.8 4.9776155e-05
160 165 60094418 0.0020940241 1445558.6 5.0371312e-05
165 170 63117064 0.00219935 1219028.6 4.2477745e-05
170 175 66107462 0.0023035521 1045383.5 3.6426983e-05
175 180 69173518 0.0024103905 963918.18 3.3588277e-05
180 185 72289744 0.0025189772 893073.94 3.1119669e-05
185 190 75376958 0.0026265529 573845.87 1.9995986e-05
190 195 78556970 0.0027373623 541396.25 1.886526e-05
195 200 81716804 0.0028474685 415447.88 1.4476517e-05
