0 5 368436 1.2608089e-05 12789.28 4.376564e-07
5 10 529518 1.8120406e-05 -11712.459 -4.0080699e-07
10 15 735346 2.5163957e-05 -21894.136 -7.4922974e-07
15 20 1007010 3.4460453e-05 -31026.985 -1.061761e-06
20 25 1403430 4.802617e-05 -57865.148 -1.9801781e-06
25 30 2038856 6.9770807e-05 -66248.482 -2.2670606e-06
30 35 3140880 0.00010748269 -32467.142 -1.111044e-06
35 40 4396000 0.00015043361 85484.892 2.9253414e-06
40 45 5578362 0.00019089471 136138.98 4.6587532e-06
45 50 6838718 0.0002340248 132278.7 4.5266521e-06
50 55 8219348 0.00028127074 164296.7 5.6223262e-06
55 60 9715996 0.00033248689 290067.56 9.9262761e-06
60 65 11325930 0.00038757974 375786.45 1.2859625e-05
65 70 13029644 0.0004458818 411972.19 1.4097922e-05
70 75 14888968 0.00050950892 512195.08 1.7527606e-05
75 80 16880536 0.0005776615 650949.01 2.2275844e-05
80 85 18886640 0.00064631152 809117.33 2.7688453e-05
85 90 20956408 0.00071714015 973706.97 3.3320804e-05
90 95 23176122 0.00079310002 1113398 3.810111e-05
95 100 25499696 0.00087261404 1059475.3 3.6255844e-05
100 105 27899136 0.00095472424 1142358 3.9092139e-05
105 110 30391654 0.0010400196 1248221.4 4.2714844e-05
110 115 32857036 0.0011243864 1290629.3 4.4166067e-05
115 120 35431738 0.0012124941 1411001.3 4.8285264e-05
120 125 38177700 0.0013064625 1525202.6 5.2193297e-05
125 130 40818092 0.0013968182 1603160 5.4861045e-05
130 135 43538302 0.0014899054 1496676.6 5.1217121e-05
135 140 46338908 0.0015857437 1454467.1 4.9772688e-05
140 145 49165266 0.0016824633 1577184.5 5.3972148e-05
145 150 52138980 0.0017842254 1664211.8 5.6950272e-05
150 155 55057898 0.0018841125 1525095.6 5.2189635e-05
155 160 58081582 0.0019875846 1415174.8 4.8428085e-05
160 165 61132364 0.0020919841 1581858.1 5.4132081e-05
165 170 64105858 0.0021937388 1420966.5 4.8626279e-05
170 175 67138910 0.0022975315 1582435.3 5.4151833e-05
175 180 70236496 0.0024035327 1427944.9 4.8865085e-05
180 185 73370386 0.0025107762 1324948.5 4.5340488e-05
185 190 76541686 0.0026192999 1172712.2 4.0130875e-05
190 195 79680852 0.0027267239 927352.26 3.173452e-05
195 200 82770308 0.0028324468 730785.33 2.5007888e-05
