0 5 300808 1.3289742e-05 -1796.9613 -7.9390015e-08
5 10 430388 1.9014605e-05 -7208.379 -3.1846725e-07
10 15 590656 2.6095269e-05 -11343.999 -5.0117955e-07
15 20 788604 3.4840641e-05 -11495.787 -5.0788555e-07
20 25 1080682 4.774469e-05 429.029 1.8954565e-08
25 30 1547366 6.8362858e-05 8090.1237 3.5742286e-07
30 35 2358506 0.00010419914 61608.981 2.7218939e-06
35 40 3267050 0.00014433875 190476.88 8.4152966e-06
40 45 4104508 0.00018133777 337256.11 1.4900025e-05
45 50 4958784 0.00021907981 501246.95 2.2145164e-05
50 55 5864370 0.00025908873 677549.83 2.9934251e-05
55 60 6846158 0.00030246427 880589.28 3.8904564e-05
60 65 7865326 0.00034749126 1110878.4 4.9078772e-05
65 70 8937362 0.00039485397 1374103.6 6.0708098e-05
70 75 10076796 0.00044519433 1615337.6 7.1365854e-05
75 80 11221180 0.00049575339 1879546.5 8.3038643e-05
80 85 12430088 0.00054916312 2169772 9.5860849e-05
85 90 13677346 0.00060426717 2504539.3 0.00011065091
90 95 14952696 0.00066061232 2910652.4 0.00012859305
95 100 16245604 0.00071773318 3187202.9 0.00014081109
100 105 17544356 0.00077511224 3467501.1 0.00015319471
105 110 18861530 0.00083330518 3850344.9 0.00017010881
110 115 20186334 0.00089183522 4368701.3 0.00019300987
115 120 21527566 0.00095109104 4733538.7 0.00020912844
120 125 22847816 0.0010094199 5334878.8 0.00023569573
125 130 24237888 0.0010708335 5819761.4 0.00025711792
130 135 25618052 0.0011318093 6236801 0.00027554279
135 140 26970248 0.0011915495 6642011.9 0.00029344507
140 145 28342384 0.0012521707 7066432.3 0.00031219602
145 150 29704130 0.0013123328 7606107.6 0.00033603896
150 155 31042278 0.0013714524 7993458.8 0.00035315219
155 160 32383638 0.0014307139 8406265.9 0.00037139007
160 165 33708098 0.0014892287 8813274.9 0.00038937179
165 170 35067616 0.0015492925 9132847.9 0.00040349057
170 175 36463142 0.001610947 9609570.4 0.00042455224
175 180 37817970 0.0016708035 10127594 0.0004474386
180 185 39185840 0.0017312362 10436069 0.00046106706
185 190 40508936 0.0017896908 10612461 0.00046886011
190 195 41793058 0.0018464235 10935263 0.00048312155
195 200 43132170 0.0019055856 11386513 0.00050305783
