0 5 372168 1.2639644e-05 4691.2852 1.5932636e-07
5 10 533692 1.8125354e-05 -5091.4166 -1.729157e-07
10 15 740244 2.5140314e-05 -27643.157 -9.3882239e-07
15 20 1007184 3.4206184e-05 -34012.938 -1.1551542e-06
20 25 1393308 4.7319804e-05 -49711.324 -1.6883059e-06
25 30 2044458 6.943429e-05 -39294.821 -1.3345385e-06
30 35 3165666 0.00010751298 -43782.411 -1.486947e-06
35 40 4444198 0.00015093474 59109.41 2.0074855e-06
40 45 5624798 0.00019103051 96186.959 3.2667207e-06
45 50 6878396 0.00023360545 169535.54 5.7577999e-06
50 55 8268360 0.00028081169 162968.05 5.5347533e-06
55 60 9761498 0.00033152194 299952.08 1.0187032e-05
60 65 11394614 0.00038698615 390317.48 1.325604e-05
65 70 13129314 0.00044590038 458644.69 1.5576582e-05
70 75 15010260 0.00050978144 550180.77 1.8685349e-05
75 80 16950198 0.000575666 672746.17 2.2847939e-05
80 85 19021774 0.00064602128 734192.58 2.4934794e-05
85 90 21189448 0.00071964025 797440.5 2.7082833e-05
90 95 23435278 0.00079591358 910599.83 3.0925973e-05
95 100 25740504 0.00087420412 1028583 3.4932941e-05
100 105 28093680 0.00095412315 1000562.6 3.3981307e-05
105 110 30556664 0.0010377715 1038992.3 3.5286463e-05
110 115 33099842 0.0011241434 1008570.8 3.4253283e-05
115 120 35740386 0.0012138221 1113696.2 3.7823572e-05
120 125 38446448 0.0013057259 1157420.6 3.930855e-05
125 130 41176938 0.0013984594 1216873.8 4.1327711e-05
130 135 43924188 0.001491762 1220826.5 4.1461953e-05
135 140 46799908 0.0015894278 1338147.5 4.5446431e-05
140 145 49672070 0.0016869727 1302431.9 4.4233451e-05
145 150 52583614 0.0017858552 1393135.1 4.731393e-05
150 155 55549106 0.0018865698 1432176.4 4.8639859e-05
155 160 58563536 0.0019889465 1462984.6 4.9686174e-05
160 165 61637030 0.0020933291 1421915.7 4.8291383e-05
165 170 64757140 0.0021992949 1295872.7 4.4010687e-05
170 175 67848836 0.0023042957 1120211.5 3.8044845e-05
175 180 70971850 0.0024103601 1167924.1 3.9665269e-05
180 185 74077868 0.0025158473 1146183.1 3.89269e-05
185 190 77239334 0.0026232176 944887.48 3.2090457e-05
190 195 80314588 0.00272766 817780.51 2.7773624e-05
195 200 83606768 0.0028394697 687644.29 2.3353912e-05
