0 5 366490 1.2730692e-05 2849.2645 9.8974349e-08
5 10 525632 1.8258777e-05 -24616.87 -8.5511145e-07
10 15 726828 2.5247683e-05 -35100.623 -1.2192835e-06
15 20 988202 3.4326981e-05 -37504.106 -1.3027728e-06
20 25 1360454 4.7257826e-05 -44101.396 -1.5319416e-06
25 30 1979116 6.8748168e-05 -55897.626 -1.941705e-06
30 35 3053442 0.00010606682 -61968.306 -2.152581e-06
35 40 4304246 0.00014951576 17113.053 5.944528e-07
40 45 5460034 0.00018966414 105158.11 3.652857e-06
45 50 6715302 0.00023326814 193062.35 6.7063692e-06
50 55 8076574 0.00028055438 288550.64 1.0023328e-05
55 60 9503108 0.00033010762 328864.85 1.1423714e-05
60 65 11078904 0.00038484574 344482.22 1.1966212e-05
65 70 12745940 0.00044275324 412824.83 1.4340216e-05
70 75 14533626 0.00050485174 448204.99 1.556921e-05
75 80 16438950 0.00057103661 497465.11 1.7280349e-05
80 85 18479560 0.00064192089 691023.61 2.4003953e-05
85 90 20550336 0.00071385303 802098.33 2.7862334e-05
90 95 22708612 0.00078882464 922002.26 3.2027414e-05
95 100 24949508 0.00086666621 949840.17 3.2994413e-05
100 105 27279572 0.00094760519 950124.42 3.3004287e-05
105 110 29672522 0.0010307286 980103.27 3.4045657e-05
110 115 32161392 0.001117184 1040980.8 3.6160348e-05
115 120 34657098 0.0012038769 1163956 4.0432114e-05
120 125 37270262 0.0012946499 1232742.7 4.2821544e-05
125 130 39914018 0.0013864855 1253643.2 4.3547561e-05
130 135 42596554 0.0014796682 1286512.8 4.4689344e-05
135 140 45360426 0.0015756763 1224720.5 4.2542877e-05
140 145 48201590 0.0016743693 1115095.8 3.8734865e-05
145 150 51117428 0.0017756562 1201011.7 4.1719311e-05
150 155 53989650 0.001875428 1065525.2 3.7012941e-05
155 160 56941968 0.0019779821 1065780.3 3.7021802e-05
160 165 59887552 0.0020803023 1091815.2 3.7926173e-05
165 170 62845528 0.0021830529 1140442.8 3.9615339e-05
170 175 65914208 0.002289649 1117232.3 3.8809082e-05
175 180 69007648 0.0023971053 907582.36 3.1526512e-05
180 185 72032124 0.0025021659 738769.6 2.5662496e-05
185 190 75151256 0.0026105146 590321.18 2.0505872e-05
190 195 78175772 0.0027155766 535076.28 1.8586841e-05
195 200 81247722 0.0028222863 681814.98 2.3684075e-05
