0 5 365216 1.2661351e-05 2697.0961 9.3503245e-08
5 10 522228 1.8104662e-05 -15362.96 -5.3260492e-07
10 15 725548 2.5153384e-05 -23281.812 -8.0713661e-07
15 20 989314 3.4297654e-05 -23076.917 -8.0003328e-07
20 25 1368458 4.7441863e-05 -21632.986 -7.4997492e-07
25 30 1986718 6.8875774e-05 -20730.775 -7.1869694e-07
30 35 3072582 0.00010652064 6985.6255 2.4217849e-07
35 40 4344980 0.00015063228 33778.475 1.1710362e-06
40 45 5510672 0.00019104463 103071.95 3.5733106e-06
45 50 6729816 0.00023331006 156788.95 5.4355779e-06
50 55 8093402 0.00028058302 187784.5 6.5101353e-06
55 60 9561642 0.00033148413 212921.24 7.3815788e-06
60 65 11187044 0.00038783376 241512.39 8.37278e-06
65 70 12882074 0.00044659726 327806.18 1.1364423e-05
70 75 14699048 0.00050958833 462678.77 1.6040202e-05
75 80 16590346 0.00057515607 561798.93 1.9476512e-05
80 85 18599780 0.00064481937 690464.78 2.3937115e-05
85 90 20764822 0.0007198773 730724.44 2.5332841e-05
90 95 22953832 0.00079576616 848225.29 2.9406374e-05
95 100 25232136 0.00087475067 962622.22 3.3372301e-05
100 105 27590936 0.00095652582 1022055 3.5432722e-05
105 110 29944878 0.0010381326 1101080.2 3.8172378e-05
110 115 32438816 0.0011245927 1062326 3.6828844e-05
115 120 34967874 0.0012122704 947095.29 3.2834011e-05
120 125 37629124 0.0013045309 1092177.9 3.7863753e-05
125 130 40321058 0.0013978552 1168905.4 4.0523752e-05
130 135 43060426 0.0014928239 1109712.6 3.8471646e-05
135 140 45819950 0.0015884914 1218826.1 4.2254408e-05
140 145 48621990 0.0016856329 1205313 4.1785934e-05
145 150 51520622 0.001786123 1309593.4 4.5401137e-05
150 155 54430936 0.0018870181 1410228.1 4.8889954e-05
155 160 57439372 0.0019913149 1393940.7 4.8325299e-05
160 165 60367570 0.00209283 1347592.9 4.6718511e-05
165 170 63433986 0.0021991369 1423050.7 4.9334488e-05
170 175 66463904 0.0023041785 1395062 4.8364175e-05
175 180 69502108 0.0024095073 1248768.4 4.329245e-05
180 185 72578470 0.002516159 1084193.6 3.7586952e-05
185 190 75761434 0.0026265063 975171.72 3.3807368e-05
190 195 78843544 0.0027333573 1082926.4 3.7543021e-05
195 200 81931494 0.0028404107 1067811.5 3.7019015e-05
