0 5 363434 1.263198e-05 5038.9872 1.7514153e-07
5 10 522660 1.8166244e-05 -18503.52 -6.4313218e-07
10 15 726062 2.5235946e-05 -28173.02 -9.7921777e-07
15 20 997784 3.4680266e-05 -58132.518 -2.0205287e-06
20 25 1383116 4.8073361e-05 -67557.31 -2.3481089e-06
25 30 2008584 6.9812933e-05 -96513.515 -3.354548e-06
30 35 3089506 0.00010738285 -86934.114 -3.021594e-06
35 40 4328252 0.0001504383 31380.266 1.0906929e-06
40 45 5503354 0.00019128166 119320.97 4.1472734e-06
45 50 6761444 0.00023500946 159940.35 5.5590927e-06
50 55 8100020 0.00028153473 229351.82 7.9716474e-06
55 60 9585262 0.00033315771 312593.63 1.0864907e-05
60 65 11196424 0.00038915733 335589.65 1.1664186e-05
65 70 12902944 0.00044847134 419534.44 1.4581879e-05
70 75 14683436 0.00051035641 509938.04 1.7724063e-05
75 80 16586718 0.00057650933 573642.63 1.9938262e-05
80 85 18596556 0.00064636585 717972.04 2.4954761e-05
85 90 20712656 0.00071991575 911410.68 3.1678163e-05
90 95 22907200 0.00079619215 913363.37 3.1746034e-05
95 100 25101392 0.00087245631 903157.39 3.1391301e-05
100 105 27478958 0.00095509406 997863.74 3.4683037e-05
105 110 29841106 0.0010371959 1042031.3 3.6218182e-05
110 115 32297640 0.0011225784 1160887.2 4.0349291e-05
115 120 34840758 0.0012109703 1161366.5 4.0365949e-05
120 125 37437038 0.0013012099 1237078.8 4.2997506e-05
125 130 40126638 0.0013946931 1283680.1 4.4617238e-05
130 135 42872118 0.0014901186 1204065.9 4.1850064e-05
135 140 45678418 0.0015876579 1137777.7 3.9546068e-05
140 145 48477536 0.0016849477 1138527.1 3.9572114e-05
145 150 51344112 0.0017845821 1049531.1 3.6478854e-05
150 155 54281846 0.0018866898 991455.65 3.4460309e-05
155 160 57216220 0.0019886806 879712.32 3.0576414e-05
160 165 60223144 0.0020931932 870885.93 3.0269633e-05
165 170 63182394 0.0021960487 843414.01 2.9314784e-05
170 175 66172294 0.0022999695 756938.66 2.6309135e-05
175 180 69230940 0.0024062797 530195.52 1.8428158e-05
180 185 72275528 0.0025121013 338163.26 1.1753638e-05
185 190 75376484 0.0026198822 447741.38 1.5562276e-05
190 195 78535622 0.0027296852 298714.63 1.0382511e-05
195 200 81496410 0.0028325942 198700.77 6.9063e-06
