0 5 308584 1.3526625e-05 -5595.352 -2.4526945e-07
5 10 433850 1.9017597e-05 -6505.6912 -2.8517372e-07
10 15 587748 2.5763639e-05 -13621.554 -5.9709398e-07
15 20 791824 3.4709208e-05 -13611.646 -5.966597e-07
20 25 1081952 4.7426824e-05 -4488.5115 -1.9675165e-07
25 30 1553252 6.8086023e-05 16066.71 7.042762e-07
30 35 2370494 0.00010390942 96075.461 4.2114197e-06
35 40 3297968 0.00014456477 213602.58 9.3631621e-06
40 45 4117642 0.00018049477 332103.11 1.4557573e-05
45 50 4968290 0.0002177825 463559.22 2.0319886e-05
50 55 5883824 0.00025791448 656209.04 2.8764595e-05
55 60 6871240 0.00030119736 850243.86 3.7270014e-05
60 65 7937278 0.0003479266 1107627.3 4.8552287e-05
65 70 9040704 0.00039629473 1365320.6 5.9848143e-05
70 75 10211232 0.00044760424 1663848.3 7.2933955e-05
75 80 11391098 0.00049932307 1945674.2 8.5287655e-05
80 85 12557286 0.00055044234 2166429 9.4964329e-05
85 90 13830078 0.00060623454 2502591 0.00010969982
90 95 15112998 0.00066247069 2875427.4 0.00012604292
95 100 16448596 0.00072101596 3303545.1 0.00014480924
100 105 17773358 0.00077908624 3680651.8 0.00016133953
105 110 19126952 0.00083842036 4079343.6 0.00017881598
110 115 20456498 0.00089670034 4361366.5 0.00019117832
115 120 21777990 0.00095462728 4766111.5 0.00020892011
120 125 23116206 0.0010132873 5248994.3 0.00023008704
125 130 24490986 0.0010735501 5776972.4 0.00025323069
130 135 25868822 0.0011339468 6299395.7 0.00027613085
135 140 27259152 0.0011948913 6856296.7 0.00030054233
140 145 28659818 0.0012562888 7369807.6 0.00032305183
145 150 30052256 0.0013173256 7935027.7 0.00034782796
150 155 31421274 0.0013773358 8427712.6 0.00036942456
155 160 32779506 0.0014368732 8829220.6 0.00038702446
160 165 34175246 0.0014980548 9181574.1 0.0004024697
165 170 35545306 0.0015581107 9551982.2 0.00041870635
170 175 36916190 0.0016182027 9859948.2 0.00043220589
175 180 38246666 0.0016765234 10310647 0.00045196204
180 185 39635082 0.001737384 10784193 0.00047271972
185 190 40993162 0.0017969147 11082946 0.00048581537
190 195 42283840 0.0018534909 11517429 0.00050486074
195 200 43621802 0.0019121398 12018109 0.0005268078
