0 5 367972 1.2575873e-05 12506.108 4.2741087e-07
5 10 526826 1.8004894e-05 -13017.277 -4.4488067e-07
10 15 732992 2.5050858e-05 -28135.315 -9.6155728e-07
15 20 1003292 3.4288677e-05 -51448.4 -1.7583092e-06
20 25 1389168 4.747644e-05 -51152.582 -1.7481993e-06
25 30 2020456 6.9051445e-05 -66919.397 -2.2870486e-06
30 35 3117958 0.00010655986 -43241.257 -1.4778205e-06
35 40 4374622 0.00014950782 15277.837 5.2213795e-07
40 45 5571982 0.000190429 74748.616 2.5546213e-06
45 50 6816088 0.00023294777 157365.72 5.3781574e-06
50 55 8168066 0.0002791532 206513.68 7.0578462e-06
55 60 9648458 0.00032974733 256731.06 8.7740842e-06
60 65 11268874 0.00038512694 304206.74 1.0396621e-05
65 70 13021736 0.00044503305 355338.75 1.2144117e-05
70 75 14853294 0.00050762868 467830.67 1.598866e-05
75 80 16806702 0.00057438868 572814.86 1.9576617e-05
80 85 18837682 0.0006437998 618894.51 2.1151443e-05
85 90 20952176 0.0007160651 757590.56 2.5891543e-05
90 95 23157942 0.00079144973 892548.4 3.0503885e-05
95 100 25494908 0.00087131828 1060513.1 3.6244275e-05
100 105 27905712 0.00095371032 1199099.4 4.0980622e-05
105 110 30367776 0.0010378542 1231513.7 4.208842e-05
110 115 32897388 0.0011243067 1245814.7 4.2577173e-05
115 120 35445320 0.0012113852 1298877.9 4.4390669e-05
120 125 38075300 0.0013012679 1248991.6 4.2685747e-05
125 130 40746856 0.0013925714 1364270.5 4.6625538e-05
130 135 43537688 0.0014879514 1516587.5 5.183115e-05
135 140 46360724 0.0015844319 1593277 5.4452105e-05
140 145 49259760 0.0016835099 1570843.6 5.3685418e-05
145 150 52177620 0.0017832311 1630730.7 5.5732128e-05
150 155 55163372 0.0018852727 1622396.4 5.5447291e-05
155 160 58231018 0.0019901131 1635133.4 5.5882595e-05
160 165 61298216 0.0020949382 1501434.2 5.1313268e-05
165 170 64317112 0.0021981125 1503865.1 5.1396346e-05
170 175 67339886 0.0023014193 1450542.5 4.9573986e-05
175 180 70468730 0.0024083512 1104502.6 3.7747666e-05
180 185 73633352 0.0025165059 1117149.3 3.8179885e-05
185 190 76730092 0.0026223406 1141959.2 3.902779e-05
190 195 79912138 0.0027310907 957287.52 3.271642e-05
195 200 83121738 0.0028407825 814096.2 2.7822689e-05
