0 5 307948 1.3514131e-05 -6746.3255 -2.9605884e-07
5 10 440816 1.9344972e-05 -21942.266 -9.6292449e-07
10 15 592488 2.6001015e-05 -21826.686 -9.5785229e-07
15 20 790872 3.470699e-05 -27583.066 -1.2104679e-06
20 25 1074138 4.7137965e-05 -32063.69 -1.4070977e-06
25 30 1542462 6.769011e-05 -10435.571 -4.5795938e-07
30 35 2359034 0.00010352493 44494.543 1.9526189e-06
35 40 3279090 0.00014390109 185825.02 8.1548307e-06
40 45 4114954 0.00018058253 345263.76 1.5151714e-05
45 50 4995464 0.00021922324 542581.55 2.3810898e-05
50 55 5904106 0.0002590985 685854.07 3.0098335e-05
55 60 6896720 0.00030265883 895331.87 3.9291155e-05
60 65 7943310 0.00034858786 1113367.9 4.8859547e-05
65 70 9052694 0.00039727258 1364349.3 5.9873731e-05
70 75 10173814 0.00044647232 1591537 6.984374e-05
75 80 11353460 0.00049824045 1914487.1 8.4016231e-05
80 85 12577754 0.00055196793 2150873.7 9.438993e-05
85 90 13878248 0.00060903941 2537052.5 0.00011133717
90 95 15214858 0.00066769581 2952378.7 0.00012956354
95 100 16542550 0.00072596086 3290168.6 0.00014438727
100 105 17856670 0.0007836303 3737607.6 0.00016402289
105 110 19234532 0.00084409703 4149260.9 0.00018208807
110 115 20574150 0.00090288544 4609742.1 0.00020229604
115 120 21871270 0.00095980885 4983819.6 0.00021871223
120 125 23230490 0.0010194575 5351726.2 0.00023485761
125 130 24604664 0.0010797624 5821367 0.00025546754
130 135 25984312 0.0011403075 6371279 0.00027960013
135 140 27369124 0.0012010792 6880810.1 0.00030196063
140 145 28781464 0.001263059 7453733.1 0.00032710304
145 150 30144586 0.0013228788 7968116.8 0.00034967649
150 155 31511300 0.0013828564 8477493.3 0.00037203021
155 160 32881890 0.001443004 8905165.7 0.00039079838
160 165 34231200 0.0015022177 9374170.1 0.00041138038
165 170 35588118 0.0015617653 9848663.7 0.00043220328
170 175 37019182 0.0016245668 10170186 0.00044631312
175 180 38384934 0.0016845021 10715934 0.00047026297
180 185 39770804 0.0017453202 11101599 0.00048718766
185 190 41081146 0.0018028239 11522202 0.00050564558
190 195 42451398 0.0018629566 11844116 0.0005197726
195 200 43682780 0.0019169952 12230693 0.00053673736
