0 5 301054 1.3316361e-05 -6766.351 -2.9929238e-07
5 10 431214 1.9073658e-05 -11402.258 -5.0434999e-07
10 15 583212 2.5796904e-05 -10088.706 -4.4624832e-07
15 20 785468 3.4743186e-05 -15772.392 -6.9765179e-07
20 25 1078366 4.7698786e-05 -5121.3296 -2.2652903e-07
25 30 1547588 6.8453632e-05 8440.8172 3.7335815e-07
30 35 2363526 0.00010454458 74951.522 3.3152906e-06
35 40 3291822 0.0001456054 203229.45 8.9893396e-06
40 45 4106330 0.0001816331 381705.78 1.6883788e-05
45 50 4953756 0.00021911684 500719.05 2.2148038e-05
50 55 5859244 0.00025916881 645020.61 2.8530852e-05
55 60 6852870 0.00030311933 849128.94 3.7559066e-05
60 65 7888926 0.00034894664 1061007.8 4.693099e-05
65 70 8962348 0.00039642674 1257831.4 5.5636984e-05
70 75 10100112 0.00044675285 1552134.2 6.865472e-05
75 80 11306576 0.00050011773 1848918.8 8.1782237e-05
80 85 12520970 0.00055383337 2073412.9 9.1712163e-05
85 90 13787694 0.00060986369 2381228 0.00010532758
90 95 15039934 0.00066525335 2816427.4 0.00012457752
95 100 16351798 0.00072328033 3177161.9 0.0001405337
100 105 17650990 0.0007807468 3493291.2 0.00015451688
105 110 19034886 0.00084195993 3935911.4 0.00017409506
110 115 20321882 0.00089888693 4373852.5 0.00019346628
115 120 21672654 0.00095863491 4834364.5 0.00021383586
120 125 23008448 0.0010177204 5242538.6 0.00023189041
125 130 24380994 0.0010784315 5712504 0.00025267813
130 135 25727170 0.0011379761 6143902.1 0.00027175993
135 140 27099522 0.0011986787 6663615.2 0.00029474813
140 145 28440234 0.0012579817 7219295.3 0.00031932723
145 150 29819556 0.0013189925 7756378.1 0.00034308372
150 155 31181174 0.0013792202 8146477.8 0.00036033879
155 160 32533108 0.0014390196 8608138.2 0.00038075917
160 165 33882490 0.0014987061 9027234.7 0.00039929684
165 170 35207290 0.0015573052 9354017.1 0.00041375123
170 175 36518642 0.0016153096 9799857.4 0.00043347185
175 180 37847908 0.0016741063 10165297 0.00044963613
180 185 39206608 0.0017342049 10626537 0.00047003792
185 190 40526840 0.001792602 11104980 0.00049120065
190 195 41891910 0.0018529824 11495068 0.00050845519
195 200 43153168 0.001908771 11695424 0.00051731745
