0 5 306166 1.3371366e-05 -5620.3783 -2.4546205e-07
5 10 436990 1.9084919e-05 -15743.32 -6.8756717e-07
10 15 591410 2.5828993e-05 -14056.136 -6.138818e-07
15 20 791084 3.4549472e-05 610.92952 2.6681481e-08
20 25 1083326 4.7312727e-05 5840.797 2.5508853e-07
25 30 1565932 6.838986e-05 13639.243 5.9567458e-07
30 35 2385414 0.00010417957 100694.84 4.3977042e-06
35 40 3302572 0.00014423515 255243.76 1.1147409e-05
40 45 4140190 0.00018081693 381399.14 1.6657067e-05
45 50 5000728 0.00021839971 473077.72 2.0660999e-05
50 55 5903734 0.00025783721 606043.5 2.6468091e-05
55 60 6898212 0.00030126963 854222.97 3.7306977e-05
60 65 7955348 0.00034743854 1070281.1 4.6743009e-05
65 70 9053650 0.00039540533 1314005.4 5.7387324e-05
70 75 10194240 0.00044521898 1557129.5 6.8005422e-05
75 80 11398830 0.00049782774 1842169.6 8.0454145e-05
80 85 12644848 0.00055224581 2212519.5 9.6628651e-05
85 90 13926598 0.00060822442 2588211.8 0.00011303648
90 95 15221768 0.00066478914 2857462.6 0.00012479563
95 100 16573306 0.00072381564 3149421.8 0.00013754653
100 105 17923448 0.00078278118 3522548.9 0.00015384233
105 110 19236250 0.00084011595 3926174.6 0.00017147011
110 115 20571140 0.00089841537 4263986.9 0.00018622358
115 120 21911786 0.00095696619 4846111.8 0.00021164706
120 125 23306864 0.0010178942 5348575 0.00023359143
125 130 24706914 0.0010790394 5767159.3 0.0002518725
130 135 26098090 0.0011397971 6348153.6 0.00027724661
135 140 27526926 0.0012021995 6880833.6 0.00030051065
140 145 28952670 0.0012644668 7203923.9 0.00031462116
145 150 30300156 0.0013233164 7631416.7 0.0003332913
150 155 31682876 0.0013837047 8187730.8 0.00035758753
155 160 33064102 0.0014440278 8726462 0.00038111586
160 165 34457820 0.0015048964 9199009.4 0.00040175369
165 170 35862156 0.0015662288 9722318.7 0.00042460848
170 175 37223208 0.0016256708 10168971 0.0004441154
175 180 38572258 0.0016845887 10631497 0.00046431557
180 185 39946006 0.0017445852 10954928 0.00047844096
185 190 41288856 0.0018032322 11152847 0.00048708477
190 195 42643882 0.0018624111 11640880 0.00050839891
195 200 44020302 0.0019225243 12134928 0.00052997578
