2.5 10.136061 0.0068076684
7.5 1.4567402 -0.056155253
12.5 0.32762447 -0.042566446
17.5 -0.033264121 -0.043295782
22.5 -0.1506003 -0.035828038
27.5 -0.13301234 -0.039197276
32.5 -0.016898733 -0.024386404
37.5 0.030678956 -0.0053651037
42.5 0.025733787 0.0009630102
47.5 0.016833805 -0.0024049123
52.5 0.010219416 -0.0023827206
57.5 0.005389007 -0.0064846406
62.5 0.0046117276 -0.0091117441
67.5 0.0044066731 -0.0079608945
72.5 0.0018118294 -0.0055937138
77.5 0.00099909981 -0.0053879233
82.5 0.00071788244 -0.0035488968
87.5 0.00091289619 -0.0026175337
92.5 0.00011562882 -0.003773958
97.5 -0.00010210697 -0.0054704771
102.5 0.00054186417 -0.0057395564
107.5 0.00080298399 -0.0025598511
112.5 0.00014719515 -0.0018006546
117.5 -0.00066293688 -0.0020491225
122.5 -0.00049853785 -0.0017966753
127.5 0.00017032417 -0.0027137496
132.5 -4.5823387e-05 -0.0026507559
137.5 -0.00038490358 -0.0033710418
142.5 -0.00043720315 -0.004208666
147.5 -8.5935912e-05 -0.0024121353
152.5 0.0004147289 -0.0010609231
157.5 0.00036496243 -0.00020922482
162.5 -0.00028093625 -0.00051350258
167.5 -0.00067227006 0.0010829222
172.5 -0.00043592915 -0.00038357554
177.5 -0.00038850769 -0.0015264481
182.5 -0.00046038728 -0.0008735854
187.5 -0.00035663021 -0.00031442226
192.5 6.1014466e-05 0.0010167778
197.5 0.00038145966 4.7058233e-05
