2.5 10.08819 0.20370835
7.5 1.4334456 -0.065488255
12.5 0.31477642 -0.045041016
17.5 -0.032200156 -0.039215597
22.5 -0.14572243 -0.041132184
27.5 -0.12753279 -0.035893014
32.5 -0.017136543 -0.018557972
37.5 0.031235867 -0.0061078881
42.5 0.026346725 -0.001802886
47.5 0.014475097 -0.00043432096
52.5 0.0082965104 -0.0050638987
57.5 0.0055945954 -0.0060586387
62.5 0.0043916305 -0.0051362137
67.5 0.0034480318 -0.0066350478
72.5 0.0023494418 -0.0037622299
77.5 0.0018022524 -0.0021380292
82.5 0.0012345724 -0.0013907118
87.5 0.00041520194 0.00018793138
92.5 0.00097487779 -0.0025101896
97.5 0.00073192146 -0.0031927918
102.5 0.00056162529 -0.0045926282
107.5 0.00053873903 -0.0032582474
112.5 0.0012904138 -0.0026379784
117.5 0.00035407208 -0.0011907887
122.5 0.00018670136 -0.00089304107
127.5 -0.00016964059 0.0001973298
132.5 -0.0013280795 -0.0027242877
137.5 2.6168604e-05 -0.0013903134
142.5 0.00032258782 -0.001473219
147.5 -0.00097876144 -0.00025384353
152.5 -0.00026599612 -0.0009927945
157.5 -0.00010121293 -0.00061000762
162.5 8.8358801e-06 -0.0018585319
167.5 0.00079082478 -0.0017116658
172.5 -0.00022098363 -0.00077664447
177.5 0.00019605164 -0.00058515679
182.5 7.5638397e-05 0.0011180016
187.5 0.00017465021 0.00076894615
192.5 0.0002971473 0.00013949123
197.5 0.00040412216 -0.00037459551
