2.5 10.174498 -0.02932843
7.5 1.4821991 -0.10661207
12.5 0.32609072 -0.055657065
17.5 -0.032171168 -0.039519652
22.5 -0.14724013 -0.04223638
27.5 -0.13064941 -0.036761574
32.5 -0.017296513 -0.0241847
37.5 0.029991701 -0.0074510281
42.5 0.027415893 0.00049354414
47.5 0.018985272 -0.0020950635
52.5 0.011269888 0.0010126099
57.5 0.0087118542 -0.00076184324
62.5 0.0034909282 -0.0012015277
67.5 0.0025318828 -0.0021054631
72.5 0.0014497111 -0.0051276501
77.5 0.0018456218 -0.0037947561
82.5 0.0025448114 -0.0018507583
87.5 0.0016692637 -0.0024078663
92.5 0.00098803768 -0.0033810606
97.5 0.0013938934 -0.0033795727
102.5 0.00152974 -0.0033102998
107.5 0.0010143422 -0.001865719
112.5 -0.00045303552 -0.0017461901
117.5 -0.0012962403 -0.003371521
122.5 -8.5670412e-05 -0.005501173
127.5 0.00064000811 -0.0026161235
132.5 0.00091140245 -0.0015373653
137.5 -1.7218171e-05 -0.0037518061
142.5 -6.4003543e-05 -0.003336178
147.5 0.00010400981 -0.0010046962
152.5 0.00055999064 -0.0014254602
157.5 0.0010558274 -0.0014985884
162.5 0.0011512869 -0.0022664756
167.5 0.00042540486 -0.0014680505
172.5 -0.00010784104 9.5633729e-05
177.5 -0.00022338166 0.0008366998
182.5 -0.00018500109 -0.00016281716
187.5 0.00025205781 3.50152e-05
192.5 9.4191162e-05 -0.00050842932
197.5 0.00064974203 -0.00066977054
