2.5 10.091811 0.062667348
7.5 1.4502106 -0.082424355
12.5 0.32050352 -0.065106169
17.5 -0.033740341 -0.045488502
22.5 -0.14384531 -0.035107607
27.5 -0.13137003 -0.033850647
32.5 -0.021092732 -0.024254868
37.5 0.027913263 -0.010955989
42.5 0.024732945 -0.0068074279
47.5 0.016008027 -0.0039640157
52.5 0.0097517703 0.0022352724
57.5 0.0070597014 -0.001120743
62.5 0.0046065131 -0.0037237537
67.5 0.0022106516 -0.0040290163
72.5 0.0012162696 -0.0075375421
77.5 0.0023086467 -0.0038861934
82.5 0.0011566464 -0.0030678025
87.5 0.00045083204 -0.0028183513
92.5 0.00095883068 -0.00068270401
97.5 0.00041733248 -0.00077557146
102.5 0.0012092402 -0.0040250621
107.5 0.00037756029 -0.004413058
112.5 0.00064722852 -0.0018131725
117.5 0.00058238395 -7.6287189e-05
122.5 0.00015224347 -0.00028066454
127.5 -0.00063701832 -0.0014974086
132.5 -1.8603174e-06 -0.0011376516
137.5 0.00073333516 0.00034194149
142.5 0.0003477561 -0.00059867105
147.5 -0.00064449576 -0.000186388
152.5 -0.00096238957 -0.00020016001
157.5 -0.00035824038 -0.0015092796
162.5 -0.00014676331 -0.0010112926
167.5 -0.00015510596 -0.0012985627
172.5 7.4689168e-05 -0.00019914515
177.5 -0.00022093432 0.00026562915
182.5 -0.00035707785 -0.00066147108
187.5 6.285569e-05 0.00036156502
192.5 -1.5650994e-05 0.00038337313
197.5 5.5953478e-05 -0.00082662301
