2.5 10.232392 0.029330084
7.5 1.4762284 -0.072710365
12.5 0.32977787 -0.056381356
17.5 -0.026700826 -0.048633809
22.5 -0.14749705 -0.04431098
27.5 -0.12986317 -0.039666384
32.5 -0.01895524 -0.021950338
37.5 0.028334426 -0.0063254067
42.5 0.026215389 0.0027037864
47.5 0.016127586 0.00024820974
52.5 0.0098449129 -0.0033580472
57.5 0.0056250484 -0.0037403942
62.5 0.0046642931 -0.0010998454
67.5 0.0036349574 -0.00038496897
72.5 0.0036493991 -0.0026089577
77.5 0.001119858 -0.0016836446
82.5 -0.00071959212 -0.0036066029
87.5 9.198854e-05 -0.003606925
92.5 0.00073504554 -0.0023721334
97.5 0.00012446289 -0.0026103126
102.5 0.00051286018 -0.00034909115
107.5 0.00109765 -0.00071177186
112.5 0.00079212393 -0.00078029416
117.5 -0.00056671635 -0.00065719704
122.5 0.00025185915 -0.00091044485
127.5 -0.00033904983 -0.0022962271
132.5 -0.0001778664 -0.0019465226
137.5 0.0010241488 -0.0037143578
142.5 0.00072524007 -0.00078957519
147.5 0.00049550709 -0.0014965078
152.5 -0.00035041885 -0.0021815639
157.5 -0.00016216034 -0.0024022251
162.5 -0.00011729569 -0.00047780093
167.5 -2.486251e-05 -0.00089990571
172.5 8.4441457e-07 0.0014235641
177.5 0.00057316791 0.0010186174
182.5 0.00069620221 -0.0012234129
187.5 0.0012288221 -0.0011129481
192.5 0.00038288329 -0.00065513626
197.5 0.00025217878 -2.4180456e-05
