2.5 10.20416 0.12426865
7.5 1.4620977 -0.093024881
12.5 0.32019072 -0.055578191
17.5 -0.033267565 -0.045971471
22.5 -0.14635704 -0.044053584
27.5 -0.13170611 -0.039070291
32.5 -0.020185138 -0.020972404
37.5 0.029051853 -0.0046502431
42.5 0.025793429 0.0043004457
47.5 0.016590711 0.002033029
52.5 0.010572551 0.0012498685
57.5 0.007800776 -0.0012940218
62.5 0.0043913798 -0.0036443919
67.5 0.0044960259 -0.0038341053
72.5 0.0027645993 -0.0036454757
77.5 0.00098278754 -0.005139431
82.5 0.00015951999 -0.0048361911
87.5 0.00073371306 -0.0042520988
92.5 0.0013109299 -0.004027878
97.5 0.0019899182 -0.004757648
102.5 0.0021811097 -0.0028102944
107.5 0.00010520093 -0.0022348891
112.5 -0.00061990255 -0.0041630137
117.5 -0.00133784 -0.0028356745
122.5 -0.00037307727 -0.0038787758
127.5 0.00021003772 -0.00090170921
132.5 0.00056347863 -0.0011167796
137.5 -0.00043104546 0.00019560689
142.5 -0.00021639599 -0.00068686832
147.5 0.00048034684 -0.00025532133
152.5 0.00091569155 -0.00023686264
157.5 0.00052821264 -0.0021819788
162.5 0.00024050348 -0.00054222536
167.5 4.216776e-05 -0.0014736628
172.5 -0.00011277213 -0.0012472724
177.5 0.00030721786 0.00038616591
182.5 -0.00014160062 0.00059917312
187.5 -0.00011066007 0.0013153058
192.5 -0.00064935286 0.00043733588
197.5 -0.00030152517 -0.0015359009
