2.5 10.278855 0.056806665
7.5 1.4638153 -0.093255377
12.5 0.32116611 -0.058720551
17.5 -0.028766108 -0.048589938
22.5 -0.14493617 -0.042669753
27.5 -0.12913878 -0.040576195
32.5 -0.01274092 -0.017635934
37.5 0.03286295 -0.0020611066
42.5 0.026966137 -0.00039381724
47.5 0.017815328 -0.0069709968
52.5 0.011066496 -0.0067941815
57.5 0.0084396471 -0.00217777
62.5 0.0056641669 -0.0040352568
67.5 0.0035513348 -0.0072191045
72.5 0.0018905962 -0.0050849845
77.5 0.0034221785 -0.0058075045
82.5 0.0011595019 -0.0056080011
87.5 0.0009982818 -0.002792092
92.5 0.0016229301 -0.0017332212
97.5 0.0015529897 -0.0057277099
102.5 0.001570858 -0.0057058033
107.5 0.0015242155 -0.0025944012
112.5 0.00080745754 -0.0039860512
117.5 0.0002285833 -0.0028934884
122.5 0.00039770464 -0.0024073187
127.5 0.00038296401 -0.00296671
132.5 -0.00087234086 -0.0029633023
137.5 -0.00094468996 -0.0021103435
142.5 0.00052376485 -0.0025690985
147.5 0.00042227898 -0.0014095173
152.5 -0.0002872361 -0.0014039161
157.5 -0.00026037992 -0.0024365066
162.5 -0.00014623368 -0.0020419474
167.5 0.00062306527 0.00049007717
172.5 0.00042607552 0.00082898588
177.5 -0.000288219 0.0014104158
182.5 1.3920624e-05 0.0014946603
187.5 -0.00025251825 -0.00028056862
192.5 -0.00022328907 -0.0007157841
197.5 2.1281794e-05 -0.00031443842
