2.5 10.168378 0.017618303
7.5 1.4491584 -0.098314943
12.5 0.31797681 -0.06756119
17.5 -0.029567802 -0.053867979
22.5 -0.14045664 -0.053122591
27.5 -0.12953126 -0.044090301
32.5 -0.017698177 -0.027447102
37.5 0.032819142 -0.0062976548
42.5 0.027577868 -0.0077324434
47.5 0.017677682 -0.0067973589
52.5 0.012523552 -0.0061883411
57.5 0.0086078694 -0.0080644984
62.5 0.0055550909 -0.0012704282
67.5 0.0041452932 -0.00054378299
72.5 0.0024512668 -0.0033474336
77.5 0.001232823 -0.0065921376
82.5 0.00063704397 -0.0064263851
87.5 0.00077930868 -0.0049974282
92.5 0.00037549047 -0.0037234446
97.5 0.00030900198 -0.0020758771
102.5 0.0018898822 -0.003771419
107.5 0.0016943656 -0.0029806234
112.5 0.00083337276 -0.003013521
117.5 0.00018430439 -0.0041408542
122.5 0.00025165226 -0.0043626524
127.5 0.00046371849 -0.0029776985
132.5 0.00023555418 -0.0031666258
137.5 0.0006837028 -0.0038762907
142.5 0.00031219068 -0.00099005858
147.5 0.00011880019 0.00058260757
152.5 0.00043322405 -7.1783616e-05
157.5 9.3891461e-05 -0.0014585021
162.5 0.00018354786 -0.0024629934
167.5 7.581423e-05 -0.0040196446
172.5 -0.00053797721 -0.0028526621
177.5 -0.00010484102 -0.00086075465
182.5 0.00062671279 -0.0012670982
187.5 0.00050558327 -8.686642e-05
192.5 -4.0743255e-06 -0.00040826765
197.5 0.00020633265 -8.8299273e-05
