2.5 10.220279 0.050665627
7.5 1.4593366 -0.063038787
12.5 0.31809327 -0.047294546
17.5 -0.02767117 -0.039629716
22.5 -0.14358393 -0.039148627
27.5 -0.13081368 -0.039036503
32.5 -0.017222593 -0.025705248
37.5 0.03234314 -0.0079167332
42.5 0.026606916 -0.0063678371
47.5 0.017555888 -0.00429028
52.5 0.010018844 -0.002476532
57.5 0.0068119524 -0.0021544315
62.5 0.0041322478 -0.0039998658
67.5 0.0038005532 -0.0045754343
72.5 0.0013331538 -0.0075115762
77.5 0.0018455571 -0.0071258444
82.5 0.0001951438 -0.0040146925
87.5 0.00017278592 -0.0041121919
92.5 0.00083036013 -0.0053881614
97.5 0.00071631084 -0.0021255381
102.5 0.00064292688 -0.0046608535
107.5 0.00031144258 -0.0053658665
112.5 0.00032548904 -0.0035123011
117.5 0.00020186748 -0.0039128857
122.5 -0.0005722669 -0.0042458091
127.5 -0.00015020648 -0.0030902445
132.5 -0.00053865198 -0.0046529433
137.5 -0.00047919425 -0.0042706165
142.5 0.00036534183 -0.0027663077
147.5 0.00022058394 -0.0035008872
152.5 -4.2913214e-05 -0.0018027337
157.5 -0.00049570696 -0.0011552432
162.5 2.0191961e-05 -0.0013744485
167.5 -0.00070815401 -0.0014924799
172.5 2.0067325e-05 -0.002970545
177.5 0.00039514866 -0.00070380521
182.5 0.00044063758 -0.00066215521
187.5 0.0010108451 -0.0011678407
192.5 0.001082358 -8.9339962e-05
197.5 0.00011909745 0.00014014688
