2.5 10.240603 -0.034710289
7.5 1.472415 -0.098216389
12.5 0.3226924 -0.067415713
17.5 -0.028939852 -0.053863855
22.5 -0.14577327 -0.048300276
27.5 -0.13048341 -0.040446785
32.5 -0.016528431 -0.025001578
37.5 0.032758596 -0.0089711423
42.5 0.0283016 -0.001097578
47.5 0.017544217 -0.0026505597
52.5 0.0093350062 -0.0070629542
57.5 0.0069260912 -0.0095788675
62.5 0.004232571 -0.0052538639
67.5 0.0025407655 -0.0025129178
72.5 0.0019929683 -0.0032180639
77.5 0.0027629365 -0.00047402394
82.5 0.0030770437 -0.00027365752
87.5 0.001879839 -0.0015992366
92.5 0.0012418278 -0.0044049011
97.5 0.00032283085 -0.0043920488
102.5 0.00090380732 -0.004797534
107.5 0.0016487952 -0.0018144177
112.5 0.0010192052 -0.003041949
117.5 0.00017375574 -0.0019837996
122.5 -0.00020516584 -0.0026023362
127.5 -0.00057424893 -0.0025321166
132.5 -0.0004840293 -0.0027796242
137.5 -0.00035063263 -0.0012448114
142.5 7.1729886e-05 -0.00045238603
147.5 -6.9371569e-05 -0.0019306068
152.5 -0.00090112555 -0.0025026213
157.5 -9.0792276e-05 -0.0021565827
162.5 -0.00036180194 -0.0021379835
167.5 -0.00057705264 -0.0014699337
172.5 -0.00049023982 -0.0014744595
177.5 0.0002283511 -0.0015819882
182.5 -0.00014231976 -0.00025759522
187.5 0.00028646502 -7.4796755e-06
192.5 0.00062832524 -0.00048632351
197.5 0.00030940526 0.00039473727
