2.5 10.118752 0.055214509
7.5 1.4575252 -0.078734859
12.5 0.32084894 -0.04742724
17.5 -0.02710953 -0.035644849
22.5 -0.14365177 -0.035783354
27.5 -0.13063606 -0.039676073
32.5 -0.021543899 -0.024998092
37.5 0.030734638 -0.011443327
42.5 0.025037855 -0.0065926507
47.5 0.016828588 -0.0030518304
52.5 0.010302851 -0.0046473648
57.5 0.0079892475 -0.007537923
62.5 0.0038386862 -0.0046784753
67.5 0.0022735055 -0.0059914101
72.5 0.0012845519 -0.0061150151
77.5 0.00096062542 -0.0050811251
82.5 0.0020310623 -0.0027753941
87.5 0.00087867628 -0.0038863481
92.5 0.0011256512 -0.0023391497
97.5 0.00016139288 -0.0032923074
102.5 0.0011198955 -0.0027667322
107.5 0.00076240739 -0.0017898195
112.5 0.00025849791 -0.0033455526
117.5 0.00072718452 -0.0021704341
122.5 9.3791342e-05 -0.0034985045
127.5 0.0003355929 -0.0013510341
132.5 -0.0004510194 0.0016675869
137.5 -0.00060311792 -0.0013540016
142.5 0.00032126173 -0.0019853793
147.5 0.00051014601 -0.0032659202
152.5 0.00081986907 -0.0025341111
157.5 -5.4224694e-05 0.00046237301
162.5 0.00029236983 7.4523831e-05
167.5 0.00019684134 -0.0011537053
172.5 -0.00021661797 -0.00012549037
177.5 0.00056817473 0.0010318339
182.5 -0.00037031504 0.00083055699
187.5 0.00022461011 0.00054582979
192.5 0.00094464661 -0.0008126648
197.5 0.00062326684 0.00097083348
