2.5 10.154987 -0.053752281
7.5 1.4566576 -0.087664698
12.5 0.32185878 -0.03960003
17.5 -0.028153046 -0.037342981
22.5 -0.14619169 -0.043706788
27.5 -0.12946997 -0.045459346
32.5 -0.017318887 -0.027050113
37.5 0.030586176 -0.010804716
42.5 0.024835556 -0.0075018863
47.5 0.01644191 -0.00016478392
52.5 0.010674523 -0.0025812874
57.5 0.0082442402 -0.0028229783
62.5 0.0046341002 -0.005219026
67.5 0.0027512888 -0.00052048384
72.5 0.0018574385 0.0014756297
77.5 -0.00016459748 -0.0034694644
82.5 0.00095379942 -0.004095372
87.5 0.00048130335 -0.00040514904
92.5 0.00091662812 -0.0021140267
97.5 0.00076738221 -0.0025517062
102.5 0.00062434747 -0.0040340524
107.5 0.00099401648 -0.0026995222
112.5 -0.00020994255 -0.0049374046
117.5 -0.00047107989 -0.0032685807
122.5 -0.00026474531 -0.00037384934
127.5 4.6228337e-05 -0.00093399697
132.5 -0.0010984191 -0.0017877797
137.5 -0.00094736772 -0.0024897594
142.5 -0.0002276484 -0.0027031661
147.5 0.00032772573 -0.0010287515
152.5 6.8627694e-05 -0.00089406621
157.5 -9.2084001e-07 -0.001459879
162.5 6.9643309e-05 -0.0022123024
167.5 -0.0005492405 -0.0017982347
172.5 -0.00086445442 -0.00087203135
177.5 -0.00035011494 0.00084159288
182.5 -0.00026820047 0.00090685327
187.5 8.5676193e-06 0.00092563571
192.5 2.9118307e-05 0.00047863843
197.5 -0.00054525531 -0.00087714212
