2.5 10.185008 0.089259736
7.5 1.4457817 -0.10379434
12.5 0.31526113 -0.067649177
17.5 -0.034497599 -0.04193033
22.5 -0.1471048 -0.041544626
27.5 -0.13152071 -0.037238479
32.5 -0.016423009 -0.021712654
37.5 0.029166225 -0.0086849354
42.5 0.023978376 -0.0030920922
47.5 0.016492643 -0.0015344995
52.5 0.01155747 -0.0015193425
57.5 0.0081219779 -0.0016566226
62.5 0.0067079067 -0.0015172703
67.5 0.0040624984 -0.0018174256
72.5 0.0019653065 -0.0012318868
77.5 -0.00041618196 -0.0031018605
82.5 -0.0011552869 -0.0035095494
87.5 0.00010346979 -0.0044762372
92.5 -5.4566029e-06 -0.002084443
97.5 0.0011510798 -0.0022696954
102.5 0.0021193859 -0.0026038084
107.5 0.0019369017 -8.4152378e-05
112.5 0.0013541379 -0.00013600468
117.5 0.0001730719 4.9144837e-06
122.5 0.00042470177 -0.0015158308
127.5 0.00044456422 -0.0023141895
132.5 -0.00027497797 -0.0017908593
137.5 -0.00060266474 -0.00064527274
142.5 0.0004635887 1.0078533e-05
147.5 0.00060565978 -0.00012125627
152.5 -0.00053015649 -7.9866199e-05
157.5 9.6590445e-05 -0.002369804
162.5 0.00043620502 -0.0013956485
167.5 -9.7263048e-05 -0.0010406375
172.5 -0.00037388215 -0.00030377136
177.5 0.00052135927 5.9591915e-05
182.5 0.00078768681 0.00097111855
187.5 0.00064713016 -0.00032454864
192.5 0.0010372572 9.9878687e-05
197.5 0.0003580333 -0.00058355691
