2.5 10.162739 -0.13182799
7.5 1.4619995 -0.096328917
12.5 0.32309974 -0.065090101
17.5 -0.034398224 -0.043607969
22.5 -0.14708308 -0.048430935
27.5 -0.13183905 -0.045645501
32.5 -0.018663718 -0.026623729
37.5 0.031326749 -0.0060386039
42.5 0.026931946 -0.0020794311
47.5 0.019099144 -0.0028509082
52.5 0.011803649 -0.0015844303
57.5 0.0074702266 -0.0036331754
62.5 0.0052949498 -0.0063259216
67.5 0.0038786236 -0.0055228657
72.5 0.0025933984 -0.0064329209
77.5 0.00095256673 -0.0071132718
82.5 0.00079740348 -0.0073247104
87.5 0.00096408876 -0.0040200523
92.5 0.00092748933 -0.0029016543
97.5 0.0014560922 -0.0013137287
102.5 0.0011870459 -0.003357336
107.5 0.0010748919 -0.0018793594
112.5 0.0013068849 -0.0017748062
117.5 0.00037259907 -0.0035971948
122.5 -0.00029342095 -0.0041384333
127.5 -0.00055357163 -0.0030785281
132.5 -0.00043967219 -0.0049314427
137.5 -2.8222454e-05 -0.0034559037
142.5 -0.00041809911 -0.0024673467
147.5 0.00013262623 -0.0018544091
152.5 0.00092413522 -0.0028979211
157.5 0.00023120868 -0.0017602471
162.5 -0.00061005354 -0.0039397148
167.5 -0.00037333562 -0.0021835067
172.5 -0.0001945781 -0.0013274198
177.5 -0.0003490609 -0.00099343403
182.5 0.00031853117 -0.0007713876
187.5 0.00043459587 -0.0012055019
192.5 0.0001168378 -0.0014743329
197.5 -0.00038657401 -0.0007953428
