2.5 10.314281 -0.16073042
7.5 1.4821197 -0.10982402
12.5 0.32305876 -0.052362837
17.5 -0.030001014 -0.041831471
22.5 -0.14789499 -0.052920218
27.5 -0.13452791 -0.044605767
32.5 -0.017223884 -0.032508765
37.5 0.032583163 -0.0061439628
42.5 0.027728449 0.0013979613
47.5 0.018659154 0.0033442726
52.5 0.012212224 -0.0023344007
57.5 0.0065285874 -0.0034068547
62.5 0.0049484111 -0.0040247549
67.5 0.0028468299 -0.0047915915
72.5 0.0019010484 -0.0036233964
77.5 0.001193084 -0.0058707023
82.5 0.0018307102 -0.005629984
87.5 0.00085222266 -0.0020601294
92.5 -0.00010615437 -0.0028467958
97.5 0.00040062529 -0.0025056566
102.5 0.00036196313 -0.0027524769
107.5 0.0010897824 -0.0031890721
112.5 0.0014695222 -0.0034815498
117.5 -8.1175857e-07 -0.0029806118
122.5 -0.0010582405 -0.0029570306
127.5 -0.0012152271 -0.0035997663
132.5 -0.00065294422 -0.0029124151
137.5 0.00052146615 -0.0032357871
142.5 0.00050075555 -0.0023967285
147.5 0.0005320007 -0.0023772308
152.5 0.00034206465 -0.0015112409
157.5 0.00018528501 -0.0015140453
162.5 -0.00029005343 -0.0032137558
167.5 -0.0001966052 -0.0013058264
172.5 7.8811577e-05 -0.00028817511
177.5 -0.00021657071 -4.7464981e-05
182.5 -0.00031905484 -0.00080188035
187.5 -0.00021903473 0.00027749893
192.5 -3.3729949e-05 6.4204114e-05
197.5 0.00021485595 0.0016054351
