2.5 10.302169 -0.098951466
7.5 1.4797611 -0.11231245
12.5 0.33040778 -0.055648335
17.5 -0.029641917 -0.057773793
22.5 -0.14938291 -0.050968851
27.5 -0.13410677 -0.043562681
32.5 -0.019691649 -0.02637963
37.5 0.027767311 -0.011743869
42.5 0.025740787 0.0021366484
47.5 0.017040842 -0.00015178517
52.5 0.0084408384 -0.0028383122
57.5 0.0061678613 -0.0015246849
62.5 0.0045870871 -0.005390068
67.5 0.0043869252 -0.0053027303
72.5 0.0029122182 -0.0047815324
77.5 0.0017705389 -0.0049411492
82.5 0.00077419854 -0.0060220669
87.5 -0.00065768307 -0.0037913873
92.5 -0.0011523286 -0.0029599167
97.5 0.00033719588 -0.0042382841
102.5 0.0019711578 -0.0022296673
107.5 0.002428281 -0.0021733346
112.5 0.001363648 -0.0034728704
117.5 0.00052964527 -0.0043690228
122.5 -0.00079981522 -0.0052273204
127.5 -0.00047909 -0.0035127811
132.5 0.00015128869 -0.0017779613
137.5 0.00012872972 -0.002813267
142.5 8.8362869e-05 -0.00093604764
147.5 0.00016660367 0.0005166726
152.5 0.00016537711 -0.00036851294
157.5 -0.00069733203 -0.00045849315
162.5 -0.00036455871 -0.0017747758
167.5 -0.00011598441 -0.0030267218
172.5 0.00034867036 -0.0016595243
177.5 0.00079517707 0.00090863602
182.5 0.00022436691 0.00039663203
187.5 8.4364293e-05 0.0016156014
192.5 -0.00044376225 0.00058083304
197.5 -0.00047325818 0.00022015949
