2.5 10.218967 0.03048459
7.5 1.4497962 -0.063930387
12.5 0.32098008 -0.04371288
17.5 -0.028937118 -0.043805988
22.5 -0.14280659 -0.039548563
27.5 -0.12895858 -0.039134462
32.5 -0.014559302 -0.020581749
37.5 0.031880084 -0.0047507337
42.5 0.024436109 -0.0015013955
47.5 0.016738609 -0.0032662332
52.5 0.010006638 -0.0037586835
57.5 0.0070914035 -0.005145435
62.5 0.0055504577 -0.0013108272
67.5 0.0041546878 -0.0033363029
72.5 0.002131217 -0.0010619137
77.5 0.0014089306 -0.0030414305
82.5 0.0010631215 -0.00334236
87.5 0.00088408494 -0.0053861494
92.5 0.00037663811 -0.0056667082
97.5 0.00045406462 -0.0038820823
102.5 0.00089818521 -0.0035300397
107.5 0.00055535896 -0.0037230923
112.5 -3.4570971e-05 -0.0029018553
117.5 -0.00067642609 -0.0017852369
122.5 -0.00050219869 -0.0020435634
127.5 -0.0012272663 -0.0030347845
132.5 -0.00054486243 -0.0018710445
137.5 -0.00029924855 -0.00052111472
142.5 -0.00038414739 -0.001401965
147.5 -0.00030288002 -0.0021420659
152.5 -0.00049128008 -0.0025140252
157.5 -0.00064623899 -0.0019141001
162.5 -0.00069215951 -0.00092387805
167.5 -0.00075121067 -0.0011765009
172.5 -0.00048555754 -0.0013565789
177.5 -0.00032149973 -0.0019795906
182.5 -0.00016065406 -0.00013893976
187.5 -0.00033216678 -0.0010146162
192.5 -0.00010992569 -0.0014552659
197.5 -1.3221421e-05 -0.0010733454
