2.5 10.286525 0.012333959
7.5 1.4820522 -0.075065738
12.5 0.32726529 -0.061252879
17.5 -0.027645384 -0.046963135
22.5 -0.14625511 -0.050229728
27.5 -0.12992098 -0.043862562
32.5 -0.017371983 -0.024157977
37.5 0.028991951 -0.0010102601
42.5 0.023511836 -0.005504194
47.5 0.016424106 -0.0071802122
52.5 0.0083697036 -0.0051244177
57.5 0.0064871477 -0.0047731659
62.5 0.0061749527 -0.0013280427
67.5 0.0039865397 -0.00069303168
72.5 0.0014758949 -0.0065047906
77.5 0.00033832173 -0.0072134506
82.5 0.00072323192 -0.0055217137
87.5 0.0018314454 -0.0030049114
92.5 0.001279351 -0.0035528641
97.5 1.9373063e-05 -0.0042205617
102.5 0.00048739014 -0.0027495321
107.5 0.0012107604 -0.0012405779
112.5 9.749405e-05 -0.0029500617
117.5 -0.0004309911 -0.0026113507
122.5 0.00038617173 -0.0051871516
127.5 -0.00071127449 -0.0068558567
132.5 -0.00063765387 -0.0042374481
137.5 0.00028315659 -0.0030531754
142.5 -0.00063191786 -0.0018515387
147.5 7.8723394e-05 -0.00020205426
152.5 0.00026992552 -0.0014387523
157.5 -0.00073000163 -0.0012059609
162.5 -0.00037338823 -0.0029151154
167.5 0.0002102218 -0.0039298447
172.5 0.00099911336 -0.0028958403
177.5 0.00031650384 -0.00062929295
182.5 0.00052884309 -5.8170017e-05
187.5 -0.00028008666 -0.00096697221
192.5 0.00024026057 -0.00041293791
197.5 0.00095711174 -0.00065178732
