2.5 10.137257 0.18045259
7.5 1.4499606 -0.050334644
12.5 0.32066114 -0.043911894
17.5 -0.029369317 -0.038390983
22.5 -0.14491529 -0.037265491
27.5 -0.13339093 -0.036129089
32.5 -0.018651595 -0.018653462
37.5 0.03320555 -0.0010181687
42.5 0.027152251 0.0017304883
47.5 0.017166661 -4.231403e-05
52.5 0.0092579842 -0.0037035595
57.5 0.0044124859 -0.0082544766
62.5 0.0042494852 -0.010309916
67.5 0.0028151367 -0.0077280184
72.5 0.0024421543 -0.00022225215
77.5 0.0024239872 -0.00053990417
82.5 0.0016273722 -0.0038894286
87.5 0.0017160215 -0.0055388636
92.5 0.0011946566 -0.0035846183
97.5 0.00052402687 -0.00021833177
102.5 0.00071517312 9.5048523e-05
107.5 0.00090375557 0.00059847556
112.5 0.00079364897 -0.0030193035
117.5 0.0016741881 -0.0018916627
122.5 0.0013981164 -0.002273884
127.5 0.00045767338 -0.0040406558
132.5 0.00014800263 -0.0026775584
137.5 -0.00044607383 -0.0028934326
142.5 -0.00078042627 -0.00066544213
147.5 0.00034371953 -0.00041627
152.5 0.001052768 -0.0022347263
157.5 0.00048047258 -0.0027342148
162.5 0.00061020759 -0.0029017396
167.5 0.00076728391 -0.0007606785
172.5 0.00024485242 -0.00050349124
177.5 -0.00044902142 -0.001900071
182.5 -0.00036774966 -0.00061741202
187.5 3.9046747e-05 -0.00066202061
192.5 0.00089937096 0.00075577611
197.5 0.00084238176 0.00050369622
