2.5 10.224171 -0.069419608
7.5 1.4702846 -0.093999763
12.5 0.33186667 -0.074798888
17.5 -0.025076719 -0.054486486
22.5 -0.14328429 -0.050042604
27.5 -0.13409751 -0.048017397
32.5 -0.021888198 -0.026131897
37.5 0.02816588 -0.011222415
42.5 0.026075067 -0.005198843
47.5 0.015380818 -0.0041449718
52.5 0.010225208 -0.0018316313
57.5 0.0072732507 -0.0025610946
62.5 0.0060502711 -0.0013834124
67.5 0.0047256465 -0.00070582186
72.5 0.0025364024 -0.0027113937
77.5 0.0014324875 -0.0041077069
82.5 0.0011801706 -0.0034983456
87.5 0.0014414033 -0.0036255071
92.5 0.0016019224 -0.0034684776
97.5 0.0012700393 -0.0041853294
102.5 0.0013189166 -0.0023817986
107.5 0.00077482966 -0.001243197
112.5 0.0016235608 -0.00096468308
117.5 0.00085699021 -0.0013942059
122.5 0.00025487154 -0.0019797535
127.5 0.00098206689 -0.00081840721
132.5 0.00098820836 -0.00010918711
137.5 0.0010896161 -0.00086060232
142.5 0.00072086605 -0.001514412
147.5 0.00056081051 -0.00088536841
152.5 -0.00017782569 -0.00076571555
157.5 -0.00031727076 -0.0015406642
162.5 0.00025384198 -0.0023321032
167.5 0.00056423515 -0.0021677339
172.5 0.00079251246 -0.0021123639
177.5 0.00026137295 -0.0026412099
182.5 6.1689001e-07 -0.0012709813
187.5 -0.00050330384 -0.00011465643
192.5 -0.00012753135 -0.00041503617
197.5 -4.930187e-05 -0.0010993356
