2.5 10.145654 0.18140866
7.5 1.4548907 -0.081477269
12.5 0.32636011 -0.053829089
17.5 -0.030147052 -0.042384242
22.5 -0.14641417 -0.044451596
27.5 -0.13275964 -0.044066356
32.5 -0.018734507 -0.035113914
37.5 0.028161288 -0.01498173
42.5 0.021842914 -0.0012700812
47.5 0.015306143 -0.00017487598
52.5 0.0089126637 -0.0013489146
57.5 0.0069126766 -0.0016591526
62.5 0.0050462077 -0.0016735639
67.5 0.0025210952 -0.0025371424
72.5 0.0014288271 -0.0022129422
77.5 0.00047820113 -0.00071076037
82.5 0.00049906786 -0.0016163497
87.5 0.00052668286 -0.0033154801
92.5 0.0012623225 -0.0037553323
97.5 0.0011749592 -0.0031715343
102.5 0.00096658115 -0.0023504149
107.5 0.00069163427 -0.0029091114
112.5 0.00026381433 -0.0013815109
117.5 -0.00083997855 -0.0034140032
122.5 -0.00016546514 -0.0029197292
127.5 -0.00014134904 -0.0021345942
132.5 0.00036361977 -0.002823851
137.5 -6.6665502e-05 -0.001200009
142.5 -0.0006327516 -0.00079081058
147.5 -0.00081097181 -0.0020289531
152.5 -0.00046642709 -0.0019895341
157.5 0.00084301754 -0.0005908364
162.5 0.00069576243 -0.0012590399
167.5 -0.00014191429 -0.00084417338
172.5 -0.00053920894 -0.00024239271
177.5 0.00030832476 -0.0004105108
182.5 0.00019549346 -0.00097396973
187.5 0.00037094659 9.3260662e-05
192.5 0.00042804711 0.00095993887
197.5 -4.8603491e-05 0.00014755422
