2.5	-1.0	0.0	0.0	0.0	0.0	0.0
7.5	-1.0	0.0	0.0	0.0	0.0	0.0
12.5	-1.0	0.0	0.0	0.0	0.0	0.0
17.5	-0.0881894470155239	0.0008815596941778204	0.0	0.0	0.0	0.0
22.5	0.020912110045552254	0.0005761010453711412	0.0	0.0	0.0	0.0
27.5	-0.007073615964502096	0.0005047649428470446	0.0	0.0	0.0	0.0
32.5	-0.008280521760694683	0.0004484382769903388	0.0	0.0	0.0	0.0
37.5	-0.006552991623990237	0.0003978677781738026	0.0	0.0	0.0	0.0
42.5	-0.00501873630611226	0.0003550891273963363	0.0	0.0	0.0	0.0
47.5	-0.0038482256601564584	0.0003183500757080942	0.0	0.0	0.0	0.0
52.5	-0.002943790316581726	0.000290938961741808	0.0	0.0	0.0	0.0
57.5	-0.002222523647593334	0.0002595543733742334	0.0	0.0	0.0	0.0
62.5	-0.0016210807957686485	0.00023504323449615494	0.0	0.0	0.0	0.0
67.5	-0.0010820170356892049	0.00021156567458577787	0.0	0.0	0.0	0.0
72.5	-0.000552520528784953	0.00019579172784312874	0.0	0.0	0.0	0.0
77.5	-9.611716385245472e-05	0.0001864444673453976	0.0	0.0	0.0	0.0
82.5	7.410857265017513e-05	0.00017655216852768488	0.0	0.0	0.0	0.0
87.5	-0.0002342563635196484	0.00016528389343574678	0.0	0.0	0.0	0.0
92.5	-0.0009230383245158009	0.00015593241532957155	0.0	0.0	0.0	0.0
97.5	-0.0016212536206003279	0.00014635283920974625	0.0	0.0	0.0	0.0
102.5	-0.0018897796182427555	0.0001428179450264468	0.0	0.0	0.0	0.0
107.5	-0.0015779105103574693	0.00013180713665966544	0.0	0.0	0.0	0.0
112.5	-0.0009077546355547384	0.00012541373957817502	0.0	0.0	0.0	0.0
117.5	-0.00022085584229506594	0.00011911151572953647	0.0	0.0	0.0	0.0
122.5	0.00023679875229026947	0.00011565786219477108	0.0	0.0	0.0	0.0
127.5	0.0004391433161945315	0.00011409770922912473	0.0	0.0	0.0	0.0
132.5	0.00045944226150459143	0.00011289061194909854	0.0	0.0	0.0	0.0
137.5	0.0004063535902969306	0.00010731684667563078	0.0	0.0	0.0	0.0
142.5	0.0003454119275775156	9.925617679815135e-05	0.0	0.0	0.0	0.0
147.5	0.00028934524586657064	9.937170067769892e-05	0.0	0.0	0.0	0.0
152.5	0.00023895602346237865	9.96795004269913e-05	0.0	0.0	0.0	0.0
157.5	0.00019833207383754826	0.00010386282833010587	0.0	0.0	0.0	0.0
162.5	0.00017350972719759738	0.00010255086978735444	0.0	0.0	0.0	0.0
167.5	0.0001568820441771095	9.65100566539697e-05	0.0	0.0	0.0	0.0
172.5	0.00014893106788730392	9.448823891126015e-05	0.0	0.0	0.0	0.0
177.5	0.00014002834932705355	9.026831268849442e-05	0.0	0.0	0.0	0.0
182.5	0.00012420141808070184	8.70482876117579e-05	0.0	0.0	0.0	0.0
187.5	0.00010629313225246051	8.300471621487993e-05	0.0	0.0	0.0	0.0
192.5	9.268794402373714e-05	7.997323207955344e-05	0.0	0.0	0.0	0.0
197.5	8.714874994382171e-05	7.578291187367293e-05	0.0	0.0	0.0	0.0
