0 5 6009.6805 5.0472879e-07 0 0
5 10 40821.64 3.4284447e-06 0 0
10 15 108487.41 9.1114195e-06 0 0
15 20 207248.82 1.7405991e-05 0 0
20 25 335821.46 2.8204288e-05 0 0
25 30 492276.7 4.1344332e-05 0 0
30 35 675807.4 5.6758334e-05 0 0
35 40 884793.31 7.4310217e-05 0 0
40 45 1117454.9 9.3850524e-05 0 0
45 50 1373465.9 0.00011535185 0 0
50 55 1651829.9 0.00013873053 0 0
55 60 1951175.6 0.00016387136 0 0
60 65 2271032.5 0.00019073485 0 0
65 70 2610750.5 0.00021926639 0 0
70 75 2970378.5 0.00024947009 0 0
75 80 3347497.2 0.00028114277 0 0
80 85 3742483.4 0.00031431607 0 0
85 90 4153314.5 0.00034882011 0 0
90 95 4578905.2 0.00038456376 0 0
95 100 5017935.8 0.00042143616 0 0
100 105 5470611 0.00045945452 0 0
105 110 5934585.2 0.00049842185 0 0
110 115 6409978.4 0.0005383482 0 0
115 120 6895345.9 0.00057911225 0 0
120 125 7390749.6 0.00062071921 0 0
125 130 7893641.9 0.0006629551 0 0
130 135 8405094.4 0.00070590994 0 0
135 140 8924634.1 0.00074954398 0 0
140 145 9451465.5 0.00079379042 0 0
145 150 9986012.7 0.00083868488 0 0
150 155 10527734 0.0008841819 0 0
155 160 11075378 0.00093017626 0 0
160 165 11629516 0.00097671612 0 0
165 170 12188477 0.001023661 0 0
170 175 12751010 0.0010709058 0 0
175 180 13317966 0.0011185222 0 0
180 185 13885819 0.0011662139 0 0
185 190 14457471 0.0012142246 0 0
190 195 15030551 0.0012623553 0 0
195 200 15604470 0.0013105564 0 0
