0 5 6022.7389 5.0290053e-07 0 0
5 10 40969.138 3.4209354e-06 0 0
10 15 108777.8 9.082979e-06 0 0
15 20 207927.19 1.7361984e-05 0 0
20 25 336894.15 2.8130764e-05 0 0
25 30 494123.83 4.125949e-05 0 0
30 35 678492.52 5.6654331e-05 0 0
35 40 888257.87 7.4169802e-05 0 0
40 45 1122356.1 9.3717077e-05 0 0
45 50 1379904.2 0.00011522242 0 0
50 55 1659242.8 0.00013854727 0 0
55 60 1960405.8 0.00016369448 0 0
60 65 2281542.6 0.0001905095 0 0
65 70 2623114 0.00021903082 0 0
70 75 2983436.9 0.00024911788 0 0
75 80 3362458.8 0.00028076633 0 0
80 85 3758626.8 0.00031384648 0 0
85 90 4171383 0.00034831175 0 0
90 95 4598602.8 0.00038398473 0 0
95 100 5039688.9 0.00042081556 0 0
100 105 5494501 0.0004587925 0 0
105 110 5962132.7 0.00049783989 0 0
110 115 6440174.3 0.00053775651 0 0
115 120 6929035.2 0.00057857654 0 0
120 125 7426453.8 0.00062011115 0 0
125 130 7932489.5 0.00066236528 0 0
130 135 8446650.7 0.0007052979 0 0
135 140 8969613.3 0.00074896543 0 0
140 145 9499927.4 0.00079324682 0 0
145 150 10037232 0.00083811188 0 0
150 155 10581351 0.00088354604 0 0
155 160 11131340 0.00092947023 0 0
160 165 11687400 0.00097590143 0 0
165 170 12246919 0.0010226214 0 0
170 175 12812435 0.0010698422 0 0
175 180 13380156 0.0011172471 0 0
180 185 13952053 0.0011650006 0 0
185 190 14526225 0.0012129442 0 0
190 195 15102687 0.0012610789 0 0
195 200 15679789 0.0013092671 0 0
