0 5 5948.6974 5.0403682e-07 87.289311 7.3960774e-09
5 10 40468.408 3.4289133e-06 371.2086 3.1452735e-08
10 15 107492.93 9.1079429e-06 929.9219 7.8792859e-08
15 20 205329.71 1.7397714e-05 1882.2728 1.5948614e-07
20 25 332627.25 2.8183713e-05 3696.9133 3.1324176e-07
25 30 487779.17 4.1329831e-05 5848.9364 4.9558401e-07
30 35 669522.28 5.6729038e-05 9564.6188 8.1041607e-07
35 40 876308.46 7.4250158e-05 14049.47 1.1904203e-06
40 45 1106957.3 9.3793176e-05 20659.083 1.7504569e-06
45 50 1360268.6 0.0001152564 27814.616 2.3567496e-06
50 55 1635601.9 0.00013858556 36083.406 3.0573694e-06
55 60 1932448.7 0.00016373757 46394.68 3.93105e-06
60 65 2248918.3 0.00019055224 56602.314 4.7959491e-06
65 70 2585112 0.00021903814 69923.25 5.9246403e-06
70 75 2940487.1 0.00024914929 84747.96 7.1807471e-06
75 80 3313634.1 0.00028076627 100388.11 8.505947e-06
80 85 3703150.6 0.00031377024 116465.74 9.8682145e-06
85 90 4109089.4 0.00034816569 133596.52 1.1319716e-05
90 95 4529183.7 0.00038376054 152007.76 1.2879712e-05
95 100 4963344.1 0.00042054722 171325.32 1.45165e-05
100 105 5410081.2 0.00045839953 190638.13 1.6152887e-05
105 110 5868498 0.00049724147 215004.17 1.8217437e-05
110 115 6338842.6 0.00053709406 236869.34 2.0070086e-05
115 120 6818198.6 0.00057771019 259074.56 2.1951548e-05
120 125 7306901.7 0.0006191183 282584.81 2.3943586e-05
125 130 7804270.6 0.00066126068 307119.21 2.6022401e-05
130 135 8309526.2 0.0007040713 331692.51 2.8104512e-05
135 140 8822979.7 0.00074757654 355304.19 3.0105144e-05
140 145 9343082.5 0.00079164516 382272.5 3.2390186e-05
145 150 9870970.8 0.00083637347 406773.32 3.4466156e-05
150 155 10404922 0.00088161545 431056.94 3.6523722e-05
155 160 10946049 0.00092746549 456230.73 3.8656713e-05
160 165 11491697 0.00097369863 481213.1 4.0773484e-05
165 170 12042285 0.0010203503 504878.33 4.2778654e-05
170 175 12596638 0.001067321 528019.96 4.4739458e-05
175 180 13155203 0.0011146485 550982.71 4.6685106e-05
180 185 13717809 0.0011623184 573489.99 4.8592162e-05
185 190 14282521 0.0012101668 593680.37 5.0302906e-05
190 195 14849257 0.0012581867 613808.66 5.2008388e-05
195 200 15417581 0.0013063412 632217.3 5.3568164e-05
