0 5 6024.986 5.0645679e-07 0 0
5 10 40844.735 3.4333845e-06 0 0
10 15 108535.02 9.12339e-06 0 0
15 20 207415.14 1.7435195e-05 0 0
20 25 335986.57 2.8242834e-05 0 0
25 30 492910.18 4.1433741e-05 0 0
30 35 676868.44 5.6897164e-05 0 0
35 40 885982.14 7.4475139e-05 0 0
40 45 1119387.9 9.4095088e-05 0 0
45 50 1376212.9 0.00011568365 0 0
50 55 1654946.9 0.00013911387 0 0
55 60 1955139.5 0.00016434788 0 0
60 65 2275733.5 0.00019129683 0 0
65 70 2615864.6 0.00021988804 0 0
70 75 2975393 0.00025010979 0 0
75 80 3353241.1 0.00028187148 0 0
80 85 3747961.4 0.00031505143 0 0
85 90 4158574.2 0.00034956731 0 0
90 95 4583525.6 0.00038528847 0 0
95 100 5022230.2 0.00042216573 0 0
100 105 5474045.7 0.00046014507 0 0
105 110 5937522.7 0.00049910467 0 0
110 115 6412923.1 0.00053906656 0 0
115 120 6898048.8 0.00057984593 0 0
120 125 7392403.3 0.00062140109 0 0
125 130 7896119.2 0.00066374315 0 0
130 135 8408210.3 0.00070678922 0 0
135 140 8926561 0.00075036148 0 0
140 145 9453198.3 0.0007946303 0 0
145 150 9987620.4 0.00083955351 0 0
150 155 10527908 0.00088496975 0 0
155 160 11075257 0.0009309796 0 0
160 165 11626459 0.00097731331 0 0
165 170 12183797 0.0010241629 0 0
170 175 12743854 0.0010712409 0 0
175 180 13308697 0.0011187213 0 0
180 185 13875283 0.0011663481 0 0
185 190 14444339 0.0012141827 0 0
190 195 15015463 0.001262191 0 0
195 200 15588152 0.0013103309 0 0
