0 5 6868848 9.4222881e-07 400508.75 5.4939472e-08
5 10 46748462 6.4126834e-06 1144930.2 1.5705489e-07
10 15 1.2559391e+08 1.7228245e-05 1709445.4 2.3449182e-07
15 20 2.4313921e+08 3.3352429e-05 1894216.6 2.5983767e-07
20 25 3.9769524e+08 5.4553531e-05 3961841.2 5.4346244e-07
25 30 5.8779271e+08 8.0630002e-05 8377506.8 1.1491779e-06
30 35 8.1243424e+08 0.00011144503 14283709 1.9593565e-06
35 40 1.0706328e+09 0.00014686322 22054624 3.0253257e-06
40 45 1.3610714e+09 0.0001867039 31534260 4.3256872e-06
45 50 1.6825336e+09 0.00023080022 43384557 5.9512423e-06
50 55 2.0340476e+09 0.00027901888 56686323 7.7759016e-06
55 60 2.4142712e+09 0.00033117575 72820807 9.9891368e-06
60 65 2.8222735e+09 0.00038714314 89533059 1.2281627e-05
65 70 3.2568894e+09 0.00044676123 1.0780288e+08 1.4787775e-05
70 75 3.7174631e+09 0.00050994007 1.2694794e+08 1.7413983e-05
75 80 4.2024571e+09 0.00057646874 1.4667997e+08 2.0120709e-05
80 85 4.7112978e+09 0.00064626856 1.6753142e+08 2.298099e-05
85 90 5.2429414e+09 0.00071919635 1.8777903e+08 2.575844e-05
90 95 5.7963221e+09 0.00079510591 2.0751888e+08 2.8466239e-05
95 100 6.3716386e+09 0.0008740245 2.2659778e+08 3.1083372e-05
100 105 6.965931e+09 0.00095554609 2.4435239e+08 3.3518846e-05
105 110 7.5795194e+09 0.0010397146 2.6064124e+08 3.5753257e-05
110 115 8.2112888e+09 0.0011263771 2.7490546e+08 3.770994e-05
115 120 8.8606187e+09 0.0012154484 2.8689346e+08 3.9354384e-05
120 125 9.5255834e+09 0.0013066644 2.9789823e+08 4.0863955e-05
125 130 1.0205821e+10 0.0013999755 3.0656742e+08 4.2053144e-05
130 135 1.0900394e+10 0.001495253 3.1296596e+08 4.2930859e-05
135 140 1.1608214e+10 0.0015923476 3.1782522e+08 4.3597423e-05
140 145 1.2327812e+10 0.0016910579 3.2076647e+08 4.4000888e-05
145 150 1.305944e+10 0.0017914184 3.196316e+08 4.3845212e-05
150 155 1.380068e+10 0.0018930974 3.1586335e+08 4.3328306e-05
155 160 1.45515e+10 0.0019960905 3.0913626e+08 4.2405522e-05
160 165 1.5310724e+10 0.0021002365 2.9951213e+08 4.108534e-05
165 170 1.6077822e+10 0.0022054625 2.8594434e+08 3.922419e-05
170 175 1.6851252e+10 0.0023115572 2.6899296e+08 3.6898897e-05
175 180 1.7630781e+10 0.0024184885 2.49854e+08 3.4273525e-05
180 185 1.8415312e+10 0.0025261059 2.2639685e+08 3.1055809e-05
185 190 1.9204279e+10 0.0026343318 1.9874082e+08 2.7262115e-05
190 195 1.9996725e+10 0.002743035 1.6735163e+08 2.2956327e-05
195 200 2.0791285e+10 0.0028520281 1.3359673e+08 1.8326026e-05
