2.5 11.238617 0.22918748
7.5 1.6407429 -0.079619646
12.5 0.38951128 -0.068713422
17.5 0.007305309 -0.044869791
22.5 -0.12853705 -0.046222517
27.5 -0.12249178 -0.03898
32.5 -0.010374894 -0.019999212
37.5 0.030377888 -0.013613309
42.5 0.022794925 -0.0053336161
47.5 0.010754656 -0.0079694229
52.5 0.005000083 -0.0050839405
57.5 0.0061838211 -0.0026598554
62.5 0.0061292214 -0.0045335974
67.5 0.0038076486 -0.0008942678
72.5 0.0037344905 -0.006423056
77.5 0.0014344964 -9.9914463e-05
82.5 0.00019226702 0.0013419317
87.5 0.00064099149 -0.0023723674
92.5 0.0019349078 -0.0049413096
97.5 0.0025996755 -0.0057533364
102.5 0.002055298 -0.0036168536
107.5 0.00068825686 -0.0013406763
112.5 0.00024689726 -0.00049251429
117.5 0.0011745843 -0.00048737738
122.5 0.0017062977 -0.0022261454
127.5 0.00081957161 -0.00060169866
132.5 0.00074835639 -0.0015764378
137.5 0.00045532945 -0.0030818024
142.5 -6.8869795e-05 -0.0031523778
147.5 0.00037148773 -0.0024416315
152.5 -0.00023518083 -0.003391279
157.5 -0.00038482229 -0.00055361529
162.5 0.00050702774 0.0031035487
167.5 -0.00086151288 0.00028042268
172.5 -0.00049853092 -0.0011812448
177.5 -0.00082487977 -0.0026088839
182.5 2.4756466e-06 -0.0032065192
187.5 -0.00010152338 -0.0012003374
192.5 -9.6825035e-05 -0.0014685078
197.5 -0.00030684278 -0.00098671826
