2.5 11.252085 0.2747553
7.5 1.646096 -0.092744173
12.5 0.39097009 -0.049885221
17.5 0.0051045114 -0.035965259
22.5 -0.12761343 -0.037930633
27.5 -0.11931972 -0.036720796
32.5 -0.0091214822 -0.031004247
37.5 0.029998015 -0.014330163
42.5 0.021075298 -0.0061207047
47.5 0.013296116 -0.010104656
52.5 0.0095639963 -0.0079716624
57.5 0.0086100625 -0.010637295
62.5 0.0046958302 -0.011410943
67.5 0.004555669 -0.0053189837
72.5 0.0037756214 -0.0022369666
77.5 0.0033653362 -0.0036686987
82.5 0.0014576367 -0.0021102348
87.5 0.0021483902 -0.0039428479
92.5 0.0018196278 -0.0028444817
97.5 0.00152497 -0.0030073366
102.5 0.0013409526 -0.0039328944
107.5 0.0016978893 -0.0023925974
112.5 0.00091551831 -0.0022013521
117.5 -0.00047340498 -0.0042056619
122.5 -0.0019369829 -0.001846942
127.5 -0.00093102417 -0.0015806865
132.5 0.0009210025 -0.003394175
137.5 0.0011202333 -0.0040329011
142.5 -0.00025019087 -0.004669159
147.5 -0.00099583168 -0.0039673177
152.5 -7.498773e-05 -0.0033996943
157.5 0.00057809166 -0.003712261
162.5 -4.2228554e-05 -0.002828344
167.5 0.00035039974 -0.00086057309
172.5 0.00069268912 -0.0027343307
177.5 -0.001462624 -0.0029785318
182.5 -0.0008852592 -0.001670164
187.5 -0.00031521114 -0.0035997813
192.5 0.00087877012 -0.0035222017
197.5 1.8268367e-05 -0.0014175059
