2.5 11.027021 0.3354141
7.5 1.613701 -0.079638911
12.5 0.385905 -0.051686828
17.5 0.00064379714 -0.025217483
22.5 -0.1322653 -0.033411945
27.5 -0.12732205 -0.031074928
32.5 -0.011212528 -0.02850708
37.5 0.035437889 -0.0086660724
42.5 0.02682396 -0.012360321
47.5 0.017930979 -0.0055418121
52.5 0.010200472 -0.0061539706
57.5 0.0060481571 -0.005331183
62.5 0.0023101431 -0.010162421
67.5 0.0023109113 -0.0054446351
72.5 0.0018740611 -0.0019505737
77.5 0.0017953564 -0.0054593456
82.5 0.0025190563 -0.0055177619
87.5 0.002963496 -0.006849782
92.5 0.0029725438 -0.0057084177
97.5 0.0030961595 -0.0019647161
102.5 0.0030631126 -0.0012294037
107.5 0.0021081214 -0.0045990514
112.5 0.00110236 -0.0049242266
117.5 0.0023283095 -0.0057643291
122.5 0.00056988311 -0.0025191912
127.5 0.0010264772 -0.0036058116
132.5 0.0006900752 -0.00039439776
137.5 0.00043853734 -0.0025859349
142.5 0.00019200759 -0.0033437442
147.5 -0.00043550798 -0.0048436316
152.5 -0.0012657945 -0.0035439112
157.5 -0.00091817252 -0.0019948081
162.5 -0.0002447519 -0.0029231648
167.5 0.00046223058 -0.0039505829
172.5 0.0016483151 -0.0030062517
177.5 0.0014723037 -0.0015011201
182.5 0.000927412 -0.00067109667
187.5 0.00041937882 -0.0014513411
192.5 -0.00044254022 0.00085002564
197.5 0.00051200218 -0.0016603802
