2.5 11.312853 0.13322745
7.5 1.653199 -0.12375132
12.5 0.40151172 -0.075947673
17.5 0.0083488042 -0.051385757
22.5 -0.12788394 -0.049219706
27.5 -0.12164368 -0.049079148
32.5 -0.0094274331 -0.037923479
37.5 0.031761359 -0.0052141994
42.5 0.025368991 -0.0021897729
47.5 0.016642178 -0.0041616303
52.5 0.012183377 -0.0093223923
57.5 0.0099707785 -0.0051638772
62.5 0.0051793087 -6.4746993e-05
67.5 0.0026813828 -0.0034254403
72.5 0.0023914418 -0.0040858374
77.5 0.0023191255 -0.0064806333
82.5 0.0020353829 -0.0059653271
87.5 0.0026393787 -0.0029355261
92.5 0.0034919872 -0.0019194355
97.5 0.0031002631 -0.0007668515
102.5 0.0030474476 -0.00073035089
107.5 0.0020358935 -0.0045342163
112.5 0.0015407113 -0.0076503795
117.5 0.0012478367 -0.0078023509
122.5 0.0016313801 -0.0092120363
127.5 0.00028603933 -0.0067104954
132.5 0.00053275241 -0.0037554137
137.5 0.00029053464 -0.003600708
142.5 -0.00026344217 -0.0025018074
147.5 -1.3833189e-05 -0.0044902062
152.5 0.00093841427 -0.0039364996
157.5 0.0013930632 -0.0063703633
162.5 0.00049732844 -0.0036346178
167.5 0.00059309979 -0.0033557627
172.5 -0.00033923331 -0.0031015279
177.5 2.8765076e-06 -0.0011961406
182.5 0.00046556379 0.00054610119
187.5 -6.0195837e-05 -8.1769101e-06
192.5 -0.00052826011 -0.0023220595
197.5 -0.00012541167 -0.0042038831
