2.5 11.269698 0.29855156
7.5 1.6549775 -0.056447961
12.5 0.40117249 -0.080878375
17.5 0.0045324481 -0.052023832
22.5 -0.13320284 -0.050373096
27.5 -0.1256091 -0.0417692
32.5 -0.015769839 -0.016220749
37.5 0.028978863 -0.0039238992
42.5 0.023975599 -0.0081217136
47.5 0.016690353 -0.010667501
52.5 0.0097349621 -0.0060836682
57.5 0.0095742891 -0.0071761612
62.5 0.0056037848 -0.0048619989
67.5 0.0032024055 -0.0066710785
72.5 0.0013819208 -0.0044615125
77.5 0.0014810408 -0.0022598032
82.5 9.0922915e-05 -0.0033706713
87.5 0.00018402532 -0.0032117065
92.5 8.6652445e-06 -0.0045800576
97.5 0.0024768512 -0.00394105
102.5 0.0021275482 -0.0043972719
107.5 0.0024437257 -0.0036361658
112.5 0.0019435383 -0.00023161331
117.5 0.0012631947 0.0024382784
122.5 0.00046185488 -0.0027932871
127.5 -0.00052249919 -0.0050124114
132.5 0.00012903283 -0.0034088609
137.5 0.00057940357 -0.0022939141
142.5 0.00058008531 -0.00037728372
147.5 0.0019136807 -0.0019681804
152.5 0.0027492636 -0.002523271
157.5 0.0012199456 -0.0020054424
162.5 0.00034531855 -0.0037866263
167.5 -0.00078582434 -0.0026012247
172.5 -0.00033225288 -0.0015386716
177.5 -8.9531633e-05 0.0013985413
182.5 0.00027749519 0.001410674
187.5 0.00053493138 -0.0026683593
192.5 0.00039335638 -0.0033866699
197.5 0.00081900519 -0.0021233875
