2.5 11.314483 0.19419944
7.5 1.6457337 -0.069206493
12.5 0.3935523 -0.056936893
17.5 -0.00299391 -0.061595756
22.5 -0.13292454 -0.049005638
27.5 -0.12601479 -0.043931754
32.5 -0.0097689454 -0.036416045
37.5 0.034272219 -0.023525201
42.5 0.022647861 -0.0029845289
47.5 0.011837921 -0.0058285084
52.5 0.0088130576 -0.0082946568
57.5 0.0060684319 -0.011837417
62.5 0.00375664 -0.011177685
67.5 0.0029818514 -0.0085991848
72.5 0.0020175198 -0.0058561662
77.5 0.0027621538 -0.0051094498
82.5 0.0021966028 -0.0052313887
87.5 0.0010640736 -0.0053600012
92.5 0.0018356586 -0.0081424449
97.5 0.0013390322 -0.0087761041
102.5 0.0017304589 -0.0071419947
107.5 0.001230663 -0.0041587118
112.5 0.0011523737 -0.00092195115
117.5 0.00032069367 0.0006787491
122.5 -6.5960583e-05 0.0017093717
127.5 -0.00090125133 -0.0017818117
132.5 0.00023455024 -0.0013935782
137.5 0.00020126067 -0.0035365353
142.5 -0.00068367444 -0.0020580653
147.5 0.00012689784 -0.0050439163
152.5 -0.00025738466 -0.0036536175
157.5 0.00033904981 -0.0033793827
162.5 0.0004643891 -0.0040093046
167.5 0.00018878447 -0.0051414562
172.5 -0.00045753613 -0.003657076
177.5 8.2166052e-06 -0.0031284612
182.5 -6.4072034e-05 -0.0032308637
187.5 0.00042323257 -0.0033367972
192.5 0.00021177107 -0.0024854091
197.5 -0.00040392894 -0.0020260044
