2.5 11.378742 0.4183608
7.5 1.6737788 -0.051755057
12.5 0.40961148 -0.028427967
17.5 0.010016061 -0.036337506
22.5 -0.11971363 -0.030503297
27.5 -0.11901865 -0.03270509
32.5 -0.0095489574 -0.027984557
37.5 0.02835987 -0.019325974
42.5 0.024004015 -0.010542604
47.5 0.014693118 -0.0075463947
52.5 0.0084747535 -0.011284999
57.5 0.007907954 -0.008325689
62.5 0.0067819209 -0.0092905397
67.5 0.004895898 -0.0076662257
72.5 0.0031433328 -0.0054011437
77.5 0.0039075746 -0.0033717433
82.5 0.002443476 -0.00096018734
87.5 0.0005891854 -0.0059078023
92.5 0.0014992539 -0.004759178
97.5 0.0013624574 -0.0056082835
102.5 0.0019958595 -0.0054780115
107.5 0.00036197472 -0.0064990321
112.5 8.7823761e-05 -0.0040805033
117.5 2.9521304e-05 -0.0051409173
122.5 -0.00034954594 -0.0046389641
127.5 -4.7960433e-05 -0.0018792843
132.5 0.00074202534 -0.0019328489
137.5 0.0004144231 -0.0016259144
142.5 0.00020001447 -0.0022532297
147.5 0.00027549643 0.00025661891
152.5 0.0010738084 -0.0010548764
157.5 0.00077961345 -0.0037654393
162.5 0.0011269301 -0.0040644993
167.5 0.00077524018 -0.0031420557
172.5 0.0010066934 -0.0039040972
177.5 0.00034164092 -0.0010232351
182.5 0.00017201869 -0.0013972051
187.5 -0.00018704097 0.0001403577
192.5 0.00040167679 7.1871471e-05
197.5 0.00010629658 -0.0018939633
