2.5 11.668902 -0.28166868
7.5 1.7302631 -0.095211928
12.5 0.42737417 -0.061900772
17.5 0.020548132 -0.044515528
22.5 -0.12034989 -0.054089073
27.5 -0.12161254 -0.04774231
32.5 -0.012042388 -0.028584355
37.5 0.032112967 -0.011914359
42.5 0.028442123 -0.0090947161
47.5 0.016300849 -0.0071486003
52.5 0.010258399 -0.0097049287
57.5 0.0078517798 -0.00041861779
62.5 0.0042064598 -0.00024811199
67.5 0.00082841434 -0.0015528506
72.5 0.0016911189 -0.0063653881
77.5 0.0015070929 -0.004556621
82.5 -0.00064870952 -0.0042465676
87.5 0.0005252524 -0.0028266247
92.5 0.0014666909 -0.0052820863
97.5 0.00070519453 -0.0020925481
102.5 0.0006022347 -0.001651206
107.5 0.00018590651 -0.0061664696
112.5 -0.00082879991 -0.0030286648
117.5 -5.6256609e-05 -0.0033233602
122.5 -0.00072088243 -0.0025872814
127.5 -0.001517711 -0.0034487813
132.5 -0.0014279704 -0.0022880376
137.5 -0.00089759832 0.0034973743
142.5 -6.4883211e-05 0.0028587034
147.5 0.00054908776 0.0019740314
152.5 -0.00014118908 0.00095344717
157.5 0.00088374524 -0.0011393929
162.5 0.00012834822 0.0012358644
167.5 -0.0005322648 -0.0020513936
172.5 -0.00047459498 -0.0024072877
177.5 0.00016809081 -0.0012987247
182.5 0.00082351288 -0.0010851151
187.5 0.0013015719 0.0017469952
192.5 0.00079627538 0.0030351884
197.5 7.5478555e-05 -0.00052362695
