2.5 11.692885 -0.39670997
7.5 1.70627 -0.14414531
12.5 0.41712374 -0.099980101
17.5 0.012912707 -0.077526414
22.5 -0.12630651 -0.072296746
27.5 -0.12031079 -0.059567375
32.5 -0.014235013 -0.028178058
37.5 0.033720095 -0.0049297498
42.5 0.027968478 -0.0034248454
47.5 0.017259592 -0.0031040216
52.5 0.011152781 -0.0034384421
57.5 0.0058686944 -0.0069644155
62.5 0.0049748643 -0.0045723085
67.5 0.0038458704 -0.0039475984
72.5 0.0015835445 -0.0041549285
77.5 -0.00022617024 -0.0050201091
82.5 -0.00091772264 -0.0010183009
87.5 0.00064781027 -0.0029004322
92.5 0.0017051995 -0.0029235105
97.5 0.0023152654 -0.0049379749
102.5 0.0032394645 -0.0039925334
107.5 0.00037937271 -0.0029145905
112.5 0.00046637886 -0.00301214
117.5 0.00054405389 -0.0052230854
122.5 6.4128219e-05 -0.0032695238
127.5 0.00014817567 -0.0049110091
132.5 -0.00026830293 -0.0021229768
137.5 -0.00080781766 0.00055016223
142.5 0.00011502333 0.0012518912
147.5 0.00086971183 0.00041829007
152.5 0.00090671878 0.0011010901
157.5 0.0010297693 0.00037806333
162.5 0.00098314956 -0.0007946811
167.5 0.00028121754 -0.0020785812
172.5 0.00073746308 4.3441916e-05
177.5 0.00011300942 -0.00092554357
182.5 -0.00021496533 0.0029928539
187.5 0.00032212775 0.0034416245
192.5 -0.00032792141 0.0019624425
197.5 0.00076628326 0.0012629655
