2.5 11.186178 -0.066961463
7.5 1.6248381 -0.14014801
12.5 0.38261546 -0.079609956
17.5 -0.0028883971 -0.054711004
22.5 -0.12532185 -0.05629202
27.5 -0.12360498 -0.043040443
32.5 -0.010499399 -0.029154374
37.5 0.031365953 -0.014901538
42.5 0.025305975 -0.010327878
47.5 0.014689637 -0.0051738447
52.5 0.0088475606 -0.0020244957
57.5 0.0066442823 -0.0040331838
62.5 0.0069906274 -0.0056278193
67.5 0.004995749 -0.006742448
72.5 0.0025495821 -0.0060242148
77.5 0.0018647251 -0.0059348761
82.5 0.00094134561 -0.0051504522
87.5 -0.000786736 -0.0026632276
92.5 0.0016288635 -0.0057091428
97.5 0.0020876866 -0.0054580897
102.5 0.0026551569 -0.0050269851
107.5 -0.00011927565 -0.0049326062
112.5 9.6299716e-05 -0.0058258702
117.5 -0.00078238069 -0.0032311191
122.5 -0.00016108549 -0.0026729773
127.5 0.00068325745 -0.0033375998
132.5 -0.00088654556 -0.0033281773
137.5 -0.00078042253 -0.0024951295
142.5 0.00035956157 -0.0022834507
147.5 0.00090376672 -0.00045556791
152.5 0.0010438497 0.00061155369
157.5 5.9176931e-05 -0.0022770035
162.5 0.00016957101 -0.0019547532
167.5 0.0010492703 -0.0025591573
172.5 0.001209281 -0.0015593794
177.5 0.00075673996 -3.586431e-05
182.5 0.00070357392 0.00083598249
187.5 0.00064474662 0.00068214136
192.5 0.00017911687 -0.0025157487
197.5 -0.00012821678 -0.0012340145
