2.5 11.28141 0.41931087
7.5 1.6552294 -0.040904542
12.5 0.38601737 -0.061729133
17.5 0.010566886 -0.048254566
22.5 -0.12643063 -0.041311136
27.5 -0.11997372 -0.043045808
32.5 -0.012602443 -0.032819971
37.5 0.031325831 -0.011196238
42.5 0.023212969 -0.007599524
47.5 0.013760201 -0.0069095354
52.5 0.0094554019 -0.004894587
57.5 0.0051498655 -0.0037134196
62.5 0.0036720916 -0.0026919296
67.5 0.0024580397 -0.0031124365
72.5 0.0027768681 -0.0039992708
77.5 0.001095274 -0.004936683
82.5 0.0023860042 -0.0036864293
87.5 0.0013753249 -0.00077500636
92.5 0.0016144745 -0.0029964408
97.5 0.0022034471 -0.0064083372
102.5 0.0011142806 -0.0050439494
107.5 0.0012199966 -0.0013059429
112.5 0.0011188811 -0.0017077842
117.5 0.00017096331 -0.002348833
122.5 -0.001357283 -0.0025957216
127.5 0.00014111109 -0.0030001977
132.5 0.0011556006 -0.0011143495
137.5 0.0011178639 -0.0030054319
142.5 0.00026419492 -0.0021956109
147.5 -0.0007109265 -0.0031065496
152.5 -0.00072463677 -0.0019690276
157.5 -0.00015710557 -0.0035687991
162.5 -0.00065668897 -0.0020807346
167.5 -0.00070981122 -0.00019366924
172.5 -0.00048775863 -0.0017126535
177.5 -2.3332765e-05 -0.0022124599
182.5 -0.00040038894 -0.0014167028
187.5 -0.00048642479 -0.00022913069
192.5 4.3304542e-05 -0.00042775411
197.5 -0.00018178709 -0.00088041471
