2.5 11.617038 -0.069223655
7.5 1.705312 -0.13151109
12.5 0.41619574 -0.098107643
17.5 0.012139184 -0.061049177
22.5 -0.12891214 -0.043096363
27.5 -0.12033365 -0.05214862
32.5 -0.013260998 -0.033789635
37.5 0.034107051 -0.0034646789
42.5 0.02935999 0.0070073105
47.5 0.020283531 0.0021876379
52.5 0.013782655 -0.0079723151
57.5 0.0064808498 -0.0033678622
62.5 0.0015068702 -0.0030752561
67.5 0.00075634705 -0.0040556494
72.5 0.0011715098 -0.003408827
77.5 0.00025997528 -0.0034575824
82.5 0.0026391983 -0.0034712692
87.5 0.0015542947 -0.0052563618
92.5 0.0024303494 0.001202287
97.5 0.00068801141 -0.00047879879
102.5 -0.0011856699 -0.0038817756
107.5 -0.0020679011 -0.0033106964
112.5 -0.0029385001 -0.0033383168
117.5 -0.0022018289 0.00057367779
122.5 -0.0014191645 -0.00091783304
127.5 -0.00036612675 -0.0022533131
132.5 -0.0006728236 -0.0020752419
137.5 1.0933506e-05 0.0013089404
142.5 -0.0014180544 -0.0011872528
147.5 -0.0016494972 0.0031699416
152.5 -0.0011685423 0.0011897273
157.5 -0.00027070218 0.00062329885
162.5 -0.0007101318 -0.0023935008
167.5 0.00050296514 -0.0036299633
172.5 0.00017629418 -0.0038612685
177.5 4.9911258e-05 -0.0014955376
182.5 0.00026175138 -0.003235842
187.5 0.00035467025 -0.0031580814
192.5 0.0014924849 -0.0020405838
197.5 0.0016096343 -0.0023199148
