2.5 11.56524 -0.44953218
7.5 1.7034941 -0.15138795
12.5 0.41850086 -0.07529394
17.5 0.017450995 -0.052197894
22.5 -0.11718238 -0.042322932
27.5 -0.11931087 -0.039500362
32.5 -0.0079814027 -0.022150493
37.5 0.032125672 -0.021226448
42.5 0.022701271 -0.01802417
47.5 0.016648897 -0.012711502
52.5 0.011819277 -0.014466733
57.5 0.0065944546 -0.018484523
62.5 0.0055342888 -0.0084456478
67.5 0.0013456805 -0.011363877
72.5 0.00053049717 -0.0041292633
77.5 -0.00029158108 -0.0052122357
82.5 -0.0019576016 -0.003205316
87.5 -0.00086625406 -0.0024041745
92.5 0.0021530245 -0.0028301627
97.5 0.0032871758 -0.00061297362
102.5 0.0012526083 -0.0011194141
107.5 -0.0010976413 -0.0026785503
112.5 0.00082697466 0.0016793896
117.5 -0.0011016455 0.0017884865
122.5 -0.0013571852 0.0016776822
127.5 -0.00041632715 -0.0043935649
132.5 -0.00014026509 -0.0044725271
137.5 -0.00036881174 -0.0024387471
142.5 -0.00028443938 -0.0036922142
147.5 -0.0010209921 -0.004581292
152.5 -1.6563786e-05 -0.0015622969
157.5 0.0011268607 -0.00068553928
162.5 0.0020955193 -0.00067717793
167.5 0.0015353476 -0.00092480675
172.5 0.00041679681 -0.0018144009
177.5 0.00058070862 -0.00090509411
182.5 0.00065944513 -0.0023912778
187.5 0.00066340001 -0.00092880015
192.5 0.00042753299 -0.00084134733
197.5 -0.00041089408 -0.00046631539
