2.5 11.324337 0.34882634
7.5 1.669731 -0.047167039
12.5 0.40275977 -0.046930651
17.5 0.013455039 -0.035772247
22.5 -0.12683159 -0.047332523
27.5 -0.12633265 -0.046690581
32.5 -0.014853284 -0.031191171
37.5 0.02900621 -0.017397219
42.5 0.024566684 -0.0067963811
47.5 0.017635031 -0.0072399653
52.5 0.011946499 -0.0075004829
57.5 0.0078486775 -0.0045536366
62.5 0.0042309141 -0.003817693
67.5 0.0015938611 -0.0039764935
72.5 0.0010795585 -0.0091794164
77.5 0.00052075268 -0.0081684836
82.5 0.00013458385 -0.0052719404
87.5 0.0017079859 -0.0011504513
92.5 0.0012205755 3.2063165e-05
97.5 0.0023263967 -0.00023739394
102.5 0.0012874173 -0.0016794567
107.5 0.0012663506 -0.0030972685
112.5 -0.00028600939 0.00042922218
117.5 -0.0017092233 -0.00062513659
122.5 -0.0015581588 -0.0020671067
127.5 0.00017776313 -0.0067531993
132.5 0.0020040243 -0.0056656714
137.5 0.00035500255 -0.0035367346
142.5 0.00085055477 -0.0026997132
147.5 -0.00043337526 -0.0017544821
152.5 -2.8373422e-05 -0.00024670363
157.5 7.7769934e-05 0.0018176824
162.5 -0.00023195729 -2.3171607e-05
167.5 0.00029331751 0.00098229332
172.5 0.00056821309 0.00091432356
177.5 0.00055635588 0.0018675431
182.5 0.00026010854 -0.00065361449
187.5 -0.00098979577 -0.0004502084
192.5 -0.00075399408 -0.0010314331
197.5 -0.0012295638 -0.003087268
