2.5 11.758147 -0.095041291
7.5 1.7378634 -0.072467697
12.5 0.42065266 -0.04293546
17.5 0.0082647928 -0.047058304
22.5 -0.1351775 -0.049512416
27.5 -0.12201385 -0.04250392
32.5 -0.0056690291 -0.013175338
37.5 0.038250393 -0.0044074491
42.5 0.024385385 0.0021415145
47.5 0.017460116 -0.0043514654
52.5 0.010603823 -0.0067609794
57.5 0.0078747382 -0.003027943
62.5 0.0054307085 -0.0018191832
67.5 0.0049479336 -0.0017973847
72.5 0.0023135196 -0.0027148588
77.5 0.0015192317 -0.0028076322
82.5 -0.00013598855 -0.0010331899
87.5 -0.0016281519 -0.0033144082
92.5 0.0003736902 0.0010541735
97.5 0.0021462862 -0.00015825103
102.5 0.00090611164 -0.00041138977
107.5 0.0006852015 -0.00079523022
112.5 -4.9414331e-05 -0.00092893853
117.5 0.00073936668 -8.1864147e-05
122.5 0.0012678226 0.0010774411
127.5 0.00037655972 0.0025044975
132.5 0.0001628042 0.0013769049
137.5 -0.00046734022 -0.00074422114
142.5 -0.00011108202 0.0011343111
147.5 -6.5922784e-06 0.0004250968
152.5 0.0018226376 -0.00045687952
157.5 0.0018872104 8.4273523e-05
162.5 0.0014234909 0.0015004182
167.5 0.001398649 -0.0007470097
172.5 -0.00015564507 -0.0010230482
177.5 -0.00021010245 -0.0011904331
182.5 0.0011639678 -0.0022824044
187.5 0.0010559601 -0.00076901265
192.5 0.0011287108 0.0012798522
197.5 0.0024483033 0.0020597015
