2.5 11.842463 -0.19632494
7.5 1.7325115 -0.17425703
12.5 0.42248034 -0.086786827
17.5 0.010722147 -0.0584986
22.5 -0.13290903 -0.054665339
27.5 -0.1239244 -0.045235068
32.5 -0.0073281071 -0.035038175
37.5 0.035845873 -0.019288457
42.5 0.029819129 -0.011844856
47.5 0.017607607 -0.013403604
52.5 0.0077708239 -0.009535352
57.5 0.0054812569 -0.0047528885
62.5 0.0027811216 -0.001986796
67.5 0.0010106226 -0.00071003273
72.5 0.0011544909 0.0026125864
77.5 0.00134674 0.0078180723
82.5 -9.9662917e-05 -0.0028355474
87.5 0.00061361809 -0.0073053269
92.5 0.0010949785 -0.011486244
97.5 0.0011385963 -0.0060785564
102.5 0.00093716264 -0.0054477756
107.5 0.00045600621 -0.0029207681
112.5 -2.2792187e-05 -0.0011322015
117.5 0.0015136923 0.00038527661
122.5 0.0010003659 -0.0028287218
127.5 -0.0011780367 -0.0066461931
132.5 -0.0019169819 -0.0039239269
137.5 -0.00012374179 -0.0014361737
142.5 -0.00021588941 -0.001555119
147.5 -0.00019564058 0.0021278282
152.5 -0.0022187895 0.0047484347
157.5 -0.0015145744 0.0041883577
162.5 -4.4332291e-05 0.0025724555
167.5 -0.00015687322 -0.0013546026
172.5 0.00096223507 -0.00075092451
177.5 -0.00016255955 -0.00099275496
182.5 -0.00011160948 0.0019100498
187.5 -0.0001625269 0.001987458
192.5 0.00038867486 0.0027670172
197.5 0.00081294948 0.0014574125
