2.5 11.180005 0.41339074
7.5 1.654551 -0.016454609
12.5 0.4026748 -0.051141045
17.5 0.01347534 -0.041366342
22.5 -0.12856953 -0.039002061
27.5 -0.12253538 -0.0428303
32.5 -0.0099066041 -0.041059947
37.5 0.037359331 -0.011480615
42.5 0.026276927 -0.0018306255
47.5 0.012377454 -0.0029092407
52.5 0.0080419107 -0.0067341484
57.5 0.0069331376 -0.0095127203
62.5 0.0051165648 -0.0042099213
67.5 0.0056403086 -0.00029229027
72.5 0.005009501 -0.0010777487
77.5 0.0044983608 -0.0030492578
82.5 0.0035683071 -0.0070278283
87.5 0.0023755823 -0.0062336286
92.5 0.0021720832 -0.0080902869
97.5 0.002673517 -0.0065802204
102.5 0.0021815067 -0.0054333009
107.5 0.0014232353 -0.0013765735
112.5 0.0013559238 -0.0010737751
117.5 0.0016867884 0.00067303239
122.5 0.00082649563 -0.0029094927
127.5 0.001132537 -0.00377775
132.5 0.00044920578 -0.0052300342
137.5 5.6977171e-05 -0.0054281243
142.5 0.00029550161 -0.0034225899
147.5 0.0011451563 -0.0018110049
152.5 0.00083253977 -0.0018489892
157.5 0.00077534736 -0.0027239487
162.5 0.00095379056 -0.0024956146
167.5 6.4000945e-05 -0.0051625103
172.5 0.00012344027 -0.0045593774
177.5 0.00092841684 -0.0040143204
182.5 0.00033273828 -0.0042812349
187.5 0.00063688829 -0.0028528362
192.5 0.0011261111 -0.0040344909
197.5 0.00032127744 -0.003873112
