2.5 11.168128 0.099536288
7.5 1.6173919 -0.079154879
12.5 0.39959189 -0.045361714
17.5 0.0030627151 -0.040951967
22.5 -0.12578659 -0.044975709
27.5 -0.12003595 -0.043275971
32.5 -0.012776921 -0.018462932
37.5 0.029444579 0.00033410615
42.5 0.026414312 0.0072415779
47.5 0.019248982 0.0025399789
52.5 0.015270597 -0.0051159175
57.5 0.0088454852 -0.012930702
62.5 0.0032102743 -0.0085985997
67.5 0.0027593421 -0.0067136409
72.5 0.0033125201 -0.0080952228
77.5 0.002049451 -0.005392827
82.5 0.0037931948 -0.00408808
87.5 0.0025090358 -0.0029871567
92.5 0.00082300226 -0.00029661107
97.5 -1.9379942e-05 -0.0033050926
102.5 0.0014639625 -0.0035789753
107.5 0.0011897195 -0.0015306416
112.5 0.0013766639 -0.00071211523
117.5 0.00019621513 -0.0041720821
122.5 0.001064239 -0.0045499845
127.5 0.00046739728 -0.002962617
132.5 -0.00026305195 -0.0016071701
137.5 0.00019751876 -0.00144429
142.5 0.0013912663 -0.0010962283
147.5 0.0012034575 -0.00033358372
152.5 -0.00046986401 -0.00089657262
157.5 -0.00113131 -0.0010847191
162.5 -0.0017012302 -0.0011205662
167.5 4.2188599e-05 0.00044796991
172.5 3.7102425e-05 0.0011287381
177.5 -0.00048572824 -0.00028193558
182.5 -0.00024175939 -0.0010831679
187.5 -0.00012785047 -0.0012341793
192.5 0.00034301747 -0.00090879084
197.5 -0.00011133517 -0.0022316436
