2.5 11.471058 0.28982769
7.5 1.6835799 -0.023640427
12.5 0.40418521 -0.038724353
17.5 0.0041120512 -0.039659196
22.5 -0.12405462 -0.050673524
27.5 -0.1240235 -0.049471929
32.5 -0.010046227 -0.029575209
37.5 0.03290277 -0.015622814
42.5 0.02315641 -0.0088052229
47.5 0.016137702 -0.00051526844
52.5 0.0089962202 -0.0036895562
57.5 0.0046458796 -0.0014850101
62.5 0.0027913489 -0.0054450237
67.5 0.0031894531 -0.0073632831
72.5 0.003377276 -0.0066249129
77.5 0.0025995365 -0.0060887646
82.5 0.0016102007 -0.0054547106
87.5 0.0026197905 -0.0045590367
92.5 0.0027505322 -0.0053505926
97.5 0.0016120979 -0.002982245
102.5 0.0011953188 -0.0065988281
107.5 -0.00022825888 -0.0072048508
112.5 -0.00030421009 -0.0070804326
117.5 -0.00020076016 -0.0040444557
122.5 0.0012407187 -0.0059202312
127.5 0.00094680797 -0.0054099371
132.5 8.5631108e-05 -0.0052350851
137.5 -0.00020735294 -0.0013207884
142.5 -0.00046627764 -0.0026615785
147.5 -0.00067698547 -0.0028493948
152.5 -0.00041039991 -0.0021835477
157.5 -0.00062155332 -0.0040502255
162.5 -0.00072247344 -0.0031194917
167.5 -0.0012895268 -0.0010189298
172.5 -0.00080525106 -6.9236085e-05
177.5 -0.00050718058 -0.00095754318
182.5 -0.00020097912 -0.0024455479
187.5 -0.00016616689 0.00084441772
192.5 -0.00033348527 -0.001435238
197.5 -0.00062684678 0.0005643155
