2.5 11.739261 -0.22514632
7.5 1.7346574 -0.13843977
12.5 0.4210697 -0.053625673
17.5 0.011364119 -0.054808684
22.5 -0.12840115 -0.03662579
27.5 -0.12319658 -0.040246594
32.5 -0.0061592165 -0.0048708137
37.5 0.033748073 0.0067411254
42.5 0.025895161 0.0020477365
47.5 0.016555438 -0.0066498916
52.5 0.010595248 -0.0096399169
57.5 0.0059163854 -0.009869218
62.5 0.0042625829 -0.0025040463
67.5 0.0034557704 -0.0033869488
72.5 0.0029716646 -0.0014704079
77.5 0.0029707589 0.0024320494
82.5 0.0020370257 -0.0036636234
87.5 0.0026929813 -0.0037755191
92.5 0.00065209926 -0.00097549095
97.5 -0.00021461689 -0.0020877127
102.5 -0.001074815 -0.0030122265
107.5 -0.0007601161 -0.0051176508
112.5 8.756352e-05 -0.0051047835
117.5 0.0003261854 -0.0039245447
122.5 -6.6348957e-05 0.00049030674
127.5 -0.00032926144 -0.0017998414
132.5 -0.00060476775 -0.0035641367
137.5 -0.00043490221 -0.00248643
142.5 -0.00077351618 0.00092298682
147.5 -0.00044345798 -0.0016429536
152.5 0.00055595314 -0.00075122003
157.5 0.00017723955 -0.00099605098
162.5 -0.00042025362 -0.0028680553
167.5 0.00014022552 -0.0039649475
172.5 -0.0001240451 -0.0031467154
177.5 -0.00038898416 -0.0022837498
182.5 -0.000165884 0.00054599489
187.5 -0.00047570179 -0.0019798769
192.5 -0.0010034026 -0.0026079902
197.5 -0.00095312028 -0.0029746708
