2.5 11.898585 -0.088955221
7.5 1.7385339 -0.065707952
12.5 0.42341874 -0.044679492
17.5 0.016185212 -0.044631376
22.5 -0.1244762 -0.046779375
27.5 -0.1227387 -0.055696364
32.5 -0.011187556 -0.027076196
37.5 0.031689643 -0.0073757906
42.5 0.025929211 0.0031818262
47.5 0.019328402 0.0025166848
52.5 0.012995172 -0.0025102556
57.5 0.0083626472 -0.012816768
62.5 0.0041235752 -0.0086748892
67.5 0.0018076635 -0.0031548721
72.5 0.0012211722 -0.0019709364
77.5 -0.00023176492 0.0024091329
82.5 -0.00020938872 0.0045189466
87.5 0.00055854321 0.002122195
92.5 0.0023771624 9.2242822e-06
97.5 -3.8211741e-05 -0.0035798962
102.5 0.0005825539 -0.003467764
107.5 -0.00030476176 -0.0016645051
112.5 -0.0012859008 0.0021512285
117.5 -0.0025984791 -0.00020158457
122.5 -0.0018505404 -0.0023589156
127.5 -0.00071622383 -0.00060622726
132.5 -0.00028873819 -0.0033301577
137.5 -0.00040275191 -0.0027702751
142.5 -0.00069321346 -0.00057226951
147.5 -0.00029734765 -0.0017560038
152.5 0.0012405894 -0.0010463635
157.5 -0.00032578289 -0.00148915
162.5 7.9944055e-05 -0.00021534638
167.5 0.00047373427 -0.004342514
172.5 0.0015867125 0.00066829173
177.5 0.00127074 0.00079906733
182.5 -0.00010732866 0.00087437324
187.5 -0.0014592497 -0.00031169478
192.5 -0.00021343478 -0.0020665291
197.5 -0.00079309375 -0.0032154649
