2.5 11.524825 0.067169443
7.5 1.6962571 -0.097495216
12.5 0.41435482 -0.068923085
17.5 0.011992746 -0.049155623
22.5 -0.12846601 -0.049306786
27.5 -0.12142621 -0.050988658
32.5 -0.0090249299 -0.032346368
37.5 0.036809275 -0.013412149
42.5 0.031405815 -0.0060880723
47.5 0.020323091 -0.0032972451
52.5 0.016652299 -0.0055155091
57.5 0.010279681 -0.0017856662
62.5 0.0070874406 -0.0039208612
67.5 0.0042121748 -0.0046594671
72.5 0.0024089462 -0.003879655
77.5 0.00070696736 -0.00037145297
82.5 0.0014697099 -0.0040547345
87.5 0.00048656284 -0.0059413191
92.5 4.3950047e-05 -0.0068341972
97.5 0.00051304761 -0.0075974379
102.5 0.00097580237 -0.0077973726
107.5 -0.00038197482 -0.005426387
112.5 -0.0007869172 -0.005282629
117.5 -0.0011539282 -0.0049291104
122.5 -0.001814028 -0.0068140419
127.5 -4.7485402e-05 -0.0057944205
132.5 0.00023852516 -0.0053411828
137.5 0.00089569189 -0.0029978787
142.5 0.00099839659 -0.0011610143
147.5 -0.00017601326 -0.0020923128
152.5 -0.00076791277 -0.0011815275
157.5 -0.00099033369 -0.0017801647
162.5 -0.00042749185 -0.0032457593
167.5 -0.00074346263 -0.0018281064
172.5 -0.00053638787 -0.0042127726
177.5 0.00020694772 -0.00029510457
182.5 -4.3602649e-05 -0.00044469187
187.5 0.00024745669 -0.00084537651
192.5 -1.4597783e-05 -0.00086938992
197.5 -0.00020295127 0.00090782233
