2.5 11.263223 0.35082837
7.5 1.6590638 -0.023259765
12.5 0.39796227 -0.046215385
17.5 0.0068036369 -0.032218798
22.5 -0.12916407 -0.038800077
27.5 -0.12387341 -0.037361174
32.5 -0.012740567 -0.036498816
37.5 0.033975541 -0.025640895
42.5 0.026510742 -0.01353883
47.5 0.018398509 -0.0066248366
52.5 0.012917428 0.0023439293
57.5 0.0096265774 -0.0040825789
62.5 0.007538407 -0.0079638463
67.5 0.0048130368 -0.010749673
72.5 0.0053721701 -0.0099644423
77.5 0.002229467 -0.0072696991
82.5 -0.00022486237 -0.0030431349
87.5 1.7541245e-05 -0.0031497661
92.5 -0.00094438285 -0.0052680279
97.5 -0.0011789792 -0.0087664641
102.5 -0.0010930744 -0.0087525856
107.5 0.0006203804 -0.0070542676
112.5 0.00096279486 -0.0030570663
117.5 0.00075245359 -0.0039230569
122.5 -0.00060720725 -0.0062649372
127.5 -0.00046812541 -0.0057009837
132.5 -0.00018776116 -0.0067401665
137.5 9.3830835e-07 -0.0027132382
142.5 -0.00014460832 -0.0021784368
147.5 -2.8988432e-05 -0.0013820209
152.5 0.00030404582 -0.0018947631
157.5 3.4288743e-05 -0.0024584706
162.5 0.00020451775 -0.0031901574
167.5 0.00053214729 -0.0024634811
172.5 -0.00026306091 -0.0041147126
177.5 -0.00020819863 -0.00093141046
182.5 -2.7840782e-05 -0.00162398
187.5 0.0002654796 -0.0018573092
192.5 -8.7001139e-05 8.3775569e-05
197.5 -0.00044717188 -0.0015601497
