2.5 11.679128 -0.22086806
7.5 1.7130242 -0.076798124
12.5 0.41816697 -0.069548597
17.5 0.011475401 -0.051480692
22.5 -0.12222277 -0.04905017
27.5 -0.11963056 -0.043446272
32.5 -0.0093041139 -0.020707375
37.5 0.036923228 -0.0065403444
42.5 0.023727077 -0.0021266288
47.5 0.013136512 -0.0070443398
52.5 0.0070636791 0.0018681636
57.5 0.0063591217 -0.0075055507
62.5 0.0061864833 -0.0047924649
67.5 0.003826099 -0.0086329168
72.5 0.0010844034 -0.0066528313
77.5 -0.00200642 -0.0048980877
82.5 -0.0013480629 -0.0011493141
87.5 -5.7410756e-06 0.0031639205
92.5 0.0003150137 0.0037327337
97.5 -0.00030110311 0.0025623364
102.5 -0.0022207107 0.00035199381
107.5 -0.0010582801 -0.0021715956
112.5 -0.0012881591 4.4362767e-05
117.5 -0.00024127433 -0.0007946991
122.5 0.00031459518 0.0014226264
127.5 0.0011612497 -0.00063050844
132.5 -0.00016857962 -0.0030668841
137.5 0.00014866198 -0.00036955095
142.5 -0.00056023089 -0.0044347421
147.5 -0.0014569643 -0.0031290362
152.5 -0.00094002728 -0.0061043393
157.5 -0.00021367091 -0.0060650621
162.5 -6.7489336e-05 -0.0048631003
167.5 -2.9042802e-05 -0.0016578181
172.5 0.00065269758 -0.00033058164
177.5 -0.00053896036 -0.001769609
182.5 -0.0021359404 -0.0022956852
187.5 -0.00096182972 -0.0025832141
192.5 -0.00069007551 -0.0033153987
197.5 0.00033315295 -0.001243518
