2.5 11.164946 0.20638043
7.5 1.6264436 -0.05702457
12.5 0.38121559 -0.062901825
17.5 -0.0054166986 -0.026659579
22.5 -0.13294933 -0.027640038
27.5 -0.12354424 -0.03052392
32.5 -0.0094058807 -0.020924756
37.5 0.036085041 -0.0097562199
42.5 0.028226287 -0.0066095212
47.5 0.01711083 -0.003837196
52.5 0.011491468 0.0027664898
57.5 0.0079416839 -0.0060157648
62.5 0.0068890491 -0.0026035087
67.5 0.005096011 -0.0033956871
72.5 0.0033376914 -0.0042845861
77.5 0.0023551111 -0.0067018037
82.5 0.00058328313 -0.0070130705
87.5 -0.0007744264 -0.0036641205
92.5 -0.00032218048 -0.0029969364
97.5 0.00031531902 -7.4861989e-05
102.5 0.0012923745 -0.0025379015
107.5 -1.758587e-05 0.00051157649
112.5 -0.00021109215 0.00098794743
117.5 2.1883657e-05 0.0014742202
122.5 5.482604e-05 -0.001679828
127.5 9.5717008e-05 -0.0010799048
132.5 0.00051817751 -0.0025502346
137.5 5.1802378e-05 -0.00071728937
142.5 -0.00073231839 -0.0013624961
147.5 -0.0014351206 -0.0028770691
152.5 -0.0015470911 2.5730128e-05
157.5 -7.3530181e-05 -5.0010235e-05
162.5 0.0010041013 -0.00053210711
167.5 0.00050112893 -3.8680021e-05
172.5 0.00095505012 -0.0011464876
177.5 0.00011631064 0.000264404
182.5 0.00017949514 -0.00042619551
187.5 0.00024554571 -0.00062744006
192.5 -2.7038155e-05 -0.0012965954
197.5 -1.6530584e-05 -0.0016954041
