2.5 11.680261 -0.25519911
7.5 1.7213206 -0.15165272
12.5 0.41721071 -0.099817136
17.5 0.013384416 -0.058123359
22.5 -0.12082343 -0.06769325
27.5 -0.11784747 -0.056147836
32.5 -0.0095236136 -0.025913058
37.5 0.033870908 -0.0052818191
42.5 0.028247235 0.0056355331
47.5 0.017066038 -0.0025492226
52.5 0.010386464 -0.0066783195
57.5 0.0051543697 -0.0067025703
62.5 0.0028681547 -0.0063149861
67.5 0.0018868071 -0.0050662877
72.5 0.0024960221 0.0002699028
77.5 0.00081521803 0.00025382695
82.5 0.0010706292 0.0013781062
87.5 0.00063474704 -0.0010021121
92.5 -0.001370871 -0.0038421184
97.5 5.5300379e-05 -0.0018454247
102.5 0.0019907591 0.0011139143
107.5 0.0021700761 -0.00049432267
112.5 0.0017151636 0.0015649465
117.5 0.0023011082 5.4526994e-05
122.5 -0.00043665341 -0.00037869287
127.5 -0.00083785587 -0.0038213193
132.5 -0.00250456 -0.00138954
137.5 -0.0017717036 -0.0010440006
142.5 0.00096396901 -0.0010005799
147.5 0.00023606104 -0.00063132218
152.5 -0.00047363995 -0.0015940638
157.5 -0.00080004926 8.7505649e-05
162.5 -4.8781105e-05 0.0008709023
167.5 9.600034e-05 0.00066402594
172.5 6.0102454e-05 0.00093952415
177.5 0.00011414225 -0.0011664215
182.5 0.0017143447 -0.001051592
187.5 0.0006100943 -0.001338853
192.5 0.00050844469 -0.00041736818
197.5 0.00022103802 0.00030159523
