2.5 11.665521 -0.037046234
7.5 1.745096 -0.042851249
12.5 0.42116984 -0.029876094
17.5 0.0088910348 -0.029181906
22.5 -0.12826711 -0.030161379
27.5 -0.11775379 -0.046183003
32.5 -0.012788815 -0.02381198
37.5 0.038521581 -0.013077843
42.5 0.02904126 -0.0061084996
47.5 0.018428901 -0.0018986757
52.5 0.010552907 0.0036548544
57.5 0.0080231136 0.00058741253
62.5 0.0044122242 -0.0017081727
67.5 0.0053327141 -0.0072401663
72.5 0.0032380901 -0.0076228301
77.5 0.0017952886 -0.0054121646
82.5 -0.00069303057 -0.0019591191
87.5 -0.0010991025 -0.0019073111
92.5 0.00029970606 -0.0068396301
97.5 0.00053931976 -0.0055016227
102.5 0.0005555582 -0.0011976221
107.5 0.0016614575 -0.0047620632
112.5 0.0017432312 -0.005304376
117.5 -0.00016615629 -0.0038321682
122.5 -0.0017325468 -0.0032156481
127.5 -0.0023114403 -0.0047180675
132.5 -0.0011602506 -0.0031427123
137.5 -0.00051936047 -0.00010404518
142.5 -0.00014605548 -0.00044861925
147.5 0.00063786061 -0.0048865639
152.5 0.0008552051 -0.0029536068
157.5 0.0014605423 -0.00045806389
162.5 0.0017904892 0.0015280939
167.5 0.0012670569 0.0020448887
172.5 0.001151569 0.0045521694
177.5 0.0013319707 0.0017950593
182.5 0.00042942544 -0.00065389027
187.5 0.00026346765 0.00095658642
192.5 0.00057272029 0.0013383964
197.5 0.00089286155 -0.00034456659
