2.5 11.756096 -0.068876356
7.5 1.7260865 -0.082836389
12.5 0.4172254 -0.034516409
17.5 0.019339481 -0.027642824
22.5 -0.12780227 -0.041327925
27.5 -0.12069718 -0.036980403
32.5 -0.013523038 -0.024862405
37.5 0.032925978 -0.0087607008
42.5 0.024977189 -0.0047828562
47.5 0.012538085 -0.012146792
52.5 0.0032804177 -0.017583241
57.5 0.0017349638 -0.0062183046
62.5 0.004495014 -0.0042839834
67.5 0.0033043878 -0.0026623583
72.5 0.0010124102 -0.0060324141
77.5 0.0011157772 -0.010550518
82.5 0.00045527336 -0.0031983879
87.5 0.00034365192 -0.0037151068
92.5 -0.00017072172 0.0014981176
97.5 -0.00026949897 -0.0015670522
102.5 0.0018243826 -0.0021970919
107.5 0.00076271005 -0.002078036
112.5 0.00063143115 -0.0041862327
117.5 -0.0022403325 -0.0053881187
122.5 -0.0020580977 -0.0016704729
127.5 -0.0023132678 -0.00044301885
132.5 -0.0011023637 -0.0015408305
137.5 0.0011738262 0.0030402772
142.5 0.00066276402 -0.0008315871
147.5 7.7350029e-05 -0.0015697275
152.5 0.00097300415 0.00043588993
157.5 0.0015015575 -0.0010944851
162.5 0.001461463 0.0013147814
167.5 0.0010765989 0.0010000445
172.5 0.00048227282 0.00021702442
177.5 -0.00023976313 0.0013286129
182.5 0.0015633279 -0.00058423847
187.5 0.0012256344 -0.00068846794
192.5 -0.00062514221 -0.0038717438
197.5 0.00083363353 -0.0016090759
