2.5 11.15529 0.2229258
7.5 1.6545666 -0.0025898303
12.5 0.38959973 -0.025364385
17.5 -0.0050322783 -0.031490703
22.5 -0.13643865 -0.03947806
27.5 -0.12660414 -0.039764946
32.5 -0.013368833 -0.025049507
37.5 0.031347728 -0.010212486
42.5 0.027284378 -0.0039479907
47.5 0.018332822 -0.003659816
52.5 0.0082797559 -0.0068939725
57.5 0.0031245081 -0.011219978
62.5 0.0033823789 -0.015636044
67.5 0.0030552159 -0.0069959413
72.5 0.0027086468 -0.0078395563
77.5 0.0015458731 -0.0043898909
82.5 0.0021077042 -0.0051968101
87.5 0.0020472957 -0.0021454491
92.5 0.0024007354 -0.0014716972
97.5 0.00051283051 -0.005695004
102.5 0.00085187442 -0.0043799523
107.5 0.00050277426 -0.0055837376
112.5 0.00043631054 -0.0020559381
117.5 0.0002219337 -0.0014153192
122.5 0.00048862187 -0.0037972989
127.5 0.00036129347 -0.0043535584
132.5 0.00042224169 -0.0054307068
137.5 0.00027592494 -0.0043548813
142.5 0.00046127746 -0.0028604862
147.5 0.00082379127 -0.002212317
152.5 0.00034647365 -0.0026528868
157.5 -0.00074093852 -0.0010338644
162.5 -0.00052777044 -0.0012187893
167.5 -0.00047328954 -0.0015503786
172.5 0.00084338627 -0.0015950906
177.5 0.00014531954 -0.0015661861
182.5 -0.00018229448 -0.0010252129
187.5 -0.0010544213 -0.00085572538
192.5 -0.0014390038 -3.111045e-05
197.5 -0.00097881399 -0.00021193664
