0 5 6034.9626 5.0576991e-07 95.471928 8.0011811e-09
5 10 40949.961 3.4318785e-06 321.95736 2.6982164e-08
10 15 108760.35 9.1148392e-06 925.10232 7.7529714e-08
15 20 207776.28 1.7413031e-05 2127.1631 1.7827038e-07
20 25 336540.85 2.8204357e-05 3875.4624 3.2478947e-07
25 30 493579.76 4.1365259e-05 6381.5665 5.3481762e-07
30 35 677446.18 5.6774486e-05 10004.35 8.3843092e-07
35 40 886889.81 7.4327252e-05 15053.58 1.2615899e-06
40 45 1120524.5 9.3907389e-05 21469.362 1.799275e-06
45 50 1377329.1 0.00011542932 29288.898 2.454604e-06
50 55 1656414.8 0.00013881855 38105.089 3.1934594e-06
55 60 1956682.8 0.000163983 47890.568 4.0135474e-06
60 65 2277454.5 0.0001908658 59424.703 4.9801845e-06
65 70 2618095.8 0.0002194138 72285.382 6.0579947e-06
70 75 2977921 0.00024956955 86728.263 7.268404e-06
75 80 3356364.9 0.00028128566 102672.24 8.6046153e-06
80 85 3751832.5 0.00031442846 119573.49 1.0021052e-05
85 90 4163345.1 0.00034891595 137770.82 1.1546109e-05
90 95 4590003.3 0.00038467274 156477.07 1.3113817e-05
95 100 5030502.7 0.00042158951 176317.26 1.4776556e-05
100 105 5484092.1 0.00045960331 197104.41 1.6518658e-05
105 110 5949802 0.00049863289 218307.44 1.8295612e-05
110 115 6426716 0.00053860145 240005.34 2.011404e-05
115 120 6914025.3 0.0005794412 262396.17 2.199054e-05
120 125 7411073.7 0.00062109716 286719.98 2.4029037e-05
125 130 7916983.8 0.00066349578 311035.94 2.6066876e-05
130 135 8431327.3 0.00070660118 335674.22 2.8131727e-05
135 140 8953437.4 0.00075035747 360145.55 3.0182587e-05
140 145 9482963.4 0.00079473526 385309.49 3.2291492e-05
145 150 10019537 0.00083970372 409896.73 3.4352066e-05
150 155 10562954 0.00088524565 434804.41 3.6439495e-05
155 160 11112382 0.00093129135 460143.86 3.856311e-05
160 165 11667350 0.00097780139 485211.41 4.0663936e-05
165 170 12227646 0.0010247579 510349.02 4.2770634e-05
170 175 12791579 0.0010720192 534931.57 4.4830815e-05
175 180 13359308 0.0011195987 557953.6 4.6760214e-05
180 185 13929292 0.0011673671 581200.22 4.8708435e-05
185 190 14502733 0.0012154253 602203.83 5.0468677e-05
190 195 15077295 0.0012635773 621470.99 5.2083393e-05
195 200 15653256 0.0013118467 640074.52 5.3642493e-05
