0 5 5995.9046 5.0553814e-07 0 0
5 10 40710.917 3.4324964e-06 0 0
10 15 108137.26 9.1174745e-06 0 0
15 20 206537.32 1.7413969e-05 0 0
20 25 334592.93 2.8210837e-05 0 0
25 30 490791.72 4.1380568e-05 0 0
30 35 673678.42 5.6800459e-05 0 0
35 40 881900.02 7.4356436e-05 0 0
40 45 1114309.2 9.395176e-05 0 0
45 50 1369730.8 0.00011548736 0 0
50 55 1647307.8 0.00013889096 0 0
55 60 1946154 0.00016408785 0 0
60 65 2265262.3 0.00019099312 0 0
65 70 2604161 0.00021956699 0 0
70 75 2962099.6 0.00024974619 0 0
75 80 3338319 0.00028146672 0 0
80 85 3731617.3 0.00031462723 0 0
85 90 4140880.7 0.00034913383 0 0
90 95 4564941.7 0.00038488807 0 0
95 100 5002714.6 0.00042179842 0 0
100 105 5453597.2 0.00045981409 0 0
105 110 5916846 0.00049887241 0 0
110 115 6390950.8 0.00053884603 0 0
115 120 6875473.9 0.00057969807 0 0
120 125 7369229.8 0.00062132856 0 0
125 130 7872281.1 0.00066374278 0 0
130 135 8383277 0.00070682684 0 0
135 140 8902177.5 0.00075057737 0 0
140 145 9428668.6 0.00079496789 0 0
145 150 9961907.2 0.00083992731 0 0
150 155 10502053 0.00088546909 0 0
155 160 11048269 0.00093152269 0 0
160 165 11599927 0.00097803515 0 0
165 170 12156361 0.0010249503 0 0
170 175 12716863 0.0010722084 0 0
175 180 13280920 0.0011197662 0 0
180 185 13848026 0.0011675812 0 0
185 190 14417448 0.0012155913 0 0
190 195 14988596 0.0012637471 0 0
195 200 15561310 0.0013120348 0 0
