0 5 6044.1464 5.0372478e-07 0 0
5 10 41002.252 3.4171659e-06 0 0
10 15 108866.26 9.0730153e-06 0 0
15 20 207962.67 1.7331803e-05 0 0
20 25 336886.45 2.807643e-05 0 0
25 30 494082.9 4.1177329e-05 0 0
30 35 678130.89 5.6516059e-05 0 0
35 40 887765.37 7.3987192e-05 0 0
40 45 1121634 9.3478023e-05 0 0
45 50 1378740.7 0.00011490553 0 0
50 55 1658317.9 0.00013820575 0 0
55 60 1959035.5 0.00016326784 0 0
60 65 2280217.9 0.00019003548 0 0
65 70 2621363 0.00021846683 0 0
70 75 2981863.1 0.00024851124 0 0
75 80 3360414.4 0.00028006006 0 0
80 85 3756587.7 0.00031307752 0 0
85 90 4168722 0.00034742517 0 0
90 95 4595760.4 0.00038301495 0 0
95 100 5036749.4 0.00041976738 0 0
100 105 5490842.2 0.0004576119 0 0
105 110 5957239.2 0.00049648186 0 0
110 115 6434913.8 0.0005362917 0 0
115 120 6922725.4 0.00057694638 0 0
120 125 7420087.8 0.00061839702 0 0
125 130 7926536.7 0.00066060494 0 0
130 135 8441578.1 0.00070352897 0 0
135 140 8964381.3 0.00074709988 0 0
140 145 9495051.4 0.00079132642 0 0
145 150 10032771 0.00083614051 0 0
150 155 10576980 0.00088149539 0 0
155 160 11127532 0.0009273789 0 0
160 165 11683405 0.00097370589 0 0
165 170 12244161 0.0010204398 0 0
170 175 12808952 0.00106751 0 0
175 180 13377913 0.0011149277 0 0
180 185 13949201 0.0011625394 0 0
185 190 14522728 0.0012103377 0 0
190 195 15098474 0.0012583208 0 0
195 200 15675704 0.0013064278 0 0
