0 5 58086.187 5.0267968e-07 2459.5212 2.1284773e-08
5 10 397932.78 3.4437227e-06 8533.495 7.3849132e-08
10 15 1066915.2 9.2331174e-06 19748.345 1.709028e-07
15 20 2057644.6 1.7806921e-05 44519.334 3.8527171e-07
20 25 3350760.9 2.8997589e-05 98655.409 8.5376699e-07
25 30 4929557 4.266054e-05 192854.48 1.6689687e-06
30 35 6779771.2 5.8672352e-05 323619.23 2.800611e-06
35 40 8891862.7 7.6950457e-05 506796.58 4.3858334e-06
40 45 11246840 9.7330504e-05 731806.18 6.3330735e-06
45 50 13832305 0.0001197052 1000981 8.6625208e-06
50 55 16632887 0.00014394152 1321713.4 1.1438149e-05
55 60 19649986 0.00017005159 1701666.6 1.4726276e-05
60 65 22860339 0.00019783409 2128405.5 1.8419288e-05
65 70 26262843 0.00022727946 2619162.1 2.266631e-05
70 75 29835570 0.00025819795 3139936.4 2.7173107e-05
75 80 33585668 0.00029065142 3713647.9 3.2138024e-05
80 85 37488988 0.00032443088 4319255.1 3.7378969e-05
85 90 41548736 0.00035956406 4977295.7 4.3073672e-05
90 95 45742075 0.00039585334 5677936.5 4.913704e-05
95 100 50076719 0.00043336549 6423090.8 5.5585628e-05
100 105 54531153 0.0004719143 7206944.3 6.2369121e-05
105 110 59097517 0.00051143176 8049778 6.966303e-05
110 115 63755153 0.00055173908 8906896.6 7.7080561e-05
115 120 68524427 0.00059301253 9787050.7 8.4697442e-05
120 125 73392967 0.00063514503 10699232 9.2591491e-05
125 130 78337919 0.0006779388 11650619 0.00010082482
130 135 83366363 0.00072145511 12621208 0.00010922433
135 140 88456695 0.000765507 13622791 0.00011789206
140 145 93617678 0.0008101703 14620561 0.00012652679
145 150 98862868 0.00085556234 15622047 0.00013519369
150 155 1.041633e+08 0.00090143241 16577353 0.00014346093
155 160 1.0952552e+08 0.00094783725 17536614 0.00015176241
160 165 1.1493139e+08 0.00099461979 18497285 0.00016007608
165 170 1.2037556e+08 0.0010417338 19435380 0.00016819439
170 175 1.2585614e+08 0.001089163 20328515 0.00017592361
175 180 1.3137987e+08 0.0011369655 21260640 0.00018399024
180 185 1.3691333e+08 0.0011848522 22196388 0.00019208824
185 190 1.4246741e+08 0.0012329174 23088130 0.0001998054
190 195 1.4802038e+08 0.001280973 23992473 0.00020763161
195 200 1.5359155e+08 0.001329186 24875334 0.00021527191
