0 5 57801.796 5.0294313e-07 2272.0993 1.9769918e-08
5 10 395559.58 3.4418303e-06 7291.1461 6.3441486e-08
10 15 1059287.1 9.2170352e-06 19938.318 1.7348665e-07
15 20 2045007.8 1.7793956e-05 42969.949 3.7388873e-07
20 25 3328583.7 2.8962566e-05 95678.925 8.3251838e-07
25 30 4897852.6 4.2617037e-05 189684.22 1.6504742e-06
30 35 6736534 5.8615713e-05 322081.3 2.8024834e-06
35 40 8830301.5 7.6833935e-05 507445.21 4.415366e-06
40 45 11164687 9.7145819e-05 731965.14 6.3689515e-06
45 50 13732139 0.00011948565 1008556.5 8.7756195e-06
50 55 16517875 0.0001437248 1337115.1 1.1634462e-05
55 60 19509548 0.00016975585 1716075.1 1.4931857e-05
60 65 22695737 0.00019747941 2161739.8 1.8809661e-05
65 70 26069686 0.00022683671 2640813.8 2.2978164e-05
70 75 29618665 0.00025771698 3160201.4 2.7497443e-05
75 80 33335193 0.00029005511 3725034.5 3.241215e-05
80 85 37213223 0.0003237985 4328138.4 3.7659858e-05
85 90 41241202 0.00035884662 4984226.3 4.336859e-05
90 95 45401491 0.000395046 5682155.4 4.9441388e-05
95 100 49707525 0.00043251352 6419566.7 5.5857727e-05
100 105 54129743 0.00047099198 7198362.5 6.263416e-05
105 110 58663242 0.00051043871 8004813 6.9651221e-05
110 115 63298129 0.00055076764 8854301.7 7.7042765e-05
115 120 68035803 0.00059199094 9744789.8 8.4791051e-05
120 125 72861156 0.00063397714 10661783 9.2769961e-05
125 130 77773221 0.00067671785 11598774 0.00010092288
130 135 82772730 0.00072021941 12554965 0.00010924286
135 140 87829487 0.00076421911 13512910 0.0001175781
140 145 92963479 0.00080889084 14484361 0.00012603086
145 150 98163766 0.0008541394 15476598 0.00013466447
150 155 1.0343061e+08 0.00089996712 16455048 0.00014317813
155 160 1.0875367e+08 0.00094628396 17419290 0.00015156817
160 165 1.1412839e+08 0.0009930503 18361768 0.00015976883
165 170 1.1953353e+08 0.0010400813 19291212 0.00016785607
170 175 1.2498706e+08 0.0010875334 20213070 0.00017587732
175 180 1.3047665e+08 0.0011352992 21142716 0.00018396632
180 185 1.3597952e+08 0.0011831806 22052960 0.0001918865
185 190 1.4151124e+08 0.0012313131 22951208 0.00019970231
190 195 1.4705167e+08 0.0012795212 23842833 0.00020746049
195 200 1.5260001e+08 0.0013277983 24715682 0.0002150553
