0 5 58605.941 5.0354485e-07 2017.2046 1.7331912e-08
5 10 400391.34 3.4401802e-06 7717.2734 6.6307156e-08
10 15 1074524.3 9.2323603e-06 19326.941 1.6605793e-07
15 20 2072168.6 1.7804165e-05 41990.341 3.6078288e-07
20 25 3374327.9 2.8992375e-05 94418.456 8.1124758e-07
25 30 4965065 4.2660059e-05 188453.13 1.6191977e-06
30 35 6826503.5 5.8653622e-05 329470.62 2.8308262e-06
35 40 8947465.4 7.6877021e-05 506194.6 4.3492465e-06
40 45 11319718 9.7259518e-05 740656.63 6.3637548e-06
45 50 13919845 0.00011959993 1019551.9 8.760035e-06
50 55 16740753 0.00014383729 1349816 1.159768e-05
55 60 19772909 0.00016988972 1733078.8 1.489069e-05
60 65 23003742 0.00019764917 2158118.1 1.8542647e-05
65 70 26422533 0.00022702358 2633800.9 2.2629734e-05
70 75 30022205 0.00025795213 3167561.4 2.7215828e-05
75 80 33789147 0.00029031785 3727501.2 3.2026856e-05
80 85 37719010 0.00032408341 4346633.1 3.7346465e-05
85 90 41801796 0.00035916289 5000666 4.2965945e-05
90 95 46017959 0.00039538836 5707841.7 4.904203e-05
95 100 50374212 0.00043281748 6443234.2 5.5360555e-05
100 105 54862611 0.000471382 7224939.7 6.2077004e-05
105 110 59458041 0.00051086614 8056320.3 6.9220262e-05
110 115 64162524 0.00055128726 8934336 7.6764213e-05
115 120 68956260 0.00059247525 9818568.3 8.4361576e-05
120 125 73828775 0.00063434013 10774050 9.2571121e-05
125 130 78806328 0.00067710748 11739117 0.00010086302
130 135 83855588 0.00072049094 12728188 0.00010936116
135 140 88989097 0.00076459828 13717143 0.0001178583
140 145 94190079 0.00080928535 14719878 0.00012647385
145 150 99449057 0.00085447072 15726560 0.00013512331
150 155 1.047727e+08 0.00090021169 16701786 0.00014350249
155 160 1.101553e+08 0.00094645925 17674385 0.0001518591
160 165 1.1558784e+08 0.00099313587 18640853 0.00016016304
165 170 1.2106251e+08 0.0010401745 19603977 0.00016843824
170 175 1.2657754e+08 0.0010875599 20575085 0.00017678205
175 180 1.3212782e+08 0.0011352481 21505949 0.00018478007
180 185 1.376832e+08 0.0011829802 22444403 0.00019284331
185 190 1.4326464e+08 0.0012309362 23365195 0.0002007548
190 195 1.4885006e+08 0.0012789263 24258027 0.00020842605
195 200 1.5444821e+08 0.0013270259 25148986 0.00021608121
