0 5 58325.4 5.0229986e-07 2280.1311 1.9636548e-08
5 10 398933.42 3.435625e-06 8741.88 7.5285297e-08
10 15 1071662.9 9.2291888e-06 19443.359 1.6744671e-07
15 20 2065963.9 1.7792135e-05 41766.42 3.5969349e-07
20 25 3363155.7 2.8963584e-05 96387.356 8.3009041e-07
25 30 4950387.1 4.2632862e-05 190001.03 1.6362938e-06
30 35 6810505.6 5.8652251e-05 320880.63 2.7634323e-06
35 40 8930295.3 7.6907935e-05 496496.3 4.275839e-06
40 45 11293700 9.726164e-05 727959.09 6.2692026e-06
45 50 13888673 0.00011960961 1002854.5 8.6366088e-06
50 55 16705543 0.00014386857 1334127.2 1.1489538e-05
55 60 19730653 0.0001699209 1709625.4 1.4723338e-05
60 65 22957035 0.00019770658 2137157 1.8405252e-05
65 70 26370502 0.00022710345 2617136.2 2.2538845e-05
70 75 29966346 0.00025807095 3143373.2 2.7070812e-05
75 80 33726928 0.00029045718 3726343.5 3.2091367e-05
80 85 37651542 0.00032425605 4329806.8 3.7288409e-05
85 90 41730352 0.00035938287 4970460.7 4.2805737e-05
90 95 45947687 0.00039570267 5665692.9 4.8793095e-05
95 100 50297657 0.00043316473 6411476.4 5.5215801e-05
100 105 54772608 0.00047170312 7212684.5 6.2115826e-05
105 110 59360811 0.00051121685 8035609.6 6.9202878e-05
110 115 64049618 0.00055159697 8886748.4 7.6532908e-05
115 120 68852019 0.00059295537 9791056.7 8.4320834e-05
120 125 73742844 0.00063507528 10712761 9.2258573e-05
125 130 78730965 0.00067803312 11632925 0.00010018305
130 135 83780254 0.00072151772 12596246 0.0001084792
135 140 88916916 0.00076575479 13566437 0.00011683451
140 145 94129505 0.00081064574 14549358 0.00012529945
145 150 99397610 0.0008560148 15519665 0.00013365576
150 155 1.0473771e+08 0.00090200386 16486092 0.00014197865
155 160 1.1012656e+08 0.00094841282 17449455 0.00015027516
160 165 1.1557046e+08 0.00099529576 18407754 0.00015852805
165 170 1.2105841e+08 0.0010425582 19339641 0.00016655349
170 175 1.2657823e+08 0.001090095 20274637 0.0001746057
175 180 1.3213353e+08 0.0011379374 21200941 0.00018258305
180 185 1.3770833e+08 0.0011859477 22133495 0.00019061423
185 190 1.4329612e+08 0.0012340699 23030533 0.00019833955
190 195 1.4890696e+08 0.0012823906 23929709 0.00020608328
195 200 1.5452245e+08 0.0013307513 24820246 0.00021375261
