0 5 58550.6 5.0112265e-07 2392.9874 2.0481092e-08
5 10 401162.05 3.4334642e-06 9984.0673 8.5451596e-08
10 15 1075307.8 9.2033402e-06 20129.614 1.7228526e-07
15 20 2074036.7 1.7751257e-05 43280.306 3.7042732e-07
20 25 3377882.5 2.8910608e-05 100584.54 8.608826e-07
25 30 4967842.7 4.2518753e-05 198577.95 1.6995882e-06
30 35 6834139.1 5.8492004e-05 325361.23 2.7847004e-06
35 40 8959478 7.6682346e-05 506717.44 4.3368913e-06
40 45 11329831 9.6969711e-05 733030.11 6.2738553e-06
45 50 13933021 0.00011924988 1019287 8.7238694e-06
50 55 16756508 0.00014341554 1341081.9 1.1478047e-05
55 60 19791956 0.00016939531 1736556.7 1.4862835e-05
60 65 23016407 0.00019699273 2173274.4 1.8600612e-05
65 70 26434936 0.00022625123 2660601.7 2.2771547e-05
70 75 30024671 0.00025697504 3186338.6 2.7271222e-05
75 80 33791926 0.0002892182 3758543.4 3.2168607e-05
80 85 37717975 0.00032282046 4393169 3.7600238e-05
85 90 41795629 0.00035772027 5056505.3 4.3277598e-05
90 95 46009370 0.00039378482 5754625 4.9252662e-05
95 100 50355964 0.00043098643 6508257.4 5.5702848e-05
100 105 54821251 0.00046920391 7307983.3 6.254754e-05
105 110 59402152 0.00050841091 8123577.9 6.9528047e-05
110 115 64094000 0.00054856748 8992638.8 7.6966163e-05
115 120 68883210 0.00058955735 9883379.5 8.458983e-05
120 125 73760871 0.00063130426 10800423 9.2438621e-05
125 130 78721437 0.00067376074 11763257 0.00010067932
130 135 83764422 0.00071692261 12735725 0.00010900247
135 140 88881274 0.00076071671 13741109 0.00011760735
140 145 94066172 0.00080509319 14689398 0.00012572357
145 150 99322625 0.0008500821 15686829 0.00013426037
150 155 1.0464589e+08 0.00089564285 16672329 0.00014269506
155 160 1.1002129e+08 0.00094164982 17623807 0.00015083857
160 165 1.1545464e+08 0.0009881527 18606017 0.00015924511
165 170 1.2092813e+08 0.0010349992 19559728 0.00016740773
170 175 1.2643028e+08 0.001082091 20480243 0.00017528622
175 180 1.3197769e+08 0.0011295701 21392894 0.00018309742
180 185 1.3754048e+08 0.0011771809 22318359 0.00019101829
185 190 1.4311747e+08 0.0012249133 23255001 0.00019903481
190 195 1.4871491e+08 0.0012728206 24132268 0.00020654316
195 200 1.5432394e+08 0.0013208271 25035356 0.00021427251
