0 5 58590.169 5.013381e-07 2376.7171 2.0336839e-08
5 10 401015.99 3.4313708e-06 7896.2347 6.7565659e-08
10 15 1075740.5 9.2047819e-06 20816.334 1.7811898e-07
15 20 2074305.1 1.7749193e-05 41841.772 3.5802721e-07
20 25 3377350.9 2.8898956e-05 97947.368 8.3810558e-07
25 30 4970391.1 4.2530112e-05 189817.04 1.6242062e-06
30 35 6837931.7 5.8510084e-05 321489.74 2.7508891e-06
35 40 8966192.8 7.6720961e-05 506911.8 4.3374888e-06
40 45 11340414 9.7036447e-05 732668.45 6.2692192e-06
45 50 13946561 0.00011933644 1015095.8 8.6858633e-06
50 55 16778028 0.00014356444 1348145.5 1.1535667e-05
55 60 19815581 0.00016955585 1721627.5 1.4731438e-05
60 65 23054030 0.00019726626 2159020.6 1.8474077e-05
65 70 26486860 0.00022663993 2637718.2 2.2570145e-05
70 75 30087336 0.00025744811 3162006 2.7056315e-05
75 80 33875195 0.00028985966 3736488.1 3.1971983e-05
80 85 37817147 0.00032358973 4351090.6 3.7230948e-05
85 90 41906664 0.00035858247 5008870.6 4.2859369e-05
90 95 46141526 0.00039481889 5713355.1 4.8887427e-05
95 100 50518026 0.00043226725 6454770.4 5.5231491e-05
100 105 55017373 0.00047076678 7227415 6.1842773e-05
105 110 59633461 0.00051026524 8047589.1 6.8860751e-05
110 115 64339464 0.00055053306 8915419.2 7.6286507e-05
115 120 69154030 0.00059172982 9802758 8.3879194e-05
120 125 74064103 0.00063374381 10740703 9.1904897e-05
125 130 79061783 0.00067650742 11697554 0.00010009238
130 135 84138012 0.00071994316 12647979 0.00010822487
135 140 89292574 0.00076404917 13622996 0.00011656779
140 145 94504028 0.00080864198 14581268 0.00012476744
145 150 99807787 0.00085402462 15592031 0.00013341623
150 155 1.0516211e+08 0.00089983988 16556760 0.00014167111
155 160 1.1056859e+08 0.00094610152 17523837 0.0001499461
160 165 1.1601626e+08 0.00099271556 18485188 0.00015817209
165 170 1.2151491e+08 0.0010397658 19435839 0.00016630652
170 175 1.2706017e+08 0.0010872149 20368173 0.00017428421
175 180 1.3261525e+08 0.001134748 21274365 0.00018203822
180 185 1.3820878e+08 0.0011826101 22193554 0.00018990343
185 190 1.4381366e+08 0.0012305693 23134750 0.00019795696
190 195 1.4943788e+08 0.0012786941 24025682 0.00020558039
195 200 1.550743e+08 0.0013269232 24923835 0.00021326561
