0 5 58867.702 5.0107694e-07 2434.9284 2.0725906e-08
5 10 403402.88 3.4337315e-06 8421.2913 7.1681325e-08
10 15 1081160.3 9.2027453e-06 21160.194 1.801138e-07
15 20 2086510.7 1.7760204e-05 43473.854 3.700458e-07
20 25 3396547 2.8911123e-05 97314.499 8.2833285e-07
25 30 4997246.4 4.2536142e-05 193593.8 1.6478542e-06
30 35 6875841.7 5.8526588e-05 324787.18 2.7645612e-06
35 40 9009491.1 7.6688032e-05 518822.19 4.4161709e-06
40 45 11391389 9.6962549e-05 751174.18 6.3939316e-06
45 50 14010941 0.00011925995 1031557.5 8.7805309e-06
50 55 16851769 0.00014344085 1368941.7 1.1652317e-05
55 60 19897778 0.00016936822 1752313.6 1.4915546e-05
60 65 23147839 0.00019703247 2191823 1.8656613e-05
65 70 26585682 0.00022629509 2681298.7 2.282299e-05
70 75 30215489 0.00025719171 3210280.3 2.7325636e-05
75 80 34008371 0.0002894764 3792801.1 3.2284005e-05
80 85 37958774 0.0003231019 4402507.2 3.7473772e-05
85 90 42063663 0.00035804237 5069726.8 4.3153089e-05
90 95 46316959 0.00039424607 5769032.8 4.9105523e-05
95 100 50703277 0.00043158204 6511969.3 5.5429336e-05
100 105 55205002 0.00046990035 7293337.1 6.2080273e-05
105 110 59825196 0.00050922705 8138108.4 6.9270896e-05
110 115 64560694 0.00054953521 8998148.6 7.6591486e-05
115 120 69392379 0.00059066211 9922601.7 8.4460353e-05
120 125 74318850 0.00063259581 10856502 9.2409637e-05
125 130 79329632 0.00067524717 11815607 0.00010057346
130 135 84419148 0.0007185687 12797402 0.00010893041
135 140 89585578 0.00076254492 13791972 0.0001173961
140 145 94830019 0.00080718517 14804871 0.00012601782
145 150 1.0013035e+08 0.00085230116 15830784 0.00013475031
150 155 1.0549239e+08 0.00089794238 16832764 0.00014327908
155 160 1.1091673e+08 0.00094411394 17839901 0.00015185174
160 165 1.1639908e+08 0.00099077922 18790237 0.00015994092
165 170 1.2191682e+08 0.0010377458 19806040 0.00016858735
170 175 1.2748381e+08 0.0010851315 20788446 0.00017694951
175 180 1.3306809e+08 0.0011326644 21743386 0.00018507788
180 185 1.3868241e+08 0.0011804531 22671212 0.00019297545
185 190 1.4432141e+08 0.0012284518 23600106 0.00020088212
190 195 1.4998427e+08 0.0012766535 24495173 0.00020850086
195 200 1.5563132e+08 0.0013247207 25406031 0.00021625401
