0 5 59316.387 5.0138511e-07 2133.4491 1.8033459e-08
5 10 406713.8 3.4378399e-06 8584.3488 7.2561141e-08
10 15 1089833.2 9.2120605e-06 23711.802 2.0042934e-07
15 20 2101811.3 1.7766033e-05 45116.28 3.8135551e-07
20 25 3423289.3 2.8936124e-05 99013.856 8.3693691e-07
25 30 5035835.4 4.2566532e-05 196382.59 1.6599681e-06
30 35 6927187.6 5.8553612e-05 332358.27 2.8093331e-06
35 40 9080582.3 7.6755666e-05 513464.9 4.3401776e-06
40 45 11485881 9.7086991e-05 748560.77 6.3273784e-06
45 50 14124069 0.00011938687 1028387.1 8.6926738e-06
50 55 16986193 0.00014357962 1372344.7 1.1600053e-05
55 60 20062405 0.000169582 1761683.9 1.4891029e-05
60 65 23335208 0.0001972461 2205132.9 1.8639382e-05
65 70 26805580 0.0002265802 2698033 2.2805732e-05
70 75 30450132 0.00025738659 3223026.1 2.7243354e-05
75 80 34274846 0.00028971585 3799314.1 3.2114557e-05
80 85 38262777 0.00032342474 4425304 3.7405878e-05
85 90 42402927 0.00035842029 5093426.9 4.3053338e-05
90 95 46688293 0.00039464331 5806231.4 4.9078478e-05
95 100 51107134 0.00043199456 6573987.6 5.556811e-05
100 105 55647638 0.00047037419 7379757.8 6.2379064e-05
105 110 60304807 0.00050973996 8210542.5 6.9401459e-05
110 115 65076385 0.00055007279 9086989.9 7.6809828e-05
115 120 69947918 0.00059125052 9996354.7 8.4496439e-05
120 125 74908902 0.00063318436 10935301 9.243309e-05
125 130 79957668 0.00067586019 11904276 0.00010062357
130 135 85087000 0.00071921702 12911404 0.00010913655
135 140 90292601 0.00076321853 13943775 0.0001178629
140 145 95562403 0.00080776273 14954494 0.00012640623
145 150 1.0090803e+08 0.0008529478 15970228 0.00013499195
150 155 1.0632025e+08 0.00089869588 17005948 0.00014374661
155 160 1.1177721e+08 0.00094482203 18020270 0.00015232039
160 165 1.1729166e+08 0.00099143418 19012278 0.00016070556
165 170 1.2284646e+08 0.0010383874 19983261 0.00016891301
170 175 1.2843848e+08 0.0010856552 20965346 0.00017721431
175 180 1.3405967e+08 0.0011331695 21923077 0.00018530974
180 185 1.3970614e+08 0.0011808976 22857345 0.00019320685
185 190 1.4536207e+08 0.0012287057 23803244 0.00020120228
190 195 1.5104874e+08 0.0012767734 24752355 0.00020922485
195 200 1.5672879e+08 0.0013247854 25653353 0.00021684074
