0 5 58783.875 5.0223135e-07 2444.4935 2.0885001e-08
5 10 402085.24 3.4352927e-06 8291.9095 7.0843525e-08
10 15 1079109.6 9.219581e-06 20685.919 1.7673414e-07
15 20 2081580 1.7784379e-05 41868.382 3.5771058e-07
20 25 3387118.2 2.8938496e-05 95758.068 8.1812749e-07
25 30 4985175.3 4.2591805e-05 191533.19 1.6364007e-06
30 35 6857207.2 5.858587e-05 326347.28 2.7882108e-06
35 40 8988005.1 7.6790752e-05 502921.79 4.2968091e-06
40 45 11368450 9.7128542e-05 734506.8 6.2754003e-06
45 50 13980876 0.00011944831 1015574.7 8.676758e-06
50 55 16814035 0.00014365394 1345914.5 1.149908e-05
55 60 19859366 0.00016967231 1732901 1.4805374e-05
60 65 23106319 0.00019741329 2155235.7 1.8413671e-05
65 70 26538559 0.00022673729 2628035.6 2.2453128e-05
70 75 30151216 0.00025760272 3145754.3 2.6876357e-05
75 80 33940789 0.00028997967 3727852.5 3.1849625e-05
80 85 37888512 0.0003237078 4333285.7 3.702226e-05
85 90 41975945 0.00035862957 4977263.5 4.2524209e-05
90 95 46212398 0.00039482452 5672843.8 4.8467034e-05
95 100 50590993 0.00043223389 6426324.2 5.4904538e-05
100 105 55088075 0.00047065557 7213609.7 6.1630864e-05
105 110 59689335 0.00050996733 8032191.1 6.8624571e-05
110 115 64410793 0.00055030602 8897745.9 7.6019606e-05
115 120 69235037 0.00059152287 9793248.8 8.3670507e-05
120 125 74142503 0.00063345075 10712022 9.1520222e-05
125 130 79132602 0.00067608463 11660954 9.962761e-05
130 135 84210542 0.00071946898 12631294 0.00010791789
135 140 89354200 0.00076341481 13619510 0.00011636091
140 145 94583063 0.00080808861 14602685 0.00012476085
145 150 99868980 0.00085324987 15607284 0.00013334384
150 155 1.0521623e+08 0.0008989351 16594291 0.00014177652
155 160 1.1061523e+08 0.00094506254 17598297 0.00015035444
160 165 1.1605731e+08 0.00099155797 18553919 0.00015851898
165 170 1.2155545e+08 0.0010385324 19523989 0.00016680696
170 175 1.2708413e+08 0.0010857677 20474173 0.00017492504
175 180 1.3264512e+08 0.0011332791 21417934 0.00018298825
180 185 1.3822312e+08 0.0011809358 22346919 0.0001909252
185 190 1.4382795e+08 0.0012288218 23276389 0.00019886631
190 195 1.4945138e+08 0.0012768666 24190428 0.00020667558
195 200 1.5507291e+08 0.0013248953 25073537 0.00021422059
