0 5 57743.652 5.0066637e-07 2380.4228 2.0639458e-08
5 10 396108.84 3.434462e-06 8770.7661 7.6046933e-08
10 15 1062244.9 9.2101947e-06 19944.182 1.7292604e-07
15 20 2047821.1 1.7755634e-05 40561.335 3.5168708e-07
20 25 3335905.5 2.8923971e-05 94285.818 8.1750524e-07
25 30 4907448.8 4.2550038e-05 193470.19 1.6774834e-06
30 35 6749106.1 5.8518129e-05 322966.05 2.8002774e-06
35 40 8848021.1 7.6716772e-05 502026.32 4.3528195e-06
40 45 11193285 9.7051383e-05 729853.86 6.3281983e-06
45 50 13765369 0.00011935264 1004309.7 8.7078679e-06
50 55 16553928 0.00014353084 1336721.7 1.1590046e-05
55 60 19551106 0.00016951788 1720404.1 1.4916765e-05
60 65 22745074 0.00019721118 2152980.8 1.8667421e-05
65 70 26123561 0.00022650435 2632043.4 2.2821134e-05
70 75 29680519 0.00025734496 3147288.3 2.7288566e-05
75 80 33403402 0.00028962422 3714023.7 3.2202445e-05
80 85 37288526 0.00032331019 4321858 3.7472673e-05
85 90 41324677 0.00035830563 4969037.5 4.3084043e-05
90 95 45500258 0.00039451002 5658293 4.9060233e-05
95 100 49801496 0.0004318039 6392300.6 5.5424446e-05
100 105 54227409 0.00047017879 7165300.1 6.2126739e-05
105 110 58773860 0.0005095988 7977916.4 6.9172529e-05
110 115 63417444 0.00054986099 8825558 7.6522006e-05
115 120 68160927 0.00059098936 9711092.3 8.4200032e-05
120 125 72991439 0.00063287232 10633023 9.2193631e-05
125 130 77919611 0.00067560204 11573915 0.00010035163
130 135 82914778 0.00071891264 12539062 0.00010871995
135 140 87999917 0.00076300334 13514862 0.00011718062
140 145 93159069 0.00080773577 14478155 0.00012553285
145 150 98371980 0.00085293432 15443791 0.0001339054
150 155 1.0364752e+08 0.0008986759 16406691 0.00014225423
155 160 1.089742e+08 0.00094486087 17362078 0.00015053791
160 165 1.1435525e+08 0.00099151723 18302812 0.00015869454
165 170 1.1978656e+08 0.0010386094 19246939 0.0001668806
170 175 1.2525787e+08 0.0010860484 20182624 0.00017499346
175 180 1.307622e+08 0.0011337738 21120334 0.00018312387
180 185 1.3628045e+08 0.0011816197 22043733 0.0001911302
185 190 1.4181829e+08 0.0012296355 22961288 0.00019908586
190 195 1.4736294e+08 0.0012777104 23845667 0.00020675387
195 200 1.5291176e+08 0.0013258215 24744569 0.0002145478
