0 5 58363.432 5.0079454e-07 2459.0348 2.1100048e-08
5 10 400188.07 3.4338625e-06 8322.5959 7.1413048e-08
10 15 1073425 9.2106543e-06 19927.836 1.7099322e-07
15 20 2069624.3 1.7758664e-05 41998.17 3.6037042e-07
20 25 3370846.8 2.8923962e-05 97370.48 8.3549927e-07
25 30 4960404.9 4.2563359e-05 191463.53 1.6428762e-06
30 35 6823922.6 5.85535e-05 324840.41 2.7873327e-06
35 40 8947400.2 7.6774258e-05 506251.74 4.3439548e-06
40 45 11315990 9.7098231e-05 730800.71 6.2707245e-06
45 50 13916366 0.00011941107 1011070.6 8.6756145e-06
50 55 16734139 0.00014358932 1344870.7 1.1539827e-05
55 60 19761176 0.00016956318 1734492.9 1.4883028e-05
60 65 22986598 0.00019723931 2154911.3 1.8490479e-05
65 70 26396104 0.00022649499 2648081.3 2.2722184e-05
70 75 29993270 0.00025736091 3182641.5 2.7309043e-05
75 80 33756480 0.00028965159 3765344 3.2308993e-05
80 85 37683624 0.00032334892 4366546.1 3.746768e-05
85 90 41759666 0.0003583239 5026297.1 4.3128755e-05
90 95 45974938 0.00039449355 5738058.8 4.9236113e-05
95 100 50330612 0.00043186794 6486619.3 5.5659227e-05
100 105 54805155 0.00047026231 7266235.5 6.2348819e-05
105 110 59400572 0.00050969384 8080570.6 6.9336321e-05
110 115 64103814 0.00055005059 8954772.8 7.6837519e-05
115 120 68897682 0.00059118495 9853955.1 8.4553062e-05
120 125 73793512 0.00063319422 10802257 9.2690084e-05
125 130 78771662 0.00067590984 11776263 0.00010104766
130 135 83824293 0.00071926456 12765685 0.00010953752
135 140 88961696 0.00076334667 13770026 0.00011815538
140 145 94148387 0.0008078517 14795190 0.00012695193
145 150 99427484 0.00085314964 15811234 0.00013567022
150 155 1.0475456e+08 0.00089885925 16812588 0.00014426246
155 160 1.1014306e+08 0.00094509592 17797693 0.00015271527
160 165 1.1556812e+08 0.00099164635 18786373 0.00016119876
165 170 1.2104953e+08 0.0010386803 19778377 0.00016971078
170 175 1.26563e+08 0.0010859892 20746056 0.00017801406
175 180 1.3210719e+08 0.0011335618 21692834 0.00018613801
180 185 1.3767491e+08 0.0011813363 22635511 0.00019422676
185 190 1.4327684e+08 0.0012294044 23574530 0.00020228413
190 195 1.4887705e+08 0.0012774576 24494391 0.00021017711
195 200 1.5447538e+08 0.0013254948 25396275 0.00021791583
