0 5 58166.516 5.0311137e-07 2435.1978 2.1063247e-08
5 10 398547.76 3.4472394e-06 7755.7125 6.7083046e-08
10 15 1068772.8 9.2443518e-06 20511.25 1.7741209e-07
15 20 2061071.4 1.782724e-05 41803.57 3.6158004e-07
20 25 3356613.9 2.9033036e-05 97884.899 8.4665558e-07
25 30 4936903.2 4.2701751e-05 192393.24 1.6641056e-06
30 35 6791129.7 5.8739886e-05 328435.79 2.8408058e-06
35 40 8903667.8 7.7012287e-05 506457.35 4.3806036e-06
40 45 11259642 9.7390291e-05 729928.69 6.3135193e-06
45 50 13843281 0.00011973748 1021289.7 8.833647e-06
50 55 16649614 0.00014401086 1350813.1 1.168386e-05
55 60 19664729 0.0001700901 1725852 1.492776e-05
60 65 22875839 0.0001978646 2155845.9 1.8646992e-05
65 70 26278828 0.00022729876 2629956.1 2.2747809e-05
70 75 29855836 0.0002582381 3146942 2.721948e-05
75 80 33607722 0.00029069004 3713815.5 3.2122653e-05
80 85 37514189 0.00032447903 4311822.6 3.7295115e-05
85 90 41572342 0.00035958003 4961139.3 4.2911381e-05
90 95 45779130 0.00039596665 5655023.1 4.891313e-05
95 100 50107598 0.00043340574 6393447.9 5.5300137e-05
100 105 54560813 0.00047192383 7161815.2 6.1946131e-05
105 110 59126838 0.00051141767 7977025.7 6.8997295e-05
110 115 63800736 0.00055184455 8841578.9 7.647525e-05
115 120 68580148 0.00059318409 9743106.8 8.4273016e-05
120 125 73449296 0.00063529979 10644751 9.2071785e-05
125 130 78399499 0.00067811658 11564401 0.00010002631
130 135 83423921 0.00072157533 12546705 0.00010852274
135 140 88532223 0.00076575959 13499845 0.00011676693
140 145 93700658 0.00081046397 14485733 0.00012529437
145 150 98933900 0.00085572891 15451184 0.00013364504
150 155 1.0422437e+08 0.00090148882 16460397 0.00014237423
155 160 1.0958207e+08 0.00094783031 17428750 0.00015075
160 165 1.1496884e+08 0.00099442314 18399341 0.00015914513
165 170 1.2041732e+08 0.0010415498 19353269 0.00016739613
170 175 1.2587792e+08 0.0010887812 20287542 0.00017547713
175 180 1.3137353e+08 0.0011363155 21231825 0.0001836447
180 185 1.3690011e+08 0.0011841177 22165998 0.00019172483
185 190 1.4243791e+08 0.0012320169 23083307 0.0001996591
190 195 1.4799824e+08 0.001280111 24014414 0.00020771271
195 200 1.5355833e+08 0.001328203 24900744 0.00021537902
