0 5 58590.846 5.0217204e-07 1776.5254 1.5226293e-08
5 10 401134.83 3.4380575e-06 8417.5889 7.2145704e-08
10 15 1075341.8 9.2165691e-06 20256.046 1.7361108e-07
15 20 2073410.8 1.7770847e-05 41518.214 3.5584545e-07
20 25 3377478.5 2.8947786e-05 98160.182 8.41314e-07
25 30 4969815.9 4.2595436e-05 193357.94 1.6572376e-06
30 35 6837936.9 5.8606779e-05 326599.53 2.7992283e-06
35 40 8965536.6 7.6842069e-05 504265.29 4.3219709e-06
40 45 11340350 9.7196181e-05 729871.89 6.2556061e-06
45 50 13947002 0.00011953735 1011358.8 8.6681816e-06
50 55 16774236 0.00014376909 1342621.4 1.1507377e-05
55 60 19806648 0.00016975937 1735080.3 1.4871074e-05
60 65 23040314 0.00019747456 2176024 1.8650326e-05
65 70 26466042 0.00022683588 2663836.3 2.2831282e-05
70 75 30069791 0.000257723 3200674.4 2.7432429e-05
75 80 33843252 0.00029006468 3773998.1 3.2346287e-05
80 85 37772767 0.00032374387 4386685.3 3.7597524e-05
85 90 41858840 0.0003587649 5061933 4.3384955e-05
90 95 46080810 0.00039495068 5789032 4.9616795e-05
95 100 50437195 0.00043228851 6547090.7 5.6113986e-05
100 105 54914587 0.00047066346 7349506 6.2991349e-05
105 110 59514027 0.00051008447 8184100.7 7.0144516e-05
110 115 64216937 0.00055039229 9054718.9 7.7606435e-05
115 120 69019947 0.00059155807 9941809.9 8.5209539e-05
120 125 73912942 0.00063349509 10891340 9.3347801e-05
125 130 78896694 0.00067620996 11865462 0.00010169683
130 135 83945694 0.00071948408 12872901 0.00011033142
135 140 89084536 0.0007635282 13881000 0.00011897166
140 145 94279100 0.00080804991 14878996 0.00012752531
145 150 99553453 0.00085325548 15875706 0.00013606794
150 155 1.0488951e+08 0.00089898993 16872528 0.00014461153
155 160 1.102814e+08 0.00094520283 17868910 0.00015315135
160 165 1.1572062e+08 0.00099182152 18838940 0.00016146531
165 170 1.2120605e+08 0.0010388362 19800943 0.00016971047
170 175 1.2673541e+08 0.0010862274 20750167 0.0001778461
175 180 1.3228332e+08 0.0011337776 21694971 0.00018594385
180 185 1.3786689e+08 0.0011816334 22651128 0.00019413891
185 190 1.4346213e+08 0.0012295892 23567126 0.00020198977
190 195 1.4907306e+08 0.0012776795 24449513 0.00020955257
195 200 1.547055e+08 0.0013259542 25352738 0.00021729395
