0 5 465504 1.0588092e-05 10039.831 2.2836034e-07
5 10 699060 1.5900425e-05 -15091.875 -3.4327127e-07
10 15 1002114 2.279352e-05 -23127.863 -5.2605334e-07
15 20 1421188 3.2325541e-05 -37471.322 -8.5230157e-07
20 25 2069624 4.7074501e-05 -57773.87 -1.3140919e-06
25 30 3176542 7.2251833e-05 -67123.357 -1.52675e-06
30 35 4954942 0.00011270232 -42207.278 -9.6002295e-07
35 40 6703388 0.00015247148 117020.82 2.6616895e-06
40 45 8472238 0.00019270475 248181.3 5.6449919e-06
45 50 10362736 0.00023570495 418053.77 9.5088153e-06
50 55 12478460 0.00028382802 483547.92 1.0998508e-05
55 60 14763872 0.00033581071 608237.68 1.3834631e-05
60 65 17233690 0.0003919878 710635.28 1.6163709e-05
65 70 19902280 0.00045268604 910579.02 2.0711517e-05
70 75 22698308 0.00051628292 1056296.4 2.4025921e-05
75 80 25651942 0.00058346461 1183707.6 2.6923947e-05
80 85 28700554 0.00065280662 1369557.7 3.1151188e-05
85 90 31999292 0.00072783785 1665105.2 3.7873544e-05
90 95 35440788 0.00080611618 1887289.9 4.2927232e-05
95 100 38981472 0.00088665058 2118111.6 4.8177373e-05
100 105 42576984 0.00096843207 2243002 5.1018058e-05
105 110 46361050 0.0010545023 2358126.1 5.3636607e-05
110 115 50191502 0.0011416276 2651309.3 6.0305187e-05
115 120 54122044 0.0012310295 2945752.3 6.7002421e-05
120 125 58215214 0.0013241304 3217388.1 7.3180897e-05
125 130 62470842 0.0014209265 3462152.6 7.8748172e-05
130 135 66711922 0.0015173918 3772190.4 8.5800116e-05
135 140 71049626 0.0016160547 3935095.4 8.9505461e-05
140 145 75545256 0.0017183098 4072160.8 9.2623073e-05
145 150 79967588 0.0018188977 4324683 9.83668e-05
150 155 84504542 0.0019220927 4590779.7 0.00010441929
155 160 89102268 0.0020266699 4730020.9 0.00010758639
160 165 93877512 0.002135285 4930192.7 0.00011213938
165 170 98699856 0.0022449713 4819494.9 0.00010962151
170 175 1.0350792e+08 0.0023543327 5104050.4 0.00011609385
175 180 1.0831747e+08 0.0024637282 5556752.7 0.00012639076
180 185 1.1309627e+08 0.002572424 5683159.1 0.00012926593
185 190 1.1805623e+08 0.0026852405 5442232.8 0.00012378596
190 195 1.2302009e+08 0.0027981456 5585226.2 0.00012703841
195 200 1.2794862e+08 0.0029102472 5371992.6 0.00012218831
