0 5 389628 1.132583e-05 -13350.057 -3.8806369e-07
5 10 576220 1.6749745e-05 -23157.493 -6.7314934e-07
10 15 813526 2.3647831e-05 -28367.137 -8.2458491e-07
15 20 1123540 3.2659416e-05 -14396.838 -4.1849185e-07
20 25 1606324 4.6693134e-05 -10941.614 -3.1805431e-07
25 30 2422454 7.0416659e-05 51582.425 1.4994142e-06
30 35 3735792 0.00010859318 178726.54 5.1952796e-06
35 40 5010456 0.00014564552 395294.12 1.1490534e-05
40 45 6246388 0.00018157198 600882.64 1.7466646e-05
45 50 7572834 0.00022012953 836965.98 2.4329192e-05
50 55 8982956 0.0002611194 1105178 3.2125663e-05
55 60 10489642 0.00030491623 1425898.1 4.1448456e-05
60 65 12073198 0.00035094754 1876967 5.456027e-05
65 70 13743232 0.00039949261 2248219.1 6.5351944e-05
70 75 15488608 0.00045022775 2695348.1 7.8349231e-05
75 80 17291522 0.00050263543 3111393.7 9.0442974e-05
80 85 19171068 0.00055727066 3668528 0.00010663793
85 90 21088004 0.00061299277 4168621.7 0.00012117481
90 95 23045440 0.00066989213 4756655.8 0.00013826797
95 100 25058392 0.00072840526 5316416 0.00015453926
100 105 27072402 0.00078694914 6134617.3 0.00017832299
105 110 29109948 0.00084617717 6745592.6 0.00019608302
110 115 31184808 0.00090648986 7483157.1 0.00021752278
115 120 33266672 0.00096700614 8225749.5 0.00023910869
120 125 35351570 0.0010276106 8991888.4 0.00026137906
125 130 37442548 0.0010883918 9888064.1 0.00028742937
130 135 39571014 0.0011502627 10625323 0.00030886026
135 140 41700246 0.0012121559 11567991 0.00033626203
140 145 43799284 0.0012731714 12434333 0.00036144511
145 150 45933396 0.0013352065 13381577 0.0003889799
150 155 48034030 0.0013962684 14209575 0.0004130484
155 160 50234530 0.0014602332 14996839 0.00043593286
160 165 52334980 0.0015212897 15915983 0.00046265082
165 170 54453996 0.001582886 16589307 0.00048222322
170 175 56589558 0.0016449632 17417035 0.00050628389
175 180 58760840 0.0017080787 18256793 0.00053069422
180 185 60957022 0.001771918 19063002 0.00055412936
185 190 63105604 0.0018343736 19628249 0.00057056014
190 195 65177420 0.0018945978 20361540 0.00059187569
195 200 67249204 0.0019548211 21197168 0.00061616598
