0 5 390372 1.1250319e-05 -725.23237 -2.0900822e-08
5 10 580870 1.6740373e-05 -18463.181 -5.3209934e-07
10 15 813838 2.3454391e-05 -18592.006 -5.3581201e-07
15 20 1137128 3.2771442e-05 -18942.326 -5.4590804e-07
20 25 1629390 4.6958178e-05 -2579.6559 -7.434435e-08
25 30 2466350 7.1078933e-05 54561.882 1.5724453e-06
30 35 3802430 0.00010958407 216636.17 6.2433426e-06
35 40 5072222 0.00014617882 365323.33 1.052843e-05
40 45 6309398 0.00018183359 572180.06 1.6489934e-05
45 50 7615478 0.00021947414 845040.89 2.4353642e-05
50 55 9029468 0.0002602246 1220755.3 3.5181537e-05
55 60 10565236 0.00030448464 1512461.2 4.3588351e-05
60 65 12177320 0.00035094407 1807656 5.2095712e-05
65 70 13901110 0.00040062281 2206438.5 6.3588418e-05
70 75 15685522 0.00045204864 2716440.4 7.8286409e-05
75 80 17539638 0.00050548331 3281540.6 9.4572306e-05
80 85 19386732 0.0005587156 3726982.9 0.00010740972
85 90 21320100 0.00061443427 4294132.1 0.00012375467
90 95 23314956 0.00067192499 4905661.8 0.00014137864
95 100 25341210 0.00073032058 5675303.3 0.00016355931
100 105 27364028 0.00078861715 6195414.8 0.00017854865
105 110 29407916 0.00084752095 6951675.3 0.00020034369
110 115 31516172 0.0009082798 7678170.1 0.0002212809
115 120 33639666 0.0009694778 8592282.5 0.00024762514
120 125 35762938 0.0010306694 9516066.9 0.00027424813
125 130 37845904 0.0010906994 10403049 0.0002998105
130 135 40041072 0.001153963 11248532 0.00032417688
135 140 42160828 0.0012150533 12226193 0.00035235258
140 145 44302720 0.0012767815 13164380 0.00037939062
145 150 46408966 0.0013374824 13900913 0.00040061714
150 155 48541070 0.0013989286 14803721 0.00042663558
155 160 50733632 0.0014621171 15917338 0.00045872946
160 165 52948072 0.0015259361 16842434 0.00048539026
165 170 55082620 0.0015874527 17595739 0.0005071001
170 175 57207922 0.0016487028 18461379 0.00053204741
175 180 59346982 0.0017103494 19161948 0.00055223744
180 185 61516766 0.0017728814 19908562 0.00057375448
185 190 63730850 0.0018366902 20708160 0.00059679847
190 195 65815812 0.0018967777 21589956 0.00062221139
195 200 67916952 0.0019573315 22464474 0.00064741455
