0 5 462982 1.061236e-05 12208.679 2.7984434e-07
5 10 693206 1.5889498e-05 -13711.889 -3.1430056e-07
10 15 996126 2.2832956e-05 -36059.795 -8.2655378e-07
15 20 1415448 3.2444552e-05 -43393.58 -9.9465701e-07
20 25 2046164 4.690167e-05 -69258.468 -1.5875256e-06
25 30 3132778 7.180877e-05 -57512.062 -1.3182774e-06
30 35 4895766 0.00011221955 -5523.0612 -1.2659826e-07
35 40 6651092 0.0001524547 147052.5 3.3707013e-06
40 45 8373860 0.00019194357 244639.07 5.6075569e-06
45 50 10270904 0.00023542715 293205.25 6.720779e-06
50 55 12344592 0.00028295971 403669.22 9.252807e-06
55 60 14670250 0.00033626788 496726.57 1.1385845e-05
60 65 17141786 0.00039291982 729491.46 1.6721225e-05
65 70 19769778 0.00045315801 944214.38 2.1643051e-05
70 75 22535828 0.00051656073 1182284.8 2.7100042e-05
75 80 25502000 0.0005845506 1308845 3.0001025e-05
80 85 28602840 0.00065562729 1464132.4 3.3560484e-05
85 90 31836774 0.00072975473 1633570.4 3.7444301e-05
90 95 35158834 0.00080590218 1794865.5 4.1141467e-05
95 100 38723698 0.00088761512 1970523.2 4.5167849e-05
100 105 42358040 0.00097092062 2440116.3 5.5931748e-05
105 110 46069146 0.0010559857 2659247.3 6.0954614e-05
110 115 49931546 0.0011445187 2938590.1 6.7357642e-05
115 120 53949650 0.0012366207 3243579.1 7.4348527e-05
120 125 58073132 0.0013311381 3441448.2 7.8884032e-05
125 130 62223304 0.0014262673 3547442.7 8.1313612e-05
130 135 66534680 0.0015250916 3680984.5 8.4374624e-05
135 140 70884814 0.0016248043 4067170.4 9.3226683e-05
140 145 75375722 0.0017277438 4323770.2 9.9108401e-05
145 150 79813182 0.0018294582 4619835.6 0.00010589474
150 155 84425632 0.0019351837 5141957 0.00011786268
155 160 89045176 0.0020410717 5266888.7 0.00012072633
160 165 93804122 0.0021501551 5413126.9 0.00012407837
165 170 98541284 0.0022587392 5618682.9 0.00012879007
170 175 1.0339644e+08 0.0023700279 5984087.1 0.00013716578
175 180 1.0820812e+08 0.0024803199 6168334.8 0.00014138906
180 185 1.1314961e+08 0.0025935876 6351936.2 0.00014559752
185 190 1.1807555e+08 0.0027064987 6780851.7 0.00015542902
190 195 1.2295989e+08 0.0028184565 7053834.7 0.00016168627
195 200 1.2793244e+08 0.0029324361 7142068.3 0.00016370874
