0 5 461854 1.0580323e-05 10314.206 2.3628168e-07
5 10 686706 1.5731317e-05 -3948.659 -9.0457351e-08
10 15 991974 2.272451e-05 -26740.269 -6.1257604e-07
15 20 1403526 3.2152496e-05 -30144.732 -6.9056675e-07
20 25 2035746 4.6635627e-05 -42906.753 -9.8292389e-07
25 30 3119092 7.1453321e-05 -76108.908 -1.7435312e-06
30 35 4899800 0.00011224644 -6250.0792 -1.4317914e-07
35 40 6642036 0.00015215823 75102.466 1.7204753e-06
40 45 8402912 0.00019249704 230254.09 5.2747464e-06
45 50 10294014 0.00023581911 394133.81 9.028964e-06
50 55 12359248 0.00028313026 528797.54 1.2113891e-05
55 60 14623864 0.00033500892 665328.28 1.5241588e-05
60 65 17067656 0.00039099222 796102 1.8237401e-05
65 70 19700508 0.00045130657 872727.57 1.9992768e-05
70 75 22449784 0.00051428801 1098109.1 2.5155893e-05
75 80 25349142 0.00058070758 1296150.7 2.9692704e-05
80 85 28462120 0.00065202084 1484426.6 3.4005797e-05
85 90 31745766 0.00072724383 1664076.6 3.8121287e-05
90 95 35078102 0.00080358222 1815911 4.1599565e-05
95 100 38567116 0.00088350986 1983431.9 4.5437197e-05
100 105 42231956 0.00096746537 2322113.5 5.3195841e-05
105 110 45974190 0.0010531939 2583260.6 5.9178295e-05
110 115 49775586 0.0011402777 2886417.8 6.6123134e-05
115 120 53768208 0.0012317421 3123861 7.156257e-05
120 125 57872044 0.0013257543 3362990.4 7.7040637e-05
125 130 62069232 0.0014219051 3565630.8 8.1682797e-05
130 135 66358026 0.0015201544 3708781.6 8.496215e-05
135 140 70673008 0.0016190036 4012640.4 9.192306e-05
140 145 75015192 0.001718476 4138549.1 9.4807423e-05
145 150 79470596 0.001820542 4412715.2 0.00010108812
150 155 84093270 0.0019264399 4688953.3 0.00010741629
155 160 88788774 0.0020340063 5105716 0.00011696364
160 165 93506412 0.0021420797 5353730.1 0.00012264524
165 170 98271066 0.0022512302 5699856.2 0.00013057443
170 175 1.0305822e+08 0.0023608961 5910430.1 0.00013539833
175 180 1.0791639e+08 0.0024721888 5994292.6 0.00013731949
180 185 1.1266676e+08 0.0025810121 6245822.2 0.00014308162
185 190 1.1758e+08 0.0026935663 6381285.5 0.00014618486
190 195 1.2254055e+08 0.0028072045 6654286.7 0.00015243888
195 200 1.2760414e+08 0.0029232031 6906913.7 0.00015822615
