0 5 324154 1.1579282e-05 10907.101 3.8961851e-07
5 10 480722 1.7172133e-05 -11233.926 -4.0129319e-07
10 15 687356 2.4553419e-05 -20442.815 -7.3024894e-07
15 20 958352 3.4233815e-05 -43607.145 -1.5577146e-06
20 25 1364442 4.8739977e-05 -58998.182 -2.1075063e-06
25 30 2007404 7.1707574e-05 -70888.43 -2.5322443e-06
30 35 3111408 0.0001111443 -36324.621 -1.2975716e-06
35 40 4381626 0.00015651845 44809.643 1.6006697e-06
40 45 5549428 0.00019823415 136917.52 4.8909053e-06
45 50 6808060 0.00024319443 251695.39 8.9909484e-06
50 55 8210526 0.00029329268 357699.69 1.2777586e-05
55 60 9714822 0.00034702846 492787.59 1.7603135e-05
60 65 11380554 0.00040653098 547663.52 1.9563388e-05
65 70 13120914 0.00046869933 573851.51 2.0498863e-05
70 75 14965578 0.00053459358 689099.04 2.4615683e-05
75 80 16906194 0.00060391538 870001.77 3.1077808e-05
80 85 18960924 0.00067731352 1098272.1 3.9231978e-05
85 90 21106690 0.00075396359 1224333 4.3735066e-05
90 95 23359894 0.00083445152 1431528.6 5.1136415e-05
95 100 25720120 0.00091876245 1561234.8 5.5769722e-05
100 105 28158404 0.0010058617 1686529 6.0245423e-05
105 110 30629854 0.0010941457 1807713.5 6.457432e-05
110 115 33195584 0.0011857976 1987679.8 7.1002996e-05
115 120 35861588 0.0012810314 2219637.9 7.9288895e-05
120 125 38616314 0.0013794344 2431423.4 8.6854202e-05
125 130 41331810 0.0014764361 2626476.3 9.3821793e-05
130 135 44179176 0.0015781485 2933822.2 0.00010480066
135 140 47138826 0.0016838717 3172466.3 0.0001133254
140 145 50112408 0.0017900927 3228184.4 0.00011531574
145 150 53140826 0.0018982725 3362655.7 0.00012011926
150 155 56210370 0.0020079213 3655929.7 0.00013059546
155 160 59285786 0.0021177799 3842707.1 0.00013726744
160 165 62413262 0.0022294982 4084780.1 0.00014591466
165 170 65566122 0.0023421232 4377926.5 0.0001563863
170 175 68746682 0.0024557378 4608308 0.00016461589
175 180 71964032 0.0025706665 4623697.8 0.00016516563
180 185 75324942 0.0026907234 4691678.7 0.00016759402
185 190 78614284 0.0028082237 4822040.4 0.00017225074
190 195 81919420 0.0029262883 5100117.5 0.00018218408
195 200 85198152 0.0030434097 5305785.1 0.00018953085
