0 5 274406 1.247249e-05 -5219.3839 -2.3723503e-07
5 10 407678 1.8530061e-05 -9284.3153 -4.2199709e-07
10 15 561942 2.5541775e-05 -13635.596 -6.197745e-07
15 20 771960 3.5087657e-05 -19546.842 -8.8845653e-07
20 25 1068676 4.8574197e-05 -18482.332 -8.4007169e-07
25 30 1544286 7.019195e-05 9438.6565 4.2901231e-07
30 35 2379646 0.00010816131 107701.42 4.895319e-06
35 40 3325756 0.00015116455 235670.19 1.0711844e-05
40 45 4165514 0.00018933381 402849.46 1.8310591e-05
45 50 5030800 0.00022866338 599940.02 2.7268887e-05
50 55 5960996 0.00027094329 731467.22 3.3247151e-05
55 60 6957624 0.00031624271 948079.42 4.3092758e-05
60 65 8019698 0.00036451683 1184454.1 5.3836624e-05
65 70 9138618 0.00041537475 1510349.2 6.8649433e-05
70 75 10292928 0.00046784125 1859792.6 8.4532573e-05
75 80 11509458 0.00052313581 2255832.5 0.00010253365
80 85 12743142 0.00057921006 2560875.7 0.00011639868
85 90 14021978 0.00063733659 2834119.1 0.00012881833
90 95 15325212 0.00069657208 3257316.7 0.0001480538
95 100 16653442 0.00075694371 3654089.7 0.0001660882
100 105 17992290 0.00081779795 4096459.2 0.00018619509
105 110 19346906 0.00087936889 4640041.2 0.00021090235
110 115 20751248 0.00094320001 5169586.9 0.00023497162
115 120 22130744 0.0010059018 5729261 0.00026041031
120 125 23509012 0.0010685478 6272350.9 0.00028509521
125 130 24887530 0.0011312051 6891499.1 0.00031323716
130 135 26308280 0.001195782 7496162.7 0.00034072075
135 140 27733768 0.0012605743 8055228.6 0.0003661318
140 145 29131548 0.0013241072 8561777.8 0.00038915582
145 150 30570402 0.001389507 9222798.3 0.00041920098
150 155 32026542 0.0014556924 9887949.8 0.0004494339
155 160 33448804 0.0015203381 10420472 0.00047363845
160 165 34863070 0.0015846203 10957879 0.00049806508
165 170 36287098 0.0016493462 11502510 0.00052282
170 175 37717116 0.0017143443 12004021 0.000545615
175 180 39159144 0.0017798884 12603082 0.00057284394
180 185 40569756 0.0018440045 13274735 0.0006033724
185 190 42004368 0.0019092114 13864677 0.00063018684
190 195 43390450 0.0019722126 14340898 0.00065183238
195 200 44792028 0.0020359181 14854976 0.00067519861
