0 5 272984 1.2486189e-05 -6962.6157 -3.1846752e-07
5 10 401500 1.8364465e-05 -10197.428 -4.6642667e-07
10 15 558434 2.5542569e-05 -4849.9626 -2.2183553e-07
15 20 763096 3.4903735e-05 -2974.7805 -1.3606539e-07
20 25 1055552 4.8280566e-05 -8351.894 -3.8201261e-07
25 30 1529288 6.9949079e-05 17712.42 8.1015966e-07
30 35 2341658 0.00010710659 88914.099 4.0668987e-06
35 40 3248124 0.00014856802 238497.48 1.0908789e-05
40 45 4095062 0.00018730665 399243.88 1.8261271e-05
45 50 4945372 0.00022619952 581399.71 2.6593012e-05
50 55 5849098 0.00026753562 749945.71 3.4302245e-05
55 60 6843392 0.00031301427 971681.29 4.444435e-05
60 65 7882898 0.0003605609 1223950.7 5.5983063e-05
65 70 8964718 0.00041004295 1479974.7 6.7693509e-05
70 75 10121928 0.00046297332 1745476.9 7.983748e-05
75 80 11286690 0.00051624911 2038809.3 9.32544e-05
80 85 12505884 0.00057201461 2342787.7 0.00010715826
85 90 13761012 0.00062942371 2703946.5 0.00012367753
90 95 15034850 0.00068768859 3100241.9 0.00014180394
95 100 16348244 0.00074776276 3586637.4 0.00016405149
100 105 17699472 0.00080956744 4030048 0.00018433294
105 110 19069386 0.00087222681 4454293.3 0.00020373776
110 115 20409100 0.00093350484 4909229.2 0.00022454636
115 120 21769926 0.00099574853 5393868.3 0.00024671358
120 125 23095204 0.0010563663 5891297 0.00026946579
125 130 24514676 0.0011212924 6528442.1 0.00029860858
130 135 25892644 0.0011843202 7064838.5 0.00032314316
135 140 27323412 0.001249763 7709498.1 0.00035262965
140 145 28732974 0.0013142358 8257713.4 0.00037770482
145 150 30066654 0.0013752379 8915139.4 0.00040777525
150 155 31484806 0.0014401036 9524724.8 0.00043565746
155 160 32898300 0.0015047563 9995354.2 0.00045718388
160 165 34296218 0.0015686966 10635085 0.00048644492
165 170 35689254 0.0016324136 11317695 0.00051766726
170 175 37124830 0.0016980763 11916492 0.00054505605
175 180 38532268 0.001762452 12385769 0.00056652059
180 185 39943650 0.0018270081 12964062 0.00059297152
185 190 41263674 0.0018873855 13457308 0.00061553241
190 195 42606474 0.0019488047 13913794 0.00063641191
195 200 43988626 0.0020120238 14546028 0.00066533003
