0 5 276814 1.2618154e-05 3060.792 1.3952165e-07
5 10 397820 1.8134033e-05 -5334.8338 -2.4318046e-07
10 15 554464 2.5274416e-05 -7020.2994 -3.200099e-07
15 20 760536 3.4667902e-05 -1631.5642 -7.4372427e-08
20 25 1054026 4.8046206e-05 -8051.073 -3.6699618e-07
25 30 1540420 7.0217753e-05 22400.381 1.021088e-06
30 35 2364222 0.00010776954 116154.36 5.2947236e-06
35 40 3299008 0.00015038037 242805.96 1.1067948e-05
40 45 4116564 0.00018764744 390977.32 1.7822119e-05
45 50 4981918 0.00022709332 538062.75 2.452679e-05
50 55 5928074 0.00027022243 714330.89 3.256171e-05
55 60 6912662 0.00031510341 942263.73 4.295169e-05
60 65 7976368 0.00036359086 1202422 5.4810617e-05
65 70 9099476 0.00041478607 1503993.1 6.8557288e-05
70 75 10247842 0.00046713262 1831931.3 8.3505862e-05
75 80 11429930 0.00052101635 2074838.1 9.4578406e-05
80 85 12650664 0.00057666169 2321468.6 0.00010582069
85 90 13924230 0.0006347153 2681425.6 0.0001222288
90 95 15215910 0.00069359461 3167044.4 0.00014436501
95 100 16574766 0.00075553604 3673520.7 0.00016745197
100 105 17937086 0.00081763537 4056984.8 0.00018493162
105 110 19265632 0.00087819516 4465369.9 0.00020354724
110 115 20649498 0.00094127663 5022792.2 0.00022895651
115 120 22047198 0.0010049887 5600765.8 0.00025530257
120 125 23423888 0.0010677431 6173412.2 0.00028140581
125 130 24809062 0.0011308842 6709298.4 0.00030583338
130 135 26199830 0.0011942803 7271534.3 0.00033146207
135 140 27598596 0.0012580409 7838082.7 0.00035728733
140 145 29036580 0.0013235893 8404552.8 0.00038310903
145 150 30430430 0.0013871259 8956978.7 0.00040829054
150 155 31816516 0.0014503085 9575461.5 0.00043648316
155 160 33267944 0.0015164697 10296369 0.00046934468
160 165 34709412 0.0015821769 10862101 0.00049513272
165 170 36142248 0.0016474906 11280913 0.00051422363
170 175 37563244 0.0017122646 11902441 0.00054255507
175 180 38971768 0.00177647 12517960 0.00057061258
180 185 40404482 0.0018417782 12985148 0.00059190863
185 190 41787262 0.0019048101 13562153 0.00061821054
190 195 43215864 0.0019699308 13997943 0.00063807539
195 200 44621072 0.0020339852 14584657 0.00066481988
