0 5 279374 1.2545424e-05 -4604.7092 -2.0677669e-07
5 10 404556 1.8166782e-05 -6426.9552 -2.8860552e-07
10 15 565364 2.5387943e-05 -13455.832 -6.0424064e-07
15 20 777358 3.4907636e-05 -10883.664 -4.887362e-07
20 25 1078358 4.8424186e-05 -6544.5545 -2.9388638e-07
25 30 1561540 7.0121706e-05 18014.813 8.0896387e-07
30 35 2401404 0.0001078362 95832.082 4.3033859e-06
35 40 3353312 0.00015058209 232759.43 1.0452174e-05
40 45 4225112 0.00018973069 415151.37 1.8642572e-05
45 50 5097590 0.00022890974 618582.03 2.7777724e-05
50 55 6060714 0.00027215928 810950.93 3.6416142e-05
55 60 7067906 0.00031738773 1034554.9 4.6457186e-05
60 65 8135348 0.00036532172 1224204.9 5.4973511e-05
65 70 9273164 0.0004164159 1519927.7 6.8253085e-05
70 75 10459822 0.00046970335 1797623.4 8.0723147e-05
75 80 11649964 0.00052314725 2108670.7 9.4690873e-05
80 85 12891938 0.00057891869 2502954.3 0.00011239637
85 90 14185066 0.00063698723 2929188 0.0001315366
90 95 15528326 0.00069730696 3305553.1 0.00014843746
95 100 16884816 0.0007582208 3853560.5 0.00017304599
100 105 18240874 0.00081911524 4326646.1 0.00019429013
105 110 19594232 0.00087988843 4800235 0.00021555687
110 115 20921014 0.00093946822 5378422.2 0.00024152064
115 120 22331654 0.0010028137 5921858.9 0.00026592393
120 125 23716640 0.0010650072 6527094.4 0.00029310232
125 130 25158604 0.0011297592 7090549.5 0.00031840454
130 135 26584386 0.0011937847 7701939 0.00034585929
135 140 28028396 0.0012586286 8293247.3 0.00037241227
140 145 29396878 0.001320081 8920930.5 0.00040059869
145 150 30896718 0.001387432 9545797.4 0.00042865863
150 155 32227124 0.0014471745 10154923 0.00045601172
155 160 33671602 0.0015120395 10819108 0.00048583727
160 165 35105666 0.0015764369 11409529 0.00051235042
165 170 36525768 0.0016402072 12012740 0.00053943788
170 175 37994356 0.0017061549 12630195 0.00056716497
175 180 39435132 0.0017708536 13233431 0.00059425362
180 185 40858132 0.0018347541 13772309 0.00061845216
185 190 42258654 0.0018976452 14253500 0.00064006029
190 195 43647538 0.0019600137 14844044 0.00066657897
195 200 45047494 0.0020228794 15403623 0.00069170711
