0 5 322204 1.1767437e-05 13457.144 4.9147774e-07
5 10 476624 1.7407118e-05 -1303.5331 -4.7607245e-08
10 15 677710 2.475112e-05 -9531.6479 -3.4811197e-07
15 20 946692 3.45748e-05 -32885.408 -1.201031e-06
20 25 1336788 4.8821768e-05 -43006.582 -1.5706734e-06
25 30 1963454 7.1708675e-05 -42297.918 -1.5447918e-06
30 35 3041252 0.00011107169 -24622.268 -8.9924704e-07
35 40 4302310 0.00015712767 63768.283 2.328926e-06
40 45 5472978 0.00019988245 171099.43 6.2488419e-06
45 50 6723782 0.00024556394 285324.97 1.0420552e-05
50 55 8085896 0.00029531066 371148.2 1.3554963e-05
55 60 9556604 0.00034902341 441916.71 1.6139549e-05
60 65 11150092 0.0004072203 519991.63 1.8990977e-05
65 70 12868464 0.00046997816 613033.12 2.2389011e-05
70 75 14650982 0.00053507875 684440.45 2.4996928e-05
75 80 16594460 0.00060605787 864449.64 3.1571169e-05
80 85 18631506 0.00068045425 1028303.2 3.755538e-05
85 90 20772996 0.0007586651 1191753 4.3524844e-05
90 95 22949316 0.000838148 1372181.1 5.0114383e-05
95 100 25241650 0.00092186793 1513613.3 5.5279728e-05
100 105 27561034 0.0010065758 1695523.8 6.1923408e-05
105 110 30025718 0.0010965902 1834624.9 6.7003619e-05
110 115 32577758 0.0011897951 2088490.1 7.6275205e-05
115 120 35173596 0.0012845995 2287874.6 8.3557068e-05
120 125 37845722 0.0013821901 2387938.2 8.7211559e-05
125 130 40605046 0.0014829653 2562399 9.3583164e-05
130 135 43376820 0.0015841951 2731120.1 9.9745144e-05
135 140 46195686 0.0016871449 2781921.8 0.00010160051
140 145 49125076 0.0017941312 3182438 0.00011622804
145 150 52047330 0.0019008569 3290577.1 0.00012017747
150 155 55074360 0.0020114092 3491287 0.00012750773
155 160 58093184 0.0021216618 3758053.9 0.00013725051
160 165 61197784 0.002235047 4008695 0.00014640435
165 170 64307388 0.002348615 4182317.8 0.00015274535
170 175 67452052 0.0024634635 4361131 0.00015927591
175 180 70616148 0.0025790217 4552072.4 0.00016624941
180 185 73805514 0.0026955027 4675885 0.00017077126
185 190 77023282 0.0028130211 4678370.3 0.00017086203
190 195 80282076 0.0029320378 4840482.6 0.00017678265
195 200 83517990 0.0030502189 5081251.3 0.00018557593
