0 5 327020 1.1716647e-05 5405.9565 1.936875e-07
5 10 478674 1.7150188e-05 -10237.338 -3.6678882e-07
10 15 681572 2.4419726e-05 -17181.545 -6.1558958e-07
15 20 959014 3.4360067e-05 -29412.8 -1.0538175e-06
20 25 1347744 4.8287693e-05 -31183.38 -1.1172548e-06
25 30 1990172 7.1304947e-05 -36332.277 -1.3017322e-06
30 35 3088090 0.00011064174 1457.1518 5.2207613e-08
35 40 4353792 0.00015598999 28931.758 1.0365825e-06
40 45 5532726 0.00019822947 120834.63 4.3293278e-06
45 50 6788164 0.00024320997 232669.11 8.3361934e-06
50 55 8165336 0.00029255203 319946.31 1.1463208e-05
55 60 9641118 0.00034542713 408314.4 1.4629307e-05
60 65 11248472 0.00040301627 496868.86 1.7802083e-05
65 70 12996292 0.0004656381 598426.72 2.1440752e-05
70 75 14861036 0.00053244915 721243.95 2.5841114e-05
75 80 16802364 0.00060200409 832519.49 2.9827954e-05
80 85 18881858 0.00067650931 926348.18 3.3189698e-05
85 90 21016770 0.00075300008 1146002.7 4.10596e-05
90 95 23220932 0.00083197197 1304337.6 4.6732504e-05
95 100 25527288 0.00091460533 1520708.2 5.4484746e-05
100 105 27942678 0.0010011452 1704586.2 6.1072825e-05
105 110 30396652 0.0010890675 1863642.4 6.6771576e-05
110 115 32986934 0.0011818735 2025770.9 7.2580405e-05
115 120 35586540 0.0012750136 2186613.6 7.8343163e-05
120 125 38270826 0.0013711876 2268776.6 8.1286942e-05
125 130 41058700 0.0014710731 2400230.5 8.5996743e-05
130 135 43876112 0.0015720168 2504636.7 8.9737465e-05
135 140 46774382 0.0016758576 2703385 9.6858323e-05
140 145 49725428 0.0017815892 2866294.3 0.00010269512
145 150 52718028 0.0018888097 3062229.5 0.0001097152
150 155 55789566 0.0019988584 3189725.5 0.00011428319
155 160 58863686 0.0021089996 3580813.8 0.00012829531
160 165 62014210 0.0022218783 3706879.4 0.00013281206
165 170 65137930 0.0023337966 3693232.3 0.0001323231
170 175 68336872 0.00244841 3845137.4 0.00013776564
175 180 71576276 0.0025644731 4035252.6 0.00014457719
180 185 74839730 0.0026813979 4153258.5 0.00014880517
185 190 78093444 0.0027979737 4332587.7 0.00015523027
190 195 81395864 0.0029162946 4424654.7 0.0001585289
195 200 84742108 0.0030361856 4486152 0.00016073225
