0 5 278916 1.2537625e-05 3286.6391 1.4773856e-07
5 10 406238 1.8260909e-05 -2276.0046 -1.0230927e-07
10 15 564540 2.5376782e-05 -10838.183 -4.8718996e-07
15 20 772768 3.4736893e-05 -12463.664 -5.6025736e-07
20 25 1072660 4.8217415e-05 -7440.2627 -3.3444916e-07
25 30 1553456 6.9829799e-05 17235.627 7.7476311e-07
30 35 2391082 0.00010748214 135108.72 6.0733068e-06
35 40 3335158 0.00014991954 308049.26 1.3847201e-05
40 45 4183712 0.00018806311 451433.48 2.0292502e-05
45 50 5042014 0.00022664487 630288.77 2.8332272e-05
50 55 5990440 0.00026927781 782235.08 3.516245e-05
55 60 6982332 0.0003138646 965549.2 4.340265e-05
60 65 8056158 0.00036213443 1172523.9 5.2706423e-05
65 70 9180572 0.00041267825 1422744.8 6.3954166e-05
70 75 10374820 0.0004663612 1721784.2 7.7396364e-05
75 80 11575468 0.00052033183 2130339.8 9.5761453e-05
80 85 12833152 0.00057686631 2564584.3 0.00011528129
85 90 14133232 0.00063530654 2960686.1 0.00013308656
90 95 15441496 0.00069411465 3309172.7 0.00014875147
95 100 16783240 0.00075442773 3668662.9 0.00016491101
100 105 18123208 0.00081466097 4122087 0.00018529299
105 110 19485010 0.00087587569 4586534.2 0.00020617048
110 115 20886180 0.00093886004 5177691.2 0.00023274373
115 120 22275800 0.0010013252 5697655.4 0.00025611677
120 125 23697238 0.0010652206 6332266.4 0.00028464333
125 130 25125586 0.0011294267 6914472.7 0.00031081424
130 135 26495734 0.0011910165 7522184.5 0.00033813164
135 140 27855500 0.0012521397 8119115.9 0.00036496446
140 145 29283454 0.0013163281 8729379.3 0.00039239657
145 150 30728778 0.0013812972 9271192.4 0.00041675175
150 155 32167216 0.0014459568 9947057.3 0.00044713273
155 160 33639932 0.0015121572 10692336 0.00048063392
160 165 35049026 0.0015754978 11199164 0.00050341649
165 170 36490810 0.0016403078 11829444 0.00053174838
170 175 37907220 0.0017039772 12316626 0.00055364784
175 180 39409740 0.0017715173 12906803 0.000580177
180 185 40806432 0.0018343004 13652370 0.00061369119
185 190 42247698 0.0018990871 14303981 0.00064298191
190 195 43705972 0.0019646384 14838593 0.0006670134
195 200 45009502 0.0020232337 15388327 0.00069172462
