0 5 324240 1.190892e-05 7285.2791 2.6757897e-07
5 10 474150 1.7414922e-05 -13882.832 -5.0989864e-07
10 15 671418 2.4660324e-05 -22553.587 -8.2836437e-07
15 20 939952 3.4523234e-05 -31632.656 -1.161827e-06
20 25 1331910 4.8919349e-05 -39219.072 -1.4404663e-06
25 30 1965026 7.2172889e-05 -36257.907 -1.3317065e-06
30 35 3035686 0.00011149686 19118.435 7.0219565e-07
35 40 4276382 0.00015706604 88080.027 3.2350666e-06
40 45 5441096 0.00019984449 138583.89 5.0900087e-06
45 50 6668464 0.00024492415 223378.7 8.2044137e-06
50 55 8027106 0.00029482533 303790.78 1.1157847e-05
55 60 9527158 0.00034992032 416072.36 1.5281805e-05
60 65 11112856 0.00040816097 458787.02 1.685066e-05
65 70 12780346 0.00046940575 511271.81 1.8778359e-05
70 75 14537002 0.00053392547 627909.06 2.3062296e-05
75 80 16453062 0.0006042999 803859.01 2.9524712e-05
80 85 18457924 0.00067793592 990952 3.6396398e-05
85 90 20583732 0.00075601413 1233350.4 4.5299381e-05
90 95 22793268 0.00083716755 1402988.4 5.1529969e-05
95 100 25018000 0.00091887911 1425492.1 5.2356499e-05
100 105 27384116 0.0010057835 1612301.2 5.921776e-05
105 110 29824454 0.001095414 1759637.8 6.4629242e-05
110 115 32340338 0.0011878192 1827536.1 6.7123062e-05
115 120 34884724 0.0012812713 2092455.3 7.6853204e-05
120 125 37528730 0.0013783822 2283877.1 8.3883881e-05
125 130 40210194 0.0014768689 2388529.2 8.7727618e-05
130 135 42980630 0.0015786235 2688105.9 9.8730688e-05
135 140 45831544 0.0016833339 2901507.3 0.00010656865
140 145 48722070 0.0017894993 3037905.5 0.00011157838
145 150 51596978 0.0018950909 3219948.6 0.00011826459
150 155 54525492 0.0020026515 3358451.7 0.00012335163
155 160 57544990 0.0021135538 3615036.6 0.00013277567
160 165 60582674 0.0022251241 3689119.2 0.00013549662
165 170 63660816 0.0023381803 3988065.3 0.00014647653
170 175 66674438 0.0024488668 4239056.7 0.00015569513
175 180 69884764 0.0025667779 4378974.8 0.00016083414
180 185 73069868 0.0026837627 4414362.7 0.00016213389
185 190 76242500 0.0028002894 4661755.9 0.00017122033
190 195 79370034 0.0029151597 4878006.5 0.00017916293
195 200 82557200 0.0030322203 4944478.7 0.00018160437
