0 5 318540 1.1802772e-05 3185.2202 1.1802106e-07
5 10 468482 1.735853e-05 -9263.2731 -3.4322942e-07
10 15 667550 2.473454e-05 -19470.055 -7.2141842e-07
15 20 937926 3.4752705e-05 -30419.425 -1.1271223e-06
20 25 1311302 4.8587299e-05 -52699.414 -1.9526564e-06
25 30 1924128 7.1294167e-05 -59909.605 -2.2198135e-06
30 35 3005022 0.00011134422 -32738.874 -1.2130642e-06
35 40 4256838 0.00015772741 83616.283 3.0982103e-06
40 45 5411904 0.00020052574 128869.33 4.7749587e-06
45 50 6622184 0.0002453699 269434.07 9.9832637e-06
50 55 7977344 0.00029558225 301658.43 1.1177264e-05
55 60 9420794 0.000349066 402270.6 1.4905218e-05
60 65 10975578 0.00040667496 495034.64 1.8342377e-05
65 70 12642164 0.0004684265 647398.75 2.3987881e-05
70 75 14410908 0.00053396327 688274.86 2.5502452e-05
75 80 16321812 0.00060476745 777405.95 2.8805001e-05
80 85 18314774 0.0006786121 900881.75 3.3380115e-05
85 90 20415262 0.00075644089 1027842.8 3.8084367e-05
90 95 22564496 0.00083607584 1189919 4.4089731e-05
95 100 24800158 0.00091891319 1400459.3 5.1890821e-05
100 105 27089722 0.0010037478 1472404.9 5.4556598e-05
105 110 29495562 0.0010928907 1592645.5 5.9011841e-05
110 115 31989136 0.0011852843 1843672.7 6.8313081e-05
115 120 34577192 0.0012811788 2049445.6 7.5937523e-05
120 125 37179172 0.0013775893 2118688.7 7.8503168e-05
125 130 39848706 0.0014765028 2251251.7 8.3414988e-05
130 135 42549116 0.0015765603 2352987 8.7184558e-05
135 140 45326648 0.0016794754 2395473.7 8.8758806e-05
140 145 48245424 0.001787624 2630839.1 9.7479733e-05
145 150 51167976 0.0018959124 2754858.3 0.00010207498
150 155 54112214 0.0020050044 3065351.1 0.00011357958
155 160 57133290 0.0021169435 3260128.5 0.00012079661
160 165 60140460 0.0022283673 3394788.9 0.00012578615
165 170 63111978 0.0023384701 3541969.3 0.00013123958
170 175 66212372 0.0024533482 3594197.5 0.00013317478
175 180 69289610 0.0025673682 3729899.1 0.00013820289
180 185 72449512 0.0026844511 4005115.6 0.00014840041
185 190 75664632 0.0028035801 4140698 0.0001534241
190 195 78845554 0.0029214418 4204887.2 0.00015580249
195 200 81995436 0.0030381535 4519895 0.00016747438
