0 5 275206 1.2546719e-05 -5741.4049 -2.6175227e-07
5 10 401784 1.8317446e-05 -12555.32 -5.7240059e-07
10 15 557816 2.5430989e-05 -17714.49 -8.0760863e-07
15 20 762420 3.4758944e-05 -4644.5953 -2.1174842e-07
20 25 1060192 4.8334453e-05 10593.586 4.8296458e-07
25 30 1532474 6.9865923e-05 36392.797 1.6591579e-06
30 35 2341254 0.00010673843 88661.907 4.0421214e-06
35 40 3264990 0.00014885182 229567.6 1.0466052e-05
40 45 4122308 0.00018793719 406123.09 1.8515267e-05
45 50 4981968 0.00022712933 553068.63 2.5214555e-05
50 55 5901778 0.00026906373 771893.21 3.519083e-05
55 60 6867346 0.00031308425 1022091.7 4.6597449e-05
60 65 7927848 0.00036143283 1261578.8 5.7515734e-05
65 70 9039924 0.00041213269 1406104.5 6.4104702e-05
70 75 10196498 0.00046486123 1679568.6 7.657201e-05
75 80 11370392 0.00051837939 2030259.6 9.2560109e-05
80 85 12584624 0.00057373657 2406107.5 0.00010969512
85 90 13829442 0.00063048818 2754921.2 0.00012559764
90 95 15129982 0.00068978016 3120540.7 0.00014226633
95 100 16434154 0.00074923773 3504037.6 0.00015975007
100 105 17805778 0.00081177046 3986452.2 0.00018174348
105 110 19165340 0.00087375328 4592808.6 0.00020938744
110 115 20536006 0.00093624233 5048855.9 0.00023017877
115 120 21863664 0.00099677063 5491066.5 0.00025033928
120 125 23232096 0.0010591578 6068312.4 0.00027665608
125 130 24598978 0.0011214744 6623061.1 0.00030194723
130 135 26025480 0.001186509 7264263.2 0.00033117981
135 140 27448718 0.0012513948 7924089.3 0.00036126147
140 145 28857736 0.0013156324 8605698.4 0.00039233623
145 150 30250572 0.0013791321 9109627.2 0.00041531048
150 155 31667346 0.0014437233 9752219 0.00044460642
155 160 33036592 0.0015061476 10335768 0.00047121059
160 165 34414114 0.0015689492 10870413 0.00049558521
165 170 35851598 0.0016344845 11494764 0.00052404954
170 175 37297272 0.0017003932 12138048 0.00055337705
175 180 38745762 0.0017664303 12705615 0.0005792526
180 185 40068834 0.0018267495 13211087 0.00060229721
185 190 41454702 0.0018899316 13710268 0.00062505501
190 195 42842316 0.0019531933 14256624 0.00064996352
195 200 44264952 0.0020180517 14802184 0.00067483574
