0 5 272552 1.2718574e-05 -1385.0806 -6.4634454e-08
5 10 392584 1.8319839e-05 -11383.852 -5.3122474e-07
10 15 542114 2.529762e-05 -15880.035 -7.4103804e-07
15 20 753160 3.5146031e-05 -21412.206 -9.9919549e-07
20 25 1049286 4.896468e-05 -24174.694 -1.1281063e-06
25 30 1519562 7.0909997e-05 -7736.9884 -3.6104472e-07
30 35 2329470 0.00010870416 61924.998 2.8897152e-06
35 40 3221818 0.00015034537 258447.25 1.2060379e-05
40 45 4022988 0.00018773177 428498.55 1.9995783e-05
45 50 4888922 0.00022814038 595013.35 2.7766156e-05
50 55 5791288 0.00027024907 750247.73 3.5010131e-05
55 60 6758006 0.00031536073 895171.73 4.1772975e-05
60 65 7780814 0.00036308983 1144864.8 5.3424843e-05
65 70 8868594 0.00041385082 1481406.1 6.912946e-05
70 75 9994298 0.00046638153 1775483.3 8.2852503e-05
75 80 11156012 0.00052059263 2028516.1 9.466022e-05
80 85 12357352 0.00057665288 2389774.3 0.00011151825
85 90 13587874 0.00063407489 2758608.2 0.00012872979
90 95 14864166 0.00069363275 3231328.8 0.00015078919
95 100 16177170 0.00075490377 3713899.7 0.00017330824
100 105 17490872 0.00081620736 4053841 0.00018917152
105 110 18816720 0.00087807774 4412161.8 0.00020589247
110 115 20146482 0.00094013077 4940070.3 0.0002305272
115 120 21492838 0.0010029581 5443950.3 0.00025404064
120 125 22825708 0.0010651562 6011700.4 0.00028053456
125 130 24212994 0.0011298936 6618359.3 0.00030884415
130 135 25560738 0.0011927857 7237138.5 0.00033771934
135 140 26946800 0.001257466 7801711.2 0.00036406499
140 145 28288684 0.0013200847 8284764.6 0.00038660656
145 150 29699978 0.0013859424 8929674.3 0.00041670112
150 155 31033236 0.0014481585 9519212.7 0.00044421178
155 160 32425218 0.001513115 10113288 0.00047193414
160 165 33819328 0.0015781709 10762427 0.00050222606
165 170 35210574 0.001643093 11265608 0.00052570693
170 175 36609088 0.0017083543 11829522 0.00055202182
175 180 37944252 0.0017706594 12454907 0.00058120527
180 185 39317650 0.0018347487 12992839 0.00060630773
185 190 40696564 0.0018990954 13354728 0.00062319521
190 195 42054796 0.001962477 13882992 0.0006478465
195 200 43366016 0.0020236648 14392652 0.00067162968
