0 5 324574 1.1757306e-05 10591.128 3.8365097e-07
5 10 477936 1.7312661e-05 -6116.2121 -2.2155248e-07
10 15 677336 2.4535688e-05 -19829.185 -7.1828855e-07
15 20 946298 3.4278515e-05 -33923.687 -1.2288451e-06
20 25 1347410 4.8808319e-05 -64693.318 -2.3434382e-06
25 30 1977554 7.1634533e-05 -73736.179 -2.671005e-06
30 35 3071310 0.00011125454 -36243.563 -1.3128798e-06
35 40 4327454 0.00015675685 70795.371 2.5644778e-06
40 45 5489606 0.00019885442 186586.58 6.7588761e-06
45 50 6736082 0.00024400653 256662.72 9.2973007e-06
50 55 8101532 0.00029346832 319177.99 1.1561842e-05
55 60 9587516 0.00034729632 482209.9 1.7467478e-05
60 65 11198046 0.00040563585 567252.57 2.0548047e-05
65 70 12931550 0.00046842996 581741.42 2.1072889e-05
70 75 14749652 0.00053428853 675178.52 2.4457536e-05
75 80 16684528 0.00060437711 760733.1 2.7556648e-05
80 85 18721376 0.0006781595 976256.09 3.5363711e-05
85 90 20875308 0.00075618311 1092901 3.9589035e-05
90 95 23112584 0.00083722576 1306303.3 4.7319278e-05
95 100 25401960 0.00092015567 1453774.9 5.2661259e-05
100 105 27777246 0.0010061976 1600942.5 5.7992229e-05
105 110 30241696 0.0010954693 1657858.2 6.0053934e-05
110 115 32717854 0.0011851652 1719144.9 6.227397e-05
115 120 35363232 0.0012809909 1985329.4 7.1916187e-05
120 125 38069860 0.0013790352 2239953.3 8.1139633e-05
125 130 40852040 0.0014798164 2486025 9.0053289e-05
130 135 43671884 0.0015819619 2604759.6 9.4354307e-05
135 140 46523784 0.0016852685 2703350.7 9.7925653e-05
140 145 49422468 0.0017902699 2899589.1 0.00010503415
145 150 52412716 0.0018985881 3026517 0.00010963196
150 155 55406134 0.0020070211 3323216.1 0.00012037954
155 160 58472358 0.0021180914 3466458.8 0.00012556833
160 165 61595128 0.00223121 3670892.8 0.00013297371
165 170 64823062 0.002348138 3695674.3 0.00013387139
170 175 67952596 0.0024615017 3891810.9 0.0001409762
175 180 71120752 0.0025762643 4064242.1 0.00014722232
180 185 74367396 0.0026938701 4266324 0.0001545425
185 190 77678854 0.0028138237 4246894.9 0.0001538387
190 195 80904532 0.0029306701 4539513.7 0.00016443846
195 200 84108778 0.0030467401 4822543.8 0.00017469089
