0 5 277360 1.2474203e-05 -3137.8401 -1.4112365e-07
5 10 407660 1.8334416e-05 -8349.0302 -3.7549574e-07
10 15 564942 2.5408138e-05 -7829.2648 -3.5211941e-07
15 20 773462 3.4786278e-05 963.80143 4.3346751e-08
20 25 1069920 4.811941e-05 4900.3141 2.2039052e-07
25 30 1556168 6.9988303e-05 44684.57 2.0096784e-06
30 35 2388692 0.00010743088 136010.05 6.1170213e-06
35 40 3326396 0.00014960391 271183.3 1.2196407e-05
40 45 4174770 0.00018775933 458318.66 2.0612778e-05
45 50 5056432 0.00022741188 583278.95 2.6232839e-05
50 55 6008824 0.0002702455 793443.68 3.568495e-05
55 60 7004266 0.00031501528 972643.93 4.3744441e-05
60 65 8065170 0.00036272919 1216204.1 5.4698505e-05
65 70 9176502 0.0004127111 1525309.4 6.8600446e-05
70 75 10326260 0.0004644212 1807725.2 8.1302033e-05
75 80 11538872 0.00051895815 2115355.5 9.5137636e-05
80 85 12799930 0.00057567395 2525096.9 0.00011356566
85 90 14046646 0.00063174472 2888362.5 0.00012990345
90 95 15374294 0.00069145539 3280889.2 0.00014755725
95 100 16723706 0.00075214489 3675898.1 0.00016532268
100 105 18102866 0.0008141723 4241364.9 0.00019075443
105 110 19492898 0.00087668867 4793167.5 0.00021557162
110 115 20868388 0.00093855102 5327264.3 0.00023959251
115 120 22229282 0.00099975692 5732654.3 0.00025782483
120 125 23612328 0.0010619591 6248471.6 0.0002810236
125 130 25028930 0.0011256705 6847908.6 0.00030798314
130 135 26463034 0.001190169 7505753.5 0.00033756956
135 140 27838752 0.0012520416 8148568.8 0.00036648004
140 145 29260216 0.0013159716 8686110.8 0.00039065587
145 150 30742926 0.0013826561 9374038.2 0.00042159525
150 155 32154684 0.0014461496 9987094.9 0.00044916733
155 160 33590234 0.0015107132 10667097 0.00047975027
160 165 35017430 0.001574901 11274317 0.00050705983
165 170 36449658 0.0016393151 11830914 0.0005320927
170 175 37865700 0.0017030013 12378246 0.0005567088
175 180 39329440 0.0017688327 12960737 0.00058290623
180 185 40731574 0.0018318933 13305246 0.00059840042
185 190 42161830 0.0018962188 13999895 0.0006296421
190 195 43585860 0.0019602642 14599035 0.00065658828
195 200 44988944 0.0020233676 15090966 0.00067871279
