0 5 317716 1.151817e-05 4854.6074 1.7599427e-07
5 10 476570 1.727711e-05 -7180.5607 -2.6031714e-07
10 15 671854 2.4356749e-05 -10217.069 -3.7039979e-07
15 20 951308 3.4487805e-05 -10374.427 -3.7610451e-07
20 25 1349774 4.8933408e-05 -23121.538 -8.38226e-07
25 30 1984438 7.1941907e-05 -41693.703 -1.5115234e-06
30 35 3064680 0.00011110396 16104.912 5.8385198e-07
35 40 4324124 0.00015676263 121507.47 4.405015e-06
40 45 5501316 0.00019943942 140382.89 5.0893064e-06
45 50 6752170 0.00024478668 189107.66 6.8557273e-06
50 55 8120778 0.00029440287 234759.65 8.5107505e-06
55 60 9616470 0.00034862625 317089.59 1.1495461e-05
60 65 11218902 0.00040671928 474845.55 1.7214594e-05
65 70 12932792 0.000468853 580518.27 2.1045551e-05
70 75 14759076 0.00053506135 645987.31 2.3419003e-05
75 80 16658606 0.00060392508 779798.02 2.8270047e-05
80 85 18671032 0.00067688164 954238.82 3.4594056e-05
85 90 20811544 0.0007544817 1163072.6 4.2164914e-05
90 95 23025520 0.00083474506 1371621.1 4.9725433e-05
95 100 25325862 0.00091813944 1418552.4 5.1426835e-05
100 105 27673376 0.001003244 1548666.7 5.6143873e-05
105 110 30122964 0.001092049 1810189.7 6.5624875e-05
110 115 32594564 0.001181652 1860256.5 6.743995e-05
115 120 35215600 0.0012766725 2050577.2 7.4339654e-05
120 125 37908044 0.0013742818 2020099.2 7.3234734e-05
125 130 40616706 0.001472479 2368313.7 8.5858567e-05
130 135 43392080 0.0015730947 2494230.7 9.0423442e-05
135 140 46259234 0.0016770378 2589048.2 9.3860864e-05
140 145 49144990 0.0017816552 2815077.9 0.00010205513
145 150 52153742 0.0018907316 2969593.6 0.00010765679
150 155 55097214 0.0019974414 3062279.9 0.00011101695
155 160 58137158 0.0021076486 3243447.4 0.00011758482
160 165 61224738 0.0022195828 3481702.4 0.00012622229
165 170 64419900 0.0023354171 3648863.7 0.0001322824
170 175 67479406 0.0024463335 3720654.6 0.00013488503
175 180 70644384 0.0025610735 3757485.7 0.00013622027
180 185 73856178 0.0026775108 3895072.6 0.00014120822
185 190 77022224 0.0027922896 3922279.9 0.00014219456
190 195 80235494 0.0029087804 4021927.3 0.00014580708
195 200 83512630 0.0030275866 4251269 0.00015412142
