0 5 324832 1.1735694e-05 10072.241 3.63895e-07
5 10 476958 1.7231779e-05 -806.98685 -2.9155227e-08
10 15 676344 2.4435296e-05 -15682.08 -5.6657006e-07
15 20 948340 3.4262105e-05 -29760.089 -1.0751874e-06
20 25 1345810 4.8622101e-05 -56967.974 -2.0581676e-06
25 30 1981130 7.1575261e-05 -67197.431 -2.4277426e-06
30 35 3081362 0.000111325 -32481.956 -1.1735244e-06
35 40 4336026 0.00015665413 40748.539 1.4721837e-06
40 45 5509656 0.00019905562 161999.99 5.852817e-06
45 50 6765958 0.00024444393 251842.16 9.0986803e-06
50 55 8122996 0.00029347169 330926.76 1.1955889e-05
55 60 9598032 0.00034676253 414404.24 1.4971805e-05
60 65 11166362 0.00040342394 527224.54 1.9047833e-05
65 70 12862058 0.0004646869 593134.48 2.1429061e-05
70 75 14680170 0.00053037257 745681.26 2.6940348e-05
75 80 16647682 0.00060145583 821925.11 2.9694924e-05
80 85 18663490 0.00067428395 1052560.4 3.8027431e-05
85 90 20805136 0.00075165842 1112457.5 4.0191424e-05
90 95 22999864 0.00083095066 1287241.8 4.650612e-05
95 100 25301628 0.00091410994 1441961.2 5.2095898e-05
100 105 27670740 0.00099970241 1656256.7 5.9838075e-05
105 110 30115598 0.0010880315 1872251.4 6.7641641e-05
110 115 32623110 0.0011786241 1975017.4 7.1354423e-05
115 120 35188720 0.0012713158 2231340.1 8.0614979e-05
120 125 37863316 0.0013679449 2338608 8.4490406e-05
125 130 40573720 0.0014658678 2438146.3 8.8086576e-05
130 135 43371272 0.0015669391 2554995.3 9.2308155e-05
135 140 46226484 0.0016700937 2634370.1 9.5175848e-05
140 145 49130576 0.0017750142 2963621.8 0.00010707122
145 150 52105714 0.0018825014 3226164.8 0.00011655651
150 155 55125586 0.0019916049 3348771.6 0.0001209861
155 160 58106602 0.0020993045 3462921.9 0.00012511019
160 165 61284372 0.0022141126 3570746.6 0.00012900573
165 170 64339052 0.0023244736 3625257.5 0.00013097513
170 175 67452110 0.0024369438 3912638.4 0.00014135777
175 180 70665800 0.0025530496 4073846.3 0.00014718197
180 185 73904658 0.0026700647 4021115 0.00014527686
185 190 77249938 0.0027909246 4253674.7 0.0001536789
190 195 80479866 0.0029076171 4438655.9 0.00016036199
195 200 83670272 0.0030228817 4519637.1 0.00016328772
