0 5 321932 1.1763332e-05 11301.926 4.1297015e-07
5 10 468566 1.712131e-05 3632.8441 1.3274341e-07
10 15 674114 2.4631993e-05 -6949.2189 -2.5392309e-07
15 20 940950 3.4382128e-05 -24237.725 -8.8564172e-07
20 25 1335938 4.8814912e-05 -39602.787 -1.4470781e-06
25 30 1956878 7.1503938e-05 -59489.559 -2.1737368e-06
30 35 3037898 0.0001110042 -19530.1 -7.1362602e-07
35 40 4285314 0.00015658453 60907.279 2.22554e-06
40 45 5458862 0.00019946575 147723.13 5.3977742e-06
45 50 6689290 0.00024442534 156278.67 5.7103921e-06
50 55 8035466 0.00029361435 232518.88 8.4961942e-06
55 60 9527762 0.00034814255 400155.39 1.4621599e-05
60 65 11123042 0.00040643377 539440.69 1.9711057e-05
65 70 12815976 0.00046829325 589265.07 2.153163e-05
70 75 14656552 0.00053554753 656229.54 2.3978499e-05
75 80 16562246 0.00060518122 771650.13 2.8195944e-05
80 85 18566124 0.00067840253 793322.91 2.8987864e-05
85 90 20691418 0.00075606035 981547.38 3.5865548e-05
90 95 22869740 0.00083565581 1249941.7 4.5672624e-05
95 100 25175302 0.00091990059 1446105.2 5.28404e-05
100 105 27563406 0.0010071614 1563214.6 5.7119553e-05
105 110 29972052 0.0010951729 1673893.7 6.1163747e-05
110 115 32507304 0.0011878105 1731452.1 6.3266918e-05
115 120 35098922 0.0012825077 1957314.1 7.1519875e-05
120 125 37755120 0.0013795647 2187031.2 7.9913693e-05
125 130 40419556 0.0014769226 2277011.8 8.3201563e-05
130 135 43230182 0.0015796224 2516502.5 9.1952506e-05
135 140 46058512 0.001682969 2591069.8 9.4677181e-05
140 145 48992938 0.0017901923 2632014.6 9.6173298e-05
145 150 51902076 0.0018964917 2812156 0.00010275563
150 155 54912684 0.0020064987 3084341.3 0.00011270123
155 160 57869962 0.0021145571 3441504.1 0.00012575188
160 165 61000956 0.002228963 3643950.7 0.00013314924
165 170 64156482 0.0023442653 3741985.8 0.00013673143
170 175 67244850 0.0024571136 3827186.1 0.00013984463
175 180 70376154 0.0025715309 3960228.6 0.00014470598
180 185 73565990 0.0026880868 3996732.2 0.00014603981
185 190 76743464 0.0028041911 4169517.7 0.00015235336
190 195 79999556 0.0029231681 4212175 0.00015391205
195 200 83326294 0.0030447264 4526725.9 0.00016540568
