0 5 276274 1.2497502e-05 -2561.4296 -1.1586857e-07
5 10 402434 1.8204463e-05 -12446.179 -5.6301406e-07
10 15 559138 2.5293109e-05 -24226.205 -1.0958941e-06
15 20 765392 3.4623194e-05 -21856.32 -9.8869027e-07
20 25 1067596 4.8293663e-05 -3146.5797 -1.4233836e-07
25 30 1544366 6.9860782e-05 32989.43 1.4923065e-06
30 35 2379128 0.00010762199 118828.39 5.3753089e-06
35 40 3313026 0.0001498677 285700.32 1.2923911e-05
40 45 4141742 0.00018735542 466802.66 2.1116237e-05
45 50 5010518 0.00022665528 598738.2 2.708446e-05
50 55 5930432 0.00026826841 796807.17 3.6044287e-05
55 60 6913530 0.00031273973 1021945.5 4.622862e-05
60 65 7972256 0.00036063216 1272126.2 5.754577e-05
65 70 9085506 0.00041099102 1499781.6 6.7843965e-05
70 75 10232324 0.00046286836 1754181.9 7.9351994e-05
75 80 11423718 0.00051676214 2163366.8 9.7861839e-05
80 85 12642936 0.00057191456 2535062.6 0.00011467583
85 90 13912916 0.00062936324 2836031.4 0.00012829042
90 95 15246354 0.00068968251 3209467.1 0.00014518312
95 100 16545496 0.00074845036 3628987.2 0.00016416049
100 105 17866192 0.00080819323 4117422.7 0.00018625531
105 110 19203722 0.0008686976 4658563 0.00021073428
110 115 20575140 0.00093073492 5145115.4 0.00023274391
115 120 21980750 0.00099431895 5728205.8 0.00025912053
120 125 23397560 0.0010584096 6234969.1 0.00028204442
125 130 24730460 0.0011187046 6796121.6 0.00030742866
130 135 26081772 0.0011798324 7358531.6 0.00033286978
135 140 27450996 0.0012417704 7985302 0.0003612223
140 145 28894066 0.001307049 8631535.5 0.00039045525
145 150 30313060 0.0013712385 9351329 0.00042301576
150 155 31671594 0.001432693 9910643.2 0.00044831684
155 160 33059668 0.0014954838 10517335 0.00047576108
160 165 34509718 0.0015610781 11098308 0.00050204192
165 170 35863304 0.0016223087 11591152 0.00052433616
170 175 37314140 0.0016879386 12281475 0.00055556355
175 180 38718614 0.0017514713 12810316 0.00057948612
180 185 40074996 0.0018128284 13386529 0.00060555168
185 190 41448594 0.0018749643 13985633 0.00063265267
190 195 42808622 0.0019364864 14684124 0.00066424955
195 200 44230728 0.0020008167 15050144 0.00068080679
