0 5 288128 1.2513028e-05 -964.92719 -4.1905545e-08
5 10 414758 1.8012406e-05 -12584.727 -5.4653849e-07
10 15 577388 2.5075217e-05 -13408.862 -5.8232961e-07
15 20 790848 3.434551e-05 -14412.692 -6.2592466e-07
20 25 1111320 4.8263196e-05 -1159.2039 -5.0342732e-08
25 30 1612180 7.00149e-05 43362.883 1.8831942e-06
30 35 2488360 0.00010806627 146335.39 6.3551576e-06
35 40 3451310 0.00014988595 283957.36 1.2331902e-05
40 45 4321290 0.00018766806 439000.62 1.9065231e-05
45 50 5223640 0.00022685595 620471.29 2.6946269e-05
50 55 6201836 0.00026933775 817577.47 3.5506336e-05
55 60 7228428 0.00031392131 1057366.9 4.5920084e-05
60 65 8327098 0.00036163514 1294798.9 5.6231448e-05
65 70 9467186 0.00041114769 1617028.6 7.0225468e-05
70 75 10666250 0.00046322149 1909575.1 8.2930385e-05
75 80 11906592 0.00051708795 2240965.1 9.7322226e-05
80 85 13182108 0.00057248196 2643865.7 0.00011481968
85 90 14498298 0.0006296424 3070198.5 0.00013333476
90 95 15869662 0.00068919897 3435367.5 0.00014919358
95 100 17265100 0.00074980105 3979010.4 0.00017280329
100 105 18644178 0.00080969263 4466485.8 0.00019397372
105 110 20057646 0.00087107772 5014196.1 0.00021776008
110 115 21445784 0.00093136277 5523898.1 0.00023989578
115 120 22869800 0.00099320595 6139460.2 0.00026662885
120 125 24313920 0.0010559222 6699044.7 0.00029093088
125 130 25730074 0.001117424 7171521.5 0.00031144994
130 135 27208974 0.0011816507 7781013.2 0.00033791938
135 140 28689094 0.0012459304 8632038.2 0.0003748783
140 145 30192102 0.0013112041 9196226.9 0.00039938028
145 150 31644278 0.0013742702 9739201.6 0.00042296097
150 155 33120992 0.001438402 10278384 0.00044637699
155 160 34597038 0.0015025048 10873486 0.0004722215
160 165 36024288 0.0015644884 11478630 0.00049850212
165 170 37542946 0.0016304418 12162575 0.00052820497
170 175 39008764 0.0016941004 12752813 0.00055383826
175 180 40465806 0.0017573778 13411049 0.00058242456
180 185 41949808 0.0018218261 13890360 0.00060324045
185 190 43414876 0.0018854521 14446156 0.00062737794
190 195 44915294 0.0019506133 14981878 0.00065064364
195 200 46340118 0.0020124916 15567996 0.00067609802
