0 5 320374 1.1853259e-05 10683.553 3.9527215e-07
5 10 469680 1.7377312e-05 3039.1999 1.1244491e-07
10 15 665958 2.4639243e-05 -14855.848 -5.4963955e-07
15 20 928676 3.4359335e-05 -38252.059 -1.4152571e-06
20 25 1309784 4.8459642e-05 -49492.99 -1.8311512e-06
25 30 1938414 7.1717817e-05 -25857.502 -9.5668086e-07
30 35 3005220 0.00011118771 666.66016 2.4665222e-08
35 40 4235356 0.00015670052 60126.806 2.2245832e-06
40 45 5388280 0.00019935663 112682.66 4.169055e-06
45 50 6617148 0.00024482252 253366.23 9.3740928e-06
50 55 7946026 0.00029398861 365178.72 1.3510953e-05
55 60 9409726 0.00034814287 476585.22 1.7632792e-05
60 65 10980052 0.00040624209 558842.43 2.067616e-05
65 70 12666764 0.00046864739 687327.97 2.5429894e-05
70 75 14428112 0.00053381408 752994.69 2.7859444e-05
75 80 16275902 0.00060217898 819953.96 3.0336816e-05
80 85 18233670 0.00067461286 1034282.4 3.8266582e-05
85 90 20311750 0.00075149806 1217708 4.5052997e-05
90 95 22485724 0.00083193118 1394701.4 5.1601432e-05
95 100 24746906 0.00091559083 1523708.3 5.6374454e-05
100 105 27093640 0.0010024157 1694709.8 6.2701203e-05
105 110 29485724 0.0010909185 1912568.7 7.0761587e-05
110 115 31935866 0.0011815694 2168964.5 8.024777e-05
115 120 34420796 0.0012735073 2312964.6 8.5575513e-05
120 125 36991988 0.0013686367 2320303.5 8.5847038e-05
125 130 39668164 0.0014676504 2552849.8 9.4450831e-05
130 135 42414172 0.0015692478 2764306.6 0.00010227435
135 140 45268704 0.0016748603 3023916.5 0.00011187945
140 145 48105094 0.0017798016 3055156.2 0.00011303526
145 150 51024292 0.0018878066 3217986.4 0.00011905968
150 155 53993540 0.0019976635 3502952.7 0.00012960292
155 160 56890988 0.0021048638 3607231.3 0.00013346104
160 165 59950498 0.0022180601 3781667.3 0.00013991486
165 170 62955510 0.0023292402 3996907.2 0.00014787835
170 175 66048312 0.0024436683 4289066 0.00015868769
175 180 69126546 0.0025575573 4362458.9 0.0001614031
180 185 72290820 0.0026746298 4568645.6 0.00016903164
185 190 75391370 0.0027893445 4802884.5 0.00017769805
190 195 78604800 0.0029082356 4853546.6 0.00017957246
195 200 81723468 0.0030236207 4997888.9 0.00018491286
