0 5 283354 1.2640321e-05 -1716.5439 -7.6574414e-08
5 10 407338 1.8171203e-05 -10308.053 -4.5983859e-07
10 15 564280 2.517233e-05 -9922.0392 -4.4261864e-07
15 20 772210 3.4448013e-05 -7535.0703 -3.3613681e-07
20 25 1076178 4.8007918e-05 -11224.563 -5.0072378e-07
25 30 1554520 6.9346584e-05 24960.054 1.1134591e-06
30 35 2390480 0.00010663846 81301.873 3.6268476e-06
35 40 3332502 0.00014866173 244059.38 1.0887402e-05
40 45 4186104 0.00018674061 416997.6 1.8602115e-05
45 50 5059566 0.00022570544 590649.63 2.634867e-05
50 55 5997926 0.00026756535 800215.32 3.5697321e-05
55 60 6978008 0.00031128645 1045889.9 4.6656774e-05
60 65 8048894 0.0003590583 1197941.6 5.343975e-05
65 70 9174606 0.00040927591 1463793.1 6.5299292e-05
70 75 10328008 0.00046072876 1738050.5 7.7533814e-05
75 80 11533886 0.00051452255 2063334.2 9.2044605e-05
80 85 12772076 0.00056975777 2485684.4 0.0001108855
85 90 14075570 0.00062790617 2871203.2 0.00012808336
90 95 15373184 0.00068579227 3235974.6 0.00014435567
95 100 16717592 0.00074576583 3696787.9 0.00016491239
100 105 18093004 0.00080712247 4152755.8 0.00018525296
105 110 19473398 0.00086870136 4647637.5 0.00020732946
110 115 20827616 0.00092911254 5145455.2 0.00022953693
115 120 22266056 0.00099328084 5732629.4 0.00025573056
120 125 23668458 0.0010558415 6355187.5 0.00028350265
125 130 25032850 0.0011167065 6958802.2 0.00031042969
130 135 26465564 0.0011806194 7653500.3 0.00034141993
135 140 27881144 0.0012437679 8216452.2 0.00036653301
140 145 29287156 0.0013064896 8818268.7 0.00039337983
145 150 30754478 0.0013719463 9489993.9 0.00042334525
150 155 32177024 0.0014354056 9965463.3 0.00044455577
155 160 33628886 0.0015001726 10579699 0.00047195661
160 165 35051840 0.0015636501 11134699 0.00049671496
165 170 36503880 0.0016284251 11790447 0.00052596765
170 175 37948304 0.0016928603 12353380 0.00055107988
175 180 39348446 0.0017553202 12863475 0.00057383504
180 185 40793398 0.001819779 13493313 0.00060193189
185 190 42235788 0.0018841235 14069867 0.00062765174
190 195 43666534 0.0019479485 14519630 0.00064771553
195 200 45036814 0.0020090763 15021335 0.00067009643
