0 5 324414 1.1599659e-05 7232.046 2.5858709e-07
5 10 480258 1.7171975e-05 -3603.1751 -1.2883416e-07
10 15 686306 2.4539372e-05 -13273.54 -4.7460513e-07
15 20 962214 3.4404664e-05 -32824.691 -1.1736708e-06
20 25 1352778 4.8369565e-05 -39083.275 -1.397451e-06
25 30 1992230 7.1233638e-05 -37013.603 -1.3234484e-06
30 35 3109778 0.00011119238 -17403.671 -6.2228097e-07
35 40 4382400 0.00015669591 85116.411 3.0433994e-06
40 45 5560018 0.0001988025 202473.66 7.2395934e-06
45 50 6829188 0.0002441826 264268.76 9.4491225e-06
50 55 8192910 0.00029294348 307161.29 1.0982776e-05
55 60 9696124 0.00034669199 375270.86 1.3418084e-05
60 65 11341600 0.00040552719 443863.4 1.587066e-05
65 70 13080946 0.00046771878 547150.33 1.9563759e-05
70 75 14911204 0.00053316099 730212.34 2.6109275e-05
75 80 16842750 0.00060222482 923309.45 3.3013603e-05
80 85 18901420 0.00067583407 1006096.3 3.5973707e-05
85 90 21057608 0.00075293015 1153593.4 4.1247575e-05
90 95 23325846 0.00083403266 1320913.8 4.7230237e-05
95 100 25637592 0.00091669082 1464747.1 5.2373103e-05
100 105 28078160 0.0010039551 1738691.5 6.2168185e-05
105 110 30530666 0.0010916463 1791231.2 6.404678e-05
110 115 33061148 0.0011821255 1920114.1 6.8655081e-05
115 120 35684848 0.0012759378 2010796.6 7.18975e-05
120 125 38434138 0.0013742407 2195237 7.8492303e-05
125 130 41254018 0.0014750675 2410451.1 8.6187437e-05
130 135 44057160 0.0015752959 2719879.6 9.7251283e-05
135 140 46962030 0.0016791617 2841445.3 0.00010159795
140 145 49909542 0.0017845521 3079044.4 0.00011009348
145 150 52866708 0.0018902877 3292109.3 0.00011771177
150 155 55960300 0.0020009014 3330498.8 0.00011908442
155 160 59035308 0.0021108505 3376035.7 0.00012071262
160 165 62220010 0.0022247219 3660349.4 0.00013087846
165 170 65400112 0.0023384288 3945003.3 0.00014105647
170 175 68628176 0.0024538505 4071301.1 0.00014557234
175 180 71806824 0.0025675054 4193661 0.00014994741
180 185 74992476 0.0026814107 4348024.1 0.00015546678
185 190 78305660 0.002799876 4423510.6 0.00015816585
190 195 81622886 0.0029184859 4716588.9 0.00016864508
195 200 85057226 0.0030412832 4777080.8 0.00017080801
