0 5 278916 1.2690483e-05 -3176.1088 -1.4451073e-07
5 10 402624 1.8319111e-05 -23102.592 -1.0511518e-06
10 15 561798 2.5561417e-05 -26348.996 -1.1988609e-06
15 20 778010 3.5398912e-05 -8735.8684 -3.9747592e-07
20 25 1071424 4.8749044e-05 -14787.941 -6.7284102e-07
25 30 1552080 7.0618557e-05 14891.997 6.7757545e-07
30 35 2376080 0.00010810998 93699.696 4.2632708e-06
35 40 3307546 0.00015049104 231252.93 1.0521847e-05
40 45 4160526 0.00018930103 396771.87 1.8052843e-05
45 50 5039424 0.00022929028 586017.97 2.6663409e-05
50 55 5972752 0.00027175605 737459.38 3.3553887e-05
55 60 6958328 0.00031659907 918631.72 4.1797102e-05
60 65 8011434 0.00036451466 1160681.9 5.2810216e-05
65 70 9123792 0.00041512617 1456807.2 6.6283712e-05
70 75 10291092 0.00046823751 1743488.3 7.9327503e-05
75 80 11500362 0.00052325845 2095424.6 9.5340355e-05
80 85 12748268 0.0005800373 2441609.9 0.00011109155
85 90 14037290 0.0006386869 2923062.2 0.00013299729
90 95 15352842 0.0006985436 3269820.7 0.00014877456
95 100 16651334 0.00075762408 3671097.6 0.00016703238
100 105 17979212 0.0008180416 4100333.5 0.00018656231
105 110 19345036 0.00088018564 4500360.4 0.00020476326
110 115 20743954 0.00094383543 4972610.7 0.00022625032
115 120 22138852 0.0010073023 5604957.5 0.00025502166
120 125 23529718 0.0010705858 6139372.3 0.00027933716
125 130 24916546 0.0011336855 6788975.8 0.00030889366
130 135 26340038 0.0011984534 7431048.6 0.00033810753
135 140 27750266 0.0012626177 7990715.4 0.00036357198
140 145 29167646 0.0013271075 8468946.8 0.00038533117
145 150 30531964 0.0013891831 9065505 0.00041247415
150 155 31971436 0.001454678 9726342.7 0.00044254181
155 160 33381242 0.0015188232 10415744 0.00047390911
160 165 34846382 0.0015854861 11011805 0.00050102944
165 170 36225846 0.0016482507 11547447 0.00052540078
170 175 37665766 0.0017137661 12106176 0.00055082258
175 180 39122904 0.0017800648 12601889 0.00057337717
180 185 40507346 0.001843056 13072065 0.00059476982
185 190 41988642 0.0019104539 13807003 0.00062820902
190 195 43376998 0.0019736231 14219145 0.00064696119
195 200 44738612 0.0020355756 14721651 0.00066982484
