0 5 273048 1.2532645e-05 -5569.8165 -2.5564932e-07
5 10 396794 1.821247e-05 -9342.1956 -4.2879795e-07
10 15 554536 2.5452678e-05 -19647.366 -9.0179552e-07
15 20 756918 3.4741821e-05 -11694.878 -5.3678386e-07
20 25 1053240 4.8342721e-05 -16511.674 -7.5787024e-07
25 30 1523536 6.9928863e-05 -6222.5409 -2.8560875e-07
30 35 2327566 0.00010683308 84550.455 3.880786e-06
35 40 3239984 0.0001487122 226034.56 1.0374773e-05
40 45 4079150 0.00018722913 412326.04 1.8925376e-05
45 50 4940376 0.00022675859 570252.1 2.6174033e-05
50 55 5835680 0.0002678522 765409.81 3.5131587e-05
55 60 6799054 0.00031207016 975257.51 4.4763398e-05
60 65 7821586 0.00035900341 1221127.4 5.6048595e-05
65 70 8923182 0.00040956562 1501551.7 6.8919803e-05
70 75 10050852 0.00046132461 1765190.7 8.1020586e-05
75 80 11239642 0.00051588895 2138110.1 9.8137233e-05
80 85 12461510 0.00057197154 2436173.2 0.00011181805
85 90 13695460 0.00062860868 2800591.2 0.00012854449
90 95 14992070 0.00068812185 3128624.9 0.00014360093
95 100 16312024 0.00074870649 3617834.5 0.00016605519
100 105 17664038 0.00081076266 4082795.9 0.00018739647
105 110 18980672 0.00087119491 4607856.1 0.00021149624
110 115 20344184 0.00093377883 5047168 0.00023166024
115 120 21645476 0.0009935069 5575513.3 0.00025591079
120 125 22996024 0.0010554958 6122389 0.00028101187
125 130 24377656 0.0011189114 6719536.5 0.00030842038
130 135 25805942 0.0011844684 7300890 0.00033510395
135 140 27220952 0.001249416 7920240.9 0.00036353157
140 145 28609676 0.0013131571 8604389.5 0.00039493335
145 150 29987858 0.0013764144 9164494.4 0.00042064164
150 155 31431118 0.0014426586 9705503.5 0.00044547344
155 160 32790020 0.0015050309 10324870 0.00047390179
160 165 34214670 0.001570421 10835931 0.000497359
165 170 35626738 0.0016352336 11477685 0.00052681488
170 175 37040692 0.0017001328 12218225 0.000560805
175 180 38405062 0.0017627561 12757175 0.00058554229
180 185 39749210 0.0018244512 13319525 0.00061135363
185 190 41124334 0.0018875681 13674190 0.00062763238
190 195 42570122 0.0019539284 14114949 0.00064786281
195 200 43944628 0.0020170169 14730223 0.00067610334
