0 5 273750 1.2542933e-05 -4693.0704 -2.1503147e-07
5 10 402004 1.8419394e-05 -13196.521 -6.046505e-07
10 15 556018 2.5476151e-05 -13471.342 -6.172425e-07
15 20 763250 3.49713e-05 -5829.2971 -2.6709217e-07
20 25 1059830 4.8560279e-05 5415.7185 2.4814244e-07
25 30 1530494 7.0125601e-05 28428.802 1.3025774e-06
30 35 2336720 0.00010706602 114707.78 5.2557882e-06
35 40 3261148 0.00014942232 273040.29 1.2510415e-05
40 45 4111366 0.0001883784 399309.68 1.8295943e-05
45 50 4994928 0.00022886227 572094.36 2.6212753e-05
50 55 5926506 0.00027154618 797361.87 3.653427e-05
55 60 6897072 0.00031601648 955573.75 4.3783369e-05
60 65 7921498 0.00036295458 1205651.4 5.5241661e-05
65 70 8995614 0.00041216943 1499480.1 6.8704577e-05
70 75 10141560 0.00046467545 1744378.7 7.9925571e-05
75 80 11335314 0.00051937199 2080359.2 9.5319839e-05
80 85 12570976 0.0005759887 2419323.3 0.00011085081
85 90 13830824 0.00063371359 2740562.6 0.00012556965
90 95 15136566 0.00069354129 3111465.2 0.00014256401
95 100 16459920 0.00075417596 3577625.4 0.00016392298
100 105 17769370 0.00081417356 4033088.8 0.00018479182
105 110 19102086 0.00087523719 4548909.7 0.00020842618
110 115 20468860 0.00093786131 5057275.1 0.00023171894
115 120 21825042 0.0010000001 5603389.2 0.00025674131
120 125 23171552 0.0010616958 6128060.7 0.0002807812
125 130 24573508 0.0011259319 6725927.5 0.00030817482
130 135 25940252 0.0011885547 7252968.2 0.00033232326
135 140 27319944 0.0012517707 7911538.4 0.00036249824
140 145 28706310 0.0013152925 8478832.8 0.00038849107
145 150 30106546 0.0013794498 9093190.1 0.00041664026
150 155 31517248 0.0014440867 9713711.6 0.00044507189
155 160 32906872 0.0015077577 10485567 0.00048043747
160 165 34277226 0.0015705459 11019646 0.00050490843
165 170 35671474 0.0016344289 11498425 0.00052684555
170 175 37042762 0.0016972598 12097472 0.00055429325
175 180 38423920 0.001760543 12567754 0.00057584109
180 185 39823636 0.0018246765 13112580 0.00060080443
185 190 41190620 0.0018873102 13700049 0.00062772163
190 195 42566840 0.0019503672 14290300 0.00065476628
195 200 43873706 0.0020102464 14883134 0.00068192932
