0 5 271570 1.2599484e-05 -2721.0184 -1.2624159e-07
5 10 398108 1.8470212e-05 -14862.012 -6.8952271e-07
10 15 550014 2.5517887e-05 -11204.833 -5.1984797e-07
15 20 755058 3.5030899e-05 -5044.7276 -2.3405003e-07
20 25 1051418 4.8780515e-05 -6626.5529 -3.0743878e-07
25 30 1517644 7.041106e-05 25047.723 1.1620886e-06
30 35 2317554 0.00010752287 111721.82 5.1833312e-06
35 40 3239100 0.00015027797 225463.39 1.0460369e-05
40 45 4067424 0.00018870805 386440.61 1.7928904e-05
45 50 4925186 0.0002285039 583958.8 2.7092756e-05
50 55 5830948 0.0002705267 740563.81 3.4358441e-05
55 60 6774416 0.00031429888 935186.14 4.3387941e-05
60 65 7799306 0.00036184863 1157795.6 5.3715903e-05
65 70 8883800 0.00041216371 1405305.5 6.5199116e-05
70 75 10007188 0.00046428327 1694501.7 7.8616369e-05
75 80 11204692 0.00051984144 2091983.6 9.7057533e-05
80 85 12428598 0.00057662453 2442877.2 0.00011333723
85 90 13670396 0.00063423772 2746849 0.00012744
90 95 14939056 0.00069309718 3034660.7 0.00014079302
95 100 16221126 0.00075257878 3525537.5 0.00016356723
100 105 17563724 0.00081486859 3933739.8 0.00018250577
105 110 18876890 0.0008757929 4411144.8 0.00020465496
110 115 20225528 0.00093836293 5017755.1 0.00023279864
115 120 21561104 0.0010003269 5585035.1 0.00025911758
120 125 22904162 0.0010626381 6128194.4 0.00028431745
125 130 24222404 0.0011237979 6579808.6 0.00030527007
130 135 25615652 0.0011884376 7160820.3 0.0003322261
135 140 26974458 0.0012514794 7824747.9 0.00036302901
140 145 28324900 0.0013141331 8460855.9 0.00039254123
145 150 29696120 0.0013777508 9118151.3 0.00042303643
150 155 31060314 0.0014410426 9696991.6 0.00044989171
155 160 32445350 0.0015053013 10240851 0.00047512404
160 165 33853890 0.0015706505 10818426 0.00050192061
165 170 35279674 0.0016367997 11316225 0.00052501602
170 175 36668988 0.0017012569 11986041 0.00055609213
175 180 38000858 0.001763049 12550844 0.00058229615
180 185 39362822 0.0018262373 13034380 0.00060472979
185 190 40746324 0.0018904248 13457070 0.00062434045
190 195 42097070 0.0019530926 13879684 0.00064394764
195 200 43450862 0.0020159018 14350763 0.00066580331
