0 5 321204 1.1629071e-05 8857.6377 3.2068748e-07
5 10 471604 1.7074247e-05 -6392.0528 -2.314219e-07
10 15 678252 2.4555862e-05 -19704.453 -7.133924e-07
15 20 952380 3.4480564e-05 -34469.804 -1.2479664e-06
20 25 1341934 4.8584222e-05 -46869.666 -1.6968988e-06
25 30 1967448 7.1230723e-05 -49118.985 -1.7783346e-06
30 35 3047062 0.00011031775 -28136.391 -1.0186676e-06
35 40 4300548 0.00015569974 64098.723 2.3206704e-06
40 45 5469602 0.00019802491 173632.7 6.2863072e-06
45 50 6718336 0.00024323486 209838.89 7.5971388e-06
50 55 8076448 0.0002924048 310734.1 1.1250012e-05
55 60 9534832 0.00034520505 361115.85 1.3074065e-05
60 65 11150148 0.00040368696 509812.33 1.8457566e-05
65 70 12862640 0.0004656871 610655.13 2.2108542e-05
70 75 14688796 0.0005318024 643054.63 2.3281554e-05
75 80 16596790 0.00060088061 755478.94 2.7351834e-05
80 85 18604246 0.00067355981 965550.79 3.4957407e-05
85 90 20738810 0.00075084091 1094367.6 3.9621171e-05
90 95 22906502 0.00082932139 1298767.8 4.7021405e-05
95 100 25200700 0.00091238197 1446880.4 5.2383766e-05
100 105 27616934 0.00099986083 1545648.2 5.5959619e-05
105 110 30054236 0.0010881024 1706523.1 6.1784035e-05
110 115 32561774 0.0011788869 1877496.8 6.7974073e-05
115 120 35133626 0.0012719999 2022245.6 7.3214648e-05
120 125 37784120 0.00136796 2266376.6 8.2053321e-05
125 130 40479722 0.0014655533 2567886.6 9.2969379e-05
130 135 43240712 0.0015655139 2635342.4 9.5411592e-05
135 140 46088938 0.0016686329 2737932.7 9.9125836e-05
140 145 48967160 0.0017728378 2894174.6 0.00010478252
145 150 51934592 0.0018802726 3111233.5 0.00011264105
150 155 54960726 0.0019898327 3248146.3 0.00011759793
155 160 58044042 0.002101463 3491783.7 0.00012641873
160 165 61143328 0.0022136715 3782178.9 0.00013693238
165 170 64175970 0.0023234671 3795583.5 0.00013741769
170 175 67331668 0.002437718 3987381.9 0.00014436168
175 180 70396432 0.0025486766 4111118.8 0.00014884153
180 185 73554738 0.0026630219 4225951.4 0.000152999
185 190 76864698 0.0027828578 4421750.5 0.00016008783
190 195 80105288 0.0029001822 4759090.1 0.00017230109
195 200 83327836 0.0030168533 5009990.3 0.00018138484
