0 5 322892 1.1666306e-05 2682.7019 9.6927828e-08
5 10 471784 1.7045874e-05 -7692.3285 -2.7792902e-07
10 15 678220 2.4504546e-05 -20481.666 -7.4001639e-07
15 20 948382 3.4265682e-05 -31925.3 -1.1534826e-06
20 25 1347304 4.8679003e-05 -35999.305 -1.3006792e-06
25 30 1981126 7.1579419e-05 -59465.6 -2.1485323e-06
30 35 3063934 0.000110702 -34920.226 -1.2616913e-06
35 40 4319908 0.00015608119 41284.652 1.4916423e-06
40 45 5487872 0.00019828052 140164.83 5.0642498e-06
45 50 6718590 0.00024274719 210059.57 7.5895938e-06
50 55 8078772 0.00029189148 316736.14 1.1443891e-05
55 60 9564502 0.00034557191 378790.29 1.3685949e-05
60 65 11165260 0.00040340838 482134.23 1.7419835e-05
65 70 12857814 0.00046456149 569689.25 2.0583257e-05
70 75 14693736 0.0005308946 711693.53 2.5713967e-05
75 80 16618526 0.00060043856 885903.35 3.2008286e-05
80 85 18642898 0.00067358048 1113882.5 4.0245327e-05
85 90 20723382 0.00074874977 1337867.3 4.833805e-05
90 95 22903288 0.00082751125 1461615 5.2809136e-05
95 100 25199310 0.00091046807 1584181.7 5.7237555e-05
100 105 27545408 0.00099523418 1702315.2 6.1505797e-05
105 110 29995488 0.0010837572 1864623.3 6.7370098e-05
110 115 32564736 0.0011765859 2006842.7 7.2508582e-05
115 120 35139350 0.0012696084 2188650.7 7.9077425e-05
120 125 37811124 0.0013661414 2388560.4 8.6300298e-05
125 130 40477680 0.0014624859 2660142.5 9.6112743e-05
130 135 43233230 0.0015620458 2977604.6 0.00010758286
135 140 46109996 0.0016659853 3138772.2 0.00011340596
140 145 49035924 0.001771701 3395640.5 0.00012268678
145 150 52016476 0.0018793904 3585286.7 0.00012953883
150 155 54972348 0.001986188 3808157.3 0.00013759129
155 160 57993582 0.0020953472 4002074.5 0.00014459765
160 165 61055500 0.0022059764 4122328.6 0.00014894251
165 170 64050686 0.0023141945 4397921.4 0.00015889987
170 175 67197040 0.0024278744 4610074.6 0.0001665651
175 180 70341764 0.0025414954 4665416.1 0.00016856463
180 185 73511686 0.0026560268 4956087.6 0.00017906679
185 190 76779984 0.0027741126 5125309.8 0.0001851809
190 195 79978298 0.0028896699 5278811.9 0.00019072703
195 200 83240752 0.0030075445 5416536.7 0.00019570313
