0 5 281960 1.2513363e-05 -6850.662 -3.0403185e-07
5 10 406822 1.8054729e-05 -8314.1906 -3.6898313e-07
10 15 567302 2.5176819e-05 -10616.918 -4.7117801e-07
15 20 779186 3.4580214e-05 1718.352 7.626033e-08
20 25 1090394 4.8391601e-05 12080.838 5.3614666e-07
25 30 1584186 7.0306051e-05 24301.019 1.0784773e-06
30 35 2419994 0.00010739915 117002.42 5.1925584e-06
35 40 3397842 0.00015079596 269424.53 1.1957039e-05
40 45 4266102 0.00018932927 427784.61 1.8985048e-05
45 50 5170730 0.0002294766 573366.25 2.544595e-05
50 55 6107578 0.00027105384 769943.13 3.4170016e-05
55 60 7141766 0.00031695102 1004259 4.4568937e-05
60 65 8243932 0.00036586506 1204754.2 5.3466896e-05
65 70 9357764 0.00041529684 1471667.9 6.5312505e-05
70 75 10537434 0.0004676505 1755662.9 7.7916181e-05
75 80 11766900 0.00052221411 2123330.3 9.4233233e-05
80 85 13022684 0.0005779457 2436637.4 0.00010813778
85 90 14361390 0.00063735737 2879964 0.00012781258
90 95 15708714 0.00069715151 3317210.6 0.00014721755
95 100 17063306 0.00075726819 3736895.3 0.00016584312
100 105 18392350 0.00081625106 4228632.3 0.00018766637
105 110 19780046 0.0008778369 4742802 0.00021048518
110 115 21161126 0.00093912913 5258530.6 0.00023337318
115 120 22539884 0.0010003183 5788595.9 0.00025689743
120 125 23970656 0.0010638158 6363631.7 0.00028241748
125 130 25391522 0.0011268738 6969070.9 0.00030928682
130 135 26828770 0.0011906587 7619460 0.00033815104
135 140 28274368 0.0012548143 8257898.5 0.00036648489
140 145 29730054 0.0013194175 8971320.4 0.0003981465
145 150 31107032 0.0013805277 9602418.7 0.00042615459
150 155 32543678 0.0014442859 10304962 0.00045733342
155 160 34026990 0.0015101152 10910929 0.0004842262
160 165 35427678 0.0015722776 11387446 0.00050537397
165 170 36853464 0.0016355539 11964904 0.0005310015
170 175 38295368 0.0016995455 12610991 0.00055967478
175 180 39726270 0.0017630488 13137995 0.00058306318
180 185 41152280 0.001826335 13789973 0.00061199792
185 190 42524982 0.0018872554 14233127 0.00063166506
190 195 43943964 0.0019502297 14633244 0.00064942222
195 200 45328510 0.0020116757 15187622 0.00067402548
