0 5 280232 1.249938e-05 -9638.1746 -4.2989811e-07
5 10 405716 1.8096429e-05 -20120.825 -8.9746295e-07
10 15 566612 2.5272984e-05 -20518.954 -9.1522099e-07
15 20 779072 3.4749483e-05 -17056.585 -7.6078656e-07
20 25 1083574 4.8331394e-05 -16730.204 -7.4622875e-07
25 30 1567170 6.9901558e-05 12633.243 5.6348919e-07
30 35 2401398 0.0001071112 106700.21 4.7592228e-06
35 40 3347400 0.00014930638 259006.45 1.1552642e-05
40 45 4189154 0.00018685171 399566.38 1.7822133e-05
45 50 5069850 0.000226134 600195.27 2.6770921e-05
50 55 6018376 0.00026844175 794470.88 3.543633e-05
55 60 7026316 0.00031339959 994578.92 4.4361886e-05
60 65 8071746 0.00036002962 1205105.8 5.3752161e-05
65 70 9197794 0.00041025551 1498528.1 6.6839876e-05
70 75 10369676 0.00046252577 1785193.3 7.9626199e-05
75 80 11613132 0.00051798849 2130898.6 9.5045934e-05
80 85 12845052 0.00057293666 2487520.2 0.00011095257
85 90 14131228 0.00063030486 2935228.3 0.000130922
90 95 15442450 0.00068879019 3270387.7 0.00014587135
95 100 16756764 0.00074741344 3788402.7 0.00016897673
100 105 18107660 0.00080766838 4298602.6 0.00019173352
105 110 19506134 0.00087004547 4788565.8 0.00021358768
110 115 20946158 0.00093427585 5235104.7 0.00023350497
115 120 22310040 0.00099511002 5715117.5 0.00025491531
120 125 23693382 0.0010568122 6289607.1 0.00028053966
125 130 25077844 0.0011185643 6924678.7 0.00030886619
130 135 26471178 0.0011807121 7546125 0.00033658499
135 140 27889818 0.0012439887 8194335.1 0.00036549755
140 145 29305258 0.0013071225 8844862.5 0.00039451347
145 150 30751258 0.0013716195 9440819.8 0.00042109536
150 155 32204716 0.001436449 10120022 0.00045139026
155 160 33665818 0.0015016196 10800930 0.00048176127
160 165 35060374 0.0015638219 11372500 0.00050725542
165 170 36462816 0.001626376 11834121 0.00052784543
170 175 37922166 0.0016914684 12429423 0.00055439809
175 180 39370614 0.0017560745 12930145 0.00057673211
180 185 40739640 0.0018171381 13466768 0.0006006675
185 190 42180970 0.0018814267 14125448 0.00063004704
190 195 43585334 0.0019440665 14679750 0.00065477094
195 200 44966392 0.0020056668 15157367 0.00067607443
