0 5 274628 1.253272e-05 -5920.0339 -2.7016228e-07
5 10 402464 1.8366549e-05 -13828.781 -6.3108e-07
10 15 559380 2.5527451e-05 -10274.231 -4.6886719e-07
15 20 763844 3.4858219e-05 3806.8618 1.7372712e-07
20 25 1048348 4.7841633e-05 -6816.1521 -3.1105687e-07
25 30 1519024 6.9321054e-05 12905.578 5.889494e-07
30 35 2339904 0.00010678213 70361.856 3.2109815e-06
35 40 3272094 0.00014932286 204165.2 9.317132e-06
40 45 4121036 0.00018806455 380645.47 1.7370855e-05
45 50 4973204 0.00022695345 545444.08 2.4891482e-05
50 55 5889422 0.0002687653 755208.9 3.4464154e-05
55 60 6869442 0.00031348877 922580.99 4.2102223e-05
60 65 7917094 0.00036129864 1152559.4 5.2597349e-05
65 70 9003692 0.00041088582 1452763.5 6.629724e-05
70 75 10143232 0.00046288902 1715997.9 7.8310009e-05
75 80 11339868 0.00051749782 2032840.9 9.2769223e-05
80 85 12564638 0.00057339051 2400262.3 0.00010953659
85 90 13821588 0.00063075175 2781361.6 0.00012692816
90 95 15104166 0.00068928253 3196292.6 0.00014586364
95 100 16413092 0.00074901571 3724283.7 0.00016995865
100 105 17748778 0.00080997008 4179193.1 0.00019071856
105 110 19117374 0.00087242632 4634490.1 0.00021149616
110 115 20458790 0.00093364218 5122029.3 0.00023374513
115 120 21830280 0.00099623049 5605120.1 0.00025579111
120 125 23230118 0.0010601125 6188018.7 0.00028239184
125 130 24548106 0.0011202592 6817854 0.00031113454
130 135 25927228 0.0011831958 7414204.6 0.00033834915
135 140 27329618 0.0012471942 8031275.2 0.00036650932
140 145 28676630 0.0013086654 8690243.1 0.0003965815
145 150 30121742 0.0013746135 9324995.5 0.00042554858
150 155 31530754 0.0014389141 9823293.9 0.00044828856
155 160 32924236 0.001502506 10390140 0.00047415672
160 165 34378680 0.00156888 11011492 0.0005025123
165 170 35793982 0.0016334676 11679036 0.00053297585
170 175 37143098 0.0016950349 12223477 0.00055782155
175 180 38535792 0.0017585909 12831479 0.00058556786
180 185 39885910 0.0018202038 13414492 0.00061217382
185 190 41259380 0.0018828825 14036109 0.00064054148
190 195 42620530 0.0019449989 14486040 0.00066107419
195 200 44050866 0.0020102727 14964011 0.00068288654
