0 5 274506 1.2566001e-05 -8531.5734 -3.9054797e-07
5 10 401860 1.8395857e-05 -8930.5181 -4.0881038e-07
10 15 553986 2.5359696e-05 -7539.9444 -3.4515439e-07
15 20 754814 3.4552956e-05 -160.71291 -7.3569196e-09
20 25 1048160 4.7981391e-05 -5513.2357 -2.5237818e-07
25 30 1526478 6.987725e-05 11143.899 5.1013185e-07
30 35 2341236 0.00010717425 106043.29 4.8543205e-06
35 40 3263210 0.00014937925 214663.78 9.8266171e-06
40 45 4096268 0.00018751397 367053.95 1.6802548e-05
45 50 4959978 0.00022705183 588250.48 2.6928214e-05
50 55 5862824 0.00026838121 766968.57 3.5109353e-05
55 60 6846170 0.00031339563 967513.15 4.4289638e-05
60 65 7873636 0.00036042972 1191063.4 5.4523047e-05
65 70 8999988 0.00041199048 1421322.7 6.506358e-05
70 75 10138782 0.00046412081 1727674.9 7.9087396e-05
75 80 11317294 0.0005180693 2059863.7 9.4293929e-05
80 85 12544744 0.00057425801 2383171.3 0.00010909391
85 90 13818402 0.00063256197 2777831.8 0.0001271602
90 95 15076040 0.00069013259 3117178.9 0.00014269442
95 100 16378426 0.00074975163 3573313.8 0.0001635748
100 105 17694080 0.00080997803 4025213.1 0.0001842613
105 110 19032588 0.00087125062 4456125.6 0.00020398709
110 115 20370502 0.00093249602 4942691 0.00022626049
115 120 21790340 0.00099749163 5541300.1 0.00025366289
120 125 23149726 0.0010597199 6098966.5 0.00027919106
125 130 24544882 0.0011235857 6702065 0.00030679896
130 135 25931450 0.0011870583 7248809.6 0.00033182717
135 140 27331062 0.0012511281 7825610.5 0.00035823126
140 145 28711892 0.001314338 8436401.4 0.0003861913
145 150 30114744 0.0013785561 9151337.3 0.00041891877
150 155 31510348 0.0014424423 9774375.5 0.00044743945
155 160 32922766 0.0015070983 10420835 0.0004770323
160 165 34306316 0.0015704327 10942752 0.00050092399
165 170 35783854 0.0016380697 11559328 0.00052914884
170 175 37135846 0.0016999595 12117749 0.00055471153
175 180 38506244 0.0017626919 12629773 0.00057815038
180 185 39950610 0.0018288103 13217536 0.00060505627
185 190 41345504 0.0018926641 13710040 0.0006276015
190 195 42687074 0.0019540769 14219668 0.00065093062
195 200 44035724 0.0020158137 14739365 0.00067472069
