0 5 278462 1.2453012e-05 -2669.4834 -1.1938114e-07
5 10 407364 1.8217599e-05 -6486.1721 -2.9006608e-07
10 15 567894 2.5396611e-05 -5831.4187 -2.6078506e-07
15 20 781460 3.4947429e-05 -9087.9137 -4.0641776e-07
20 25 1084398 4.8495025e-05 12724.683 5.6905658e-07
25 30 1563654 6.9927683e-05 50832.1 2.2732465e-06
30 35 2400684 0.00010736024 145090.44 6.4885444e-06
35 40 3359152 0.00015022359 301505.64 1.348354e-05
40 45 4220624 0.00018874921 482497.03 2.1577599e-05
45 50 5089080 0.00022758716 610991.97 2.7323982e-05
50 55 6028434 0.00026959572 753829.81 3.3711788e-05
55 60 7025774 0.00031419745 951917.64 4.2570412e-05
60 65 8093220 0.00036193437 1185811.4 5.3030301e-05
65 70 9210554 0.00041190232 1477692.8 6.608344e-05
70 75 10385230 0.00046443464 1855186.3 8.2965208e-05
75 80 11584554 0.00051806923 2204277.7 9.8576818e-05
80 85 12848206 0.00057458062 2492479.7 0.00011146541
85 90 14165640 0.00063349717 2870078.5 0.00012835189
90 95 15512064 0.00069371018 3290843.7 0.0001471688
95 100 16853180 0.00075368581 3753301.8 0.00016785024
100 105 18218374 0.00081473823 4187787.2 0.00018728073
105 110 19607876 0.00087687772 4635051.8 0.00020728271
110 115 20998580 0.00093907096 5080975.1 0.0002272247
115 120 22447854 0.0010038835 5693159.9 0.00025460203
120 125 23840790 0.0010661765 6267176.3 0.00028027244
125 130 25210816 0.001127445 6691486.4 0.00029924788
130 135 26635980 0.0011911794 7341678.3 0.00032832491
135 140 28037878 0.0012538732 8005212.4 0.00035799861
140 145 29447652 0.0013169193 8690681.1 0.00038865324
145 150 30930520 0.0013832342 9297276.3 0.0004157806
150 155 32405896 0.001449214 9879713.7 0.0004418276
155 160 33792198 0.0015112104 10500726 0.00046959968
160 165 35259418 0.0015768254 11043223 0.00049386052
165 170 36716438 0.0016419844 11702608 0.00052334867
170 175 38188700 0.001707825 12259335 0.00054824589
175 180 39568988 0.0017695524 12780681 0.00057156086
180 185 40997672 0.0018334441 13317892 0.00059558531
185 190 42426930 0.0018973615 13841089 0.00061898304
190 195 43866702 0.0019617491 14418386 0.00064480014
195 200 45304884 0.0020260656 14980762 0.00066994998
