0 5 278910 1.2542232e-05 -7169.3299 -3.2239575e-07
5 10 405956 1.8255331e-05 -12878.405 -5.7912569e-07
10 15 566896 2.54926e-05 -10809.508 -4.8608999e-07
15 20 774810 3.4842231e-05 -23062.074 -1.0370725e-06
20 25 1074790 4.8331954e-05 -29321.542 -1.3185529e-06
25 30 1550062 6.9704338e-05 7515.5105 3.3796305e-07
30 35 2376954 0.00010688863 80341.634 3.6128622e-06
35 40 3330250 0.00014975715 215635.27 9.6968466e-06
40 45 4202260 0.00018897034 414224.52 1.8627155e-05
45 50 5079940 0.00022843851 582170.04 2.6179454e-05
50 55 6026646 0.00027101069 758888.2 3.4126248e-05
55 60 7030078 0.00031613376 960751.13 4.320377e-05
60 65 8099714 0.00036423395 1211907.1 5.4497939e-05
65 70 9222216 0.00041471145 1486005.2 6.6823786e-05
70 75 10347694 0.00046532278 1770750.5 7.9628421e-05
75 80 11543376 0.00051909109 2089782 9.3974869e-05
80 85 12792518 0.00057526344 2428641.3 0.00010921294
85 90 14104012 0.00063423967 2831344.7 0.00012732201
90 95 15417070 0.00069328624 3301115.4 0.00014844701
95 100 16741714 0.00075285381 3743801.2 0.00016835403
100 105 18091968 0.00081357304 4227239.5 0.00019009364
105 110 19474206 0.00087573054 4711297.6 0.00021186112
110 115 20847850 0.00093750158 5260702.5 0.00023656717
115 120 22221096 0.00099925473 5736013.5 0.00025794131
120 125 23590576 0.0010608385 6240597.5 0.00028063182
125 130 25023086 0.0011252567 6893211.7 0.00030997906
130 135 26452550 0.0011895379 7451140.9 0.00033506843
135 140 27840032 0.0012519312 8133165.8 0.00036573823
140 145 29286214 0.0013169642 8795059.8 0.00039550277
145 150 30696088 0.0013803645 9417398 0.00042348854
150 155 32105052 0.0014437238 9998116.2 0.00044960271
155 160 33533826 0.001507974 10591479 0.0004762855
160 165 34965194 0.0015723408 11042723 0.00049657736
165 170 36387328 0.0016362924 11521036 0.00051808649
170 175 37865860 0.0017027801 12141446 0.00054598553
175 180 39316700 0.0017680225 12781370 0.00057476211
180 185 40717958 0.0018310353 13467559 0.00060561916
185 190 42167366 0.0018962134 14078185 0.00063307826
190 195 43549474 0.001958365 14594616 0.00065630154
195 200 44921718 0.0020200731 15038510 0.00067626289
