0 5 330020 1.1829231e-05 1042.456 3.7365773e-08
5 10 483856 1.7343325e-05 -15537.625 -5.5693035e-07
10 15 682192 2.4452477e-05 -12463.171 -4.4672966e-07
15 20 952334 3.4135442e-05 -32006.624 -1.1472448e-06
20 25 1357068 4.864272e-05 -49823.358 -1.7858675e-06
25 30 1986212 7.1193745e-05 -89342.772 -3.2024006e-06
30 35 3071248 0.00011008575 -51385.924 -1.8418761e-06
35 40 4329080 0.00015517146 56793.093 2.0356905e-06
40 45 5538818 0.00019853329 190595.52 6.8317021e-06
45 50 6786860 0.00024326808 272840.44 9.7796876e-06
50 55 8159346 0.00029246344 305198.19 1.0939518e-05
55 60 9649146 0.00034586381 386438.56 1.3851496e-05
60 65 11258358 0.00040354437 423158.79 1.5167696e-05
65 70 12989332 0.00046558937 497504.9 1.7832556e-05
70 75 14805944 0.00053070397 681305 2.4420683e-05
75 80 16732068 0.00059974393 854907.53 3.0643289e-05
80 85 18799338 0.00067384311 1036783.2 3.7162437e-05
85 90 20927102 0.00075011065 1213020.4 4.3479479e-05
90 95 23122470 0.00082880137 1357349.6 4.8652812e-05
95 100 25453204 0.00091234416 1380155.7 4.9470275e-05
100 105 27827292 0.00099744092 1548568.5 5.5506859e-05
105 110 30302242 0.001086153 1627798.7 5.8346787e-05
110 115 32888886 0.0011788686 1872335.5 6.7111958e-05
115 120 35499464 0.0012724421 2008372.6 7.198807e-05
120 125 38216854 0.0013698442 2062652.5 7.3933676e-05
125 130 40977774 0.0014688066 2343149.6 8.3987809e-05
130 135 43811588 0.0015703817 2683776.7 9.619724e-05
135 140 46653328 0.001672241 2751583.6 9.8627709e-05
140 145 49567740 0.0017767051 2919666 0.00010465245
145 150 52551324 0.0018836487 3001063.7 0.00010757007
150 155 55559996 0.0019914914 3229885 0.00011577194
155 160 58659004 0.0021025722 3466026.4 0.00012423618
160 165 61791612 0.0022148574 3489286.6 0.00012506992
165 170 64896844 0.0023261612 3669974.8 0.00013154651
170 175 68154772 0.0024429384 3715674.5 0.00013318457
175 180 71375370 0.0025583774 3840214 0.00013764856
180 185 74672558 0.0026765617 4208478.6 0.00015084863
185 190 77921184 0.0027930054 4299847 0.00015412363
190 195 81134922 0.0029081986 4548813.2 0.00016304757
195 200 84330318 0.0030227343 4444259.2 0.00015929994
