0 5 277874 1.2703154e-05 -5498.3272 -2.5135888e-07
5 10 405812 1.8551906e-05 -11360.314 -5.1934265e-07
10 15 559208 2.5564484e-05 -10516.446 -4.8076477e-07
15 20 766026 3.5019276e-05 1910.0209 8.7317594e-08
20 25 1057870 4.8361076e-05 -5498.7425 -2.5137787e-07
25 30 1529874 6.9938983e-05 16755.157 7.6597072e-07
30 35 2351978 0.00010752189 109660.65 5.0131936e-06
35 40 3274082 0.00014967636 248443.78 1.1357736e-05
40 45 4105554 0.00018768753 377436.2 1.7254692e-05
45 50 4970966 0.00022725029 559831.22 2.5592974e-05
50 55 5883212 0.00026895409 784152.15 3.5847922e-05
55 60 6895232 0.00031521911 1004884.1 4.59388e-05
60 65 7927144 0.0003623935 1215588.1 5.5571239e-05
65 70 9015126 0.00041213116 1467316.2 6.7079121e-05
70 75 10144178 0.00046374636 1724800.7 7.8850158e-05
75 80 11341332 0.00051847488 2074034.1 9.4815545e-05
80 85 12589614 0.00057554073 2402580.1 0.0001098352
85 90 13867312 0.00063395136 2765335.7 0.00012641876
90 95 15170052 0.0006935068 3247510.8 0.00014846164
95 100 16461832 0.00075256119 3690758 0.00016872492
100 105 17840390 0.00081558268 4182023 0.00019118335
105 110 19182480 0.00087693702 4611293.4 0.00021080767
110 115 20547514 0.00093934026 5093970 0.00023287348
115 120 21937000 0.0010028613 5637030.8 0.00025769979
120 125 23315042 0.0010658592 6118165.6 0.00027969511
125 130 24735456 0.0011307942 6664700.4 0.00030468023
130 135 26098350 0.0011930996 7189491.9 0.00032867135
135 140 27485604 0.0012565186 7777959.9 0.00035557347
140 145 28922076 0.0013221877 8236021.2 0.00037651398
145 150 30284300 0.0013844625 8766451 0.00040076285
150 155 31706784 0.0014494921 9444924.1 0.0004317796
155 160 33156656 0.0015157737 10017630 0.00045796117
160 165 34614760 0.0015824317 10594136 0.00048431644
165 170 36053372 0.0016481986 11208674 0.00051241033
170 175 37476004 0.001713235 11774877 0.00053829461
175 180 38925330 0.0017794917 12326932 0.0005635321
180 185 40339770 0.0018441535 12761519 0.00058339945
185 190 41745938 0.0019084372 13299295 0.00060798415
190 195 43186574 0.0019742966 13776872 0.00062981686
195 200 44548814 0.0020365721 14406594 0.00065860491
