0 5 331430 1.2079262e-05 9628.7836 3.5092961e-07
5 10 483956 1.7638208e-05 -10857.506 -3.9571149e-07
10 15 682374 2.4869729e-05 -15504.924 -5.6509079e-07
15 20 940730 3.4285744e-05 -46128.418 -1.6811913e-06
20 25 1329180 4.844315e-05 -67058.424 -2.4440041e-06
25 30 1955440 7.1267755e-05 -67419.468 -2.4571626e-06
30 35 3043982 0.00011094064 -13821.224 -5.0372683e-07
35 40 4296646 0.0001565951 58175.117 2.120244e-06
40 45 5469686 0.00019934758 133588.11 4.8687379e-06
45 50 6720272 0.00024492631 182367.36 6.646541e-06
50 55 8075272 0.00029431049 264609.01 9.6439114e-06
55 60 9522638 0.00034706103 386460.52 1.4084898e-05
60 65 11138256 0.00040594367 471614.71 1.7188419e-05
65 70 12853176 0.00046844546 591334.66 2.1551719e-05
70 75 14667916 0.00053458528 689347.71 2.5123892e-05
75 80 16623154 0.00060584567 756480.27 2.7570598e-05
80 85 18612356 0.00067834391 937640.91 3.4173159e-05
85 90 20743262 0.00075600668 1105967 4.0307952e-05
90 95 22956248 0.00083666093 1232170 4.4907536e-05
95 100 25272402 0.00092107523 1393962.3 5.08042e-05
100 105 27637584 0.0010072764 1547860.6 5.641316e-05
105 110 30052202 0.0010952793 1593797.7 5.8087379e-05
110 115 32530446 0.0011856011 1781992.6 6.4946309e-05
115 120 35120522 0.0012799987 1922871.8 7.0080778e-05
120 125 37760900 0.0013762297 2176535.8 7.9325788e-05
125 130 40466046 0.0014748211 2251942.1 8.2074039e-05
130 135 43321906 0.0015789055 2364394.4 8.6172461e-05
135 140 46190906 0.0016834688 2698550.2 9.8351068e-05
140 145 49112988 0.0017899666 2931575 0.00010684386
145 150 52079630 0.0018980886 3098829.6 0.00011293961
150 155 55035768 0.0020058276 3165312.2 0.00011536262
155 160 58009882 0.0021142219 3233129.5 0.00011783429
160 165 61047782 0.0022249409 3466638.8 0.00012634474
165 170 64114520 0.0023367109 3575535.1 0.00013031356
170 175 67256908 0.002451238 3705088.7 0.00013503526
175 180 70397138 0.0025656865 4008503.7 0.00014609349
180 185 73655736 0.002684449 4127342.5 0.00015042468
185 190 76859912 0.002801228 4159201.9 0.00015158582
190 195 80170688 0.0029218922 4379917.5 0.00015963
195 200 83327912 0.0030369601 4549509.8 0.00016581094
