0 5 330994 1.1759432e-05 3956.3965 1.4056138e-07
5 10 485800 1.7259322e-05 -2899.0809 -1.0299747e-07
10 15 686218 2.4379698e-05 -29413.755 -1.045001e-06
15 20 958656 3.4058774e-05 -40668.756 -1.4448645e-06
20 25 1355588 4.8160826e-05 -51838.65 -1.8417043e-06
25 30 2003576 7.1182303e-05 -29383.965 -1.0439426e-06
30 35 3106650 0.00011037191 38432.499 1.3654155e-06
35 40 4395956 0.00015617789 91681.093 3.2572118e-06
40 45 5584808 0.00019841498 138454.05 4.9189439e-06
45 50 6846792 0.00024325028 179828.42 6.3888774e-06
50 55 8221190 0.00029207938 290046.34 1.0304658e-05
55 60 9728226 0.0003456208 347565.18 1.2348166e-05
60 65 11354020 0.0004033814 450064.02 1.5989707e-05
65 70 13101530 0.00046546629 597425.06 2.1225095e-05
70 75 14950308 0.00053114898 737853.97 2.6214201e-05
75 80 16916984 0.00060102032 930748.84 3.3067299e-05
80 85 18973882 0.00067409702 1116659.5 3.9672262e-05
85 90 21151928 0.00075147783 1135912.2 4.0356267e-05
90 95 23379584 0.00083062116 1334222.6 4.7401764e-05
95 100 25702082 0.00091313401 1417440.3 5.0358291e-05
100 105 28123080 0.00099914633 1598303.2 5.6783922e-05
105 110 30640500 0.0010885843 1804118.6 6.4096056e-05
110 115 33185704 0.0011790093 2012199.7 7.1488682e-05
115 120 35822618 0.0012726926 2110829.9 7.4992781e-05
120 125 38474520 0.0013669084 2244118.6 7.972821e-05
125 130 41262566 0.0014659611 2423333.4 8.6095288e-05
130 135 44170002 0.0015692554 2826756 0.00010042794
135 140 47092892 0.0016730988 3125417 0.00011103865
140 145 50053238 0.0017782728 3319056.1 0.00011791819
145 150 52985700 0.0018824562 3462235.1 0.000123005
150 155 56100970 0.0019931344 3584648.7 0.00012735406
155 160 59139340 0.0021010805 3544933.3 0.00012594307
160 165 62210106 0.0022101775 3654775.6 0.00012984551
165 170 65429862 0.0023245678 3856674.9 0.00013701851
170 175 68658764 0.002439283 4030256.9 0.00014318547
175 180 71916578 0.0025550254 4452720.1 0.00015819458
180 185 75125354 0.0026690256 4680036.9 0.00016627061
185 190 78369152 0.0027842701 4685917.1 0.00016647952
190 195 81683722 0.0029020289 4693254.5 0.0001667402
195 200 85061370 0.0030220287 4920126.5 0.00017480042
