0 5 325102 1.155148e-05 11384.054 4.0449664e-07
5 10 478244 1.6992901e-05 1394.4056 4.9545829e-08
10 15 682296 2.4243248e-05 233.58147 8.2995849e-09
15 20 958104 3.4043221e-05 -16325.512 -5.8007585e-07
20 25 1347056 4.786341e-05 -27382.544 -9.7295284e-07
25 30 1995314 7.0897225e-05 -25137.553 -8.9318412e-07
30 35 3110104 0.00011050779 8536.151 3.0330535e-07
35 40 4394050 0.00015612879 69303.313 2.4624759e-06
40 45 5575470 0.00019810684 181625.37 6.4534877e-06
45 50 6811612 0.00024202927 242335.81 8.6106431e-06
50 55 8206470 0.00029159117 369859.78 1.3141807e-05
55 60 9719450 0.00034535017 403939.67 1.4352729e-05
60 65 11328100 0.00040250851 474713.38 1.6867451e-05
65 70 13051784 0.00046375421 579347.75 2.0585305e-05
70 75 14900976 0.00052945945 690274.1 2.4526725e-05
75 80 16864270 0.00059921894 867495.3 3.0823725e-05
80 85 18911664 0.00067196667 1030056.1 3.6599813e-05
85 90 21040030 0.00074759148 1172228.4 4.1651458e-05
90 95 23306624 0.00082812779 1321238.8 4.6946077e-05
95 100 25666210 0.00091196828 1448123.9 5.1454542e-05
100 105 28049298 0.00099664383 1723419.4 6.1236304e-05
105 110 30519226 0.001084405 1820982 6.4702883e-05
110 115 33086040 0.0011756087 2088747.9 7.4217106e-05
115 120 35645144 0.0012665384 2197383.6 7.8077135e-05
120 125 38348520 0.0013625944 2258884.8 8.0262388e-05
125 130 41203194 0.0014640263 2389435.5 8.4901095e-05
130 135 44031402 0.0015645178 2697413.1 9.5844116e-05
135 140 46958500 0.001668523 2962296.9 0.00010525593
140 145 49882840 0.0017724303 3141541.9 0.00011162484
145 150 52816346 0.0018766632 3241315 0.00011516996
150 155 55856326 0.0019846794 3434748.7 0.00012204302
155 160 58915804 0.0020933883 3550073.7 0.00012614073
160 165 62065976 0.0022053198 3851713 0.00013685854
165 170 65250066 0.0023184565 4160957 0.00014784656
170 175 68429934 0.0024314431 4457205.3 0.00015837281
175 180 71738914 0.0025490173 4440728.3 0.00015778735
180 185 74916410 0.0026619197 4514431 0.00016040615
185 190 78148332 0.0027767559 4689579.9 0.00016662951
190 195 81343404 0.0028902827 4878080.1 0.00017332728
195 200 84705328 0.0030097382 5023599.3 0.00017849785
