0 5 280790 1.2610869e-05 -3995.1471 -1.7943046e-07
5 10 407420 1.8298089e-05 -8876.564 -3.9866516e-07
10 15 563366 2.5301952e-05 -16122.992 -7.2411748e-07
15 20 769866 3.4576301e-05 -12330.029 -5.5376755e-07
20 25 1068292 4.797924e-05 -21114.343 -9.4828954e-07
25 30 1551614 6.9686248e-05 21806.946 9.793958e-07
30 35 2373516 0.0001065996 119395.17 5.3622882e-06
35 40 3327540 0.00014944682 257581.04 1.1568506e-05
40 45 4167420 0.0001871676 389521.55 1.7494232e-05
45 50 5038808 0.00022630346 556725.9 2.5003731e-05
50 55 5962454 0.00026778635 762485.76 3.4244839e-05
55 60 6961678 0.0003126636 988893.98 4.4413308e-05
60 65 8017472 0.00036008153 1241696.8 5.5767214e-05
65 70 9137114 0.00041036701 1507605.7 6.7709742e-05
70 75 10303944 0.00046277179 1763032 7.9181473e-05
75 80 11497642 0.00051638328 2138274 9.6034382e-05
80 85 12745894 0.0005724449 2515515.5 0.00011297709
85 90 14042288 0.00063066869 2854063.9 0.00012818201
90 95 15361534 0.0006899188 3305593.5 0.00014846116
95 100 16696670 0.00074988256 3742412.2 0.0001680796
100 105 18046312 0.00081049782 4249021.3 0.00019083248
105 110 19396870 0.00087115422 4803134.7 0.00021571888
110 115 20817922 0.00093497666 5354373.2 0.00024047616
115 120 22189760 0.00099658879 5911853.3 0.00026551376
120 125 23565804 0.0010583898 6449082.3 0.00028964185
125 130 24936658 0.0011199578 6974757 0.00031325101
130 135 26361116 0.0011839332 7655241.7 0.000343813
135 140 27769574 0.00124719 8236662.9 0.00036992585
140 145 29205018 0.0013116588 8846061.6 0.00039729523
145 150 30627216 0.0013755327 9499559.1 0.00042664518
150 155 32091672 0.0014413045 10088656 0.00045310278
155 160 33557880 0.001507155 10733951 0.00048208429
160 165 34966314 0.0015704107 11204478 0.00050321667
165 170 36288838 0.001629808 11732327 0.00052692349
170 175 37706948 0.0016934983 12447586 0.00055904728
175 180 39133840 0.0017575831 13097996 0.00058825856
180 185 40622894 0.0018244596 13689748 0.00061483537
185 190 42046206 0.0018883835 14256790 0.0006403024
190 195 43494322 0.0019534215 14808088 0.00066506239
195 200 44882978 0.0020157889 15353241 0.00068954633
