0 5 278462 1.2575494e-05 -5699.687 -2.5740094e-07
5 10 404174 1.8252716e-05 -21068.647 -9.5147146e-07
10 15 564042 2.5472441e-05 -18810.282 -8.4948247e-07
15 20 772556 3.4889045e-05 -11786.34 -5.3227747e-07
20 25 1075620 4.8575579e-05 1181.3627 5.3350978e-08
25 30 1558956 7.0403293e-05 35557.902 1.605814e-06
30 35 2391778 0.00010801398 121173.34 5.4722533e-06
35 40 3336136 0.0001506617 259353.13 1.1712527e-05
40 45 4210924 0.0001901676 428156.22 1.9335765e-05
45 50 5077252 0.00022929144 591716.55 2.6722238e-05
50 55 6019182 0.0002718295 746630.12 3.3718218e-05
55 60 7034820 0.00031769626 957875.03 4.3258153e-05
60 65 8077802 0.00036479789 1218108 5.5010415e-05
65 70 9178356 0.0004144995 1542699.6 6.9669145e-05
70 75 10353916 0.00046758843 1795765.2 8.1097725e-05
75 80 11564064 0.00052223936 2090636.9 9.4414287e-05
80 85 12815114 0.00057873745 2457119.1 0.00011096482
85 90 14100124 0.0006367692 2845092.1 0.00012848589
90 95 15394756 0.00069523548 3223523.8 0.00014557607
95 100 16748654 0.00075637824 3691001.3 0.00016668761
100 105 18112464 0.00081796863 4219962.3 0.00019057577
105 110 19450602 0.00087839967 4734420.9 0.000213809
110 115 20825300 0.00094048177 5255461.5 0.00023733947
115 120 22156624 0.0010006051 5773332.6 0.00026072681
120 125 23556020 0.0010638026 6341700.2 0.0002863946
125 130 24983936 0.001128288 6959390.1 0.00031428981
130 135 26371980 0.0011909728 7647228.1 0.00034535294
135 140 27784124 0.001254746 8124190.1 0.0003668928
140 145 29237722 0.0013203913 8774682.7 0.0003962694
145 150 30661872 0.0013847067 9454368.7 0.00042696438
150 155 31995384 0.0014449288 10125814 0.00045728723
155 160 33422680 0.0015093862 10637381 0.00048038985
160 165 34869110 0.0015747078 11146929 0.00050340131
165 170 36325722 0.0016404892 11783022 0.00053212762
170 175 37767832 0.0017056156 12364763 0.00055839934
175 180 39172720 0.0017690611 12925967 0.00058374363
180 185 40592802 0.0018331928 13523805 0.00061074231
185 190 41995652 0.0018965463 14112025 0.00063730663
190 195 43378350 0.0019589897 14454569 0.00065277614
195 200 44748560 0.0020208691 14977725 0.00067640212
