0 5 324320 1.1673932e-05 8302.7039 2.988567e-07
5 10 474794 1.709026e-05 -16629.447 -5.9857867e-07
10 15 681654 2.4536207e-05 -31904.385 -1.1484017e-06
15 20 951906 3.4263956e-05 -34135.991 -1.2287286e-06
20 25 1352278 4.8675388e-05 -39856.627 -1.4346435e-06
25 30 1980660 7.1294064e-05 -58748.589 -2.1146616e-06
30 35 3081524 0.00011091978 -3048.4255 -1.0972839e-07
35 40 4343474 0.0001563438 128918.06 4.6404189e-06
40 45 5514606 0.00019849882 169499.22 6.1011422e-06
45 50 6756862 0.00024321395 251295.07 9.0453922e-06
50 55 8128274 0.00029257807 308907.62 1.1119162e-05
55 60 9617170 0.00034617104 392134.31 1.4114915e-05
60 65 11263234 0.00040542128 482538.17 1.7369012e-05
65 70 12963886 0.00046663643 640611.96 2.3058895e-05
70 75 14790994 0.00053240337 783739.71 2.8210793e-05
75 80 16710080 0.00060148108 864232.57 3.1108142e-05
80 85 18735448 0.00067438441 1028505.5 3.7021164e-05
85 90 20862802 0.00075095874 1221744.7 4.3976828e-05
90 95 23122630 0.00083230148 1418300.1 5.1051861e-05
95 100 25443712 0.00091584907 1601475.3 5.7645271e-05
100 105 27794600 0.0010004695 1761593.6 6.3408746e-05
105 110 30295056 0.0010904737 1830567.6 6.5891473e-05
110 115 32840794 0.0011821078 2033038.2 7.3179421e-05
115 120 35468192 0.0012766813 2253084.5 8.1100011e-05
120 125 38083980 0.0013708368 2332304.4 8.3951541e-05
125 130 40867596 0.0014710334 2701473.6 9.7239823e-05
130 135 43706798 0.0015732308 2857605.2 0.0001028598
135 140 46573156 0.0016764056 3033095.4 0.00010917659
140 145 49478800 0.0017809946 3234432.3 0.00011642373
145 150 52452922 0.0018880484 3307051.8 0.00011903767
150 155 55520254 0.0019984573 3479655.3 0.00012525056
155 160 58579064 0.0021085595 3708460.1 0.00013348641
160 165 61767904 0.0022233422 3891372.7 0.00014007037
165 170 64939148 0.0023374914 4112993 0.00014804761
170 175 68091584 0.0024509637 4411490.4 0.00015879206
175 180 71318658 0.0025671225 4590836.2 0.00016524763
180 185 74498248 0.0026815722 4734810.9 0.00017043001
185 190 77809112 0.0028007471 4941661.9 0.00017787564
190 195 81110306 0.0029195739 4977399.9 0.00017916203
195 200 84369664 0.0030368949 5327396.4 0.00019176019
