0 5 274538 1.2368842e-05 -2901.0393 -1.3070138e-07
5 10 402492 1.8133591e-05 -10315.355 -4.6474075e-07
10 15 562366 2.5336442e-05 -12669.072 -5.7078343e-07
15 20 775198 3.4925225e-05 -16697.761 -7.5228915e-07
20 25 1072816 4.8333897e-05 -7181.5018 -3.2355033e-07
25 30 1549976 6.9831528e-05 -3498.0232 -1.5759748e-07
30 35 2380432 0.00010724631 81143.625 3.6557878e-06
35 40 3321648 0.00014965119 253508.03 1.1421372e-05
40 45 4171640 0.00018794613 407271.09 1.8348905e-05
45 50 5045652 0.00022732325 573145.11 2.5822076e-05
50 55 5968918 0.00026891943 772071.1 3.4784348e-05
55 60 6964626 0.00031377936 962657.12 4.3370876e-05
60 65 8029924 0.00036177454 1190282.4 5.3626144e-05
65 70 9154326 0.00041243256 1449474.6 6.5303607e-05
70 75 10286052 0.00046342055 1732854.9 7.8070823e-05
75 80 11487992 0.00051757191 2023992.4 9.118753e-05
80 85 12756560 0.00057472508 2421139 0.00010908029
85 90 14043904 0.00063272417 2805330.6 0.00012638939
90 95 15358610 0.000691956 3278484.7 0.00014770654
95 100 16711088 0.0007528896 3740784.6 0.00016853467
100 105 18088246 0.0008149351 4187498.7 0.00018866062
105 110 19410218 0.0008744943 4637929.8 0.00020895402
110 115 20787166 0.00093653035 5187012.1 0.00023369199
115 120 22164892 0.00099860144 5754766 0.00025927118
120 125 23558932 0.0010614075 6294988.9 0.00028361
125 130 24931220 0.0011232336 6850939.1 0.00030865739
130 135 26346364 0.0011869905 7418156.9 0.00033421242
135 140 27778136 0.0012514966 8030221.9 0.00036178796
140 145 29170162 0.0013142119 8682202.6 0.00039116184
145 150 30553812 0.0013765499 9269626.6 0.00041762723
150 155 32021052 0.0014426539 9772245.8 0.00044027189
155 160 33451868 0.0015071169 10395467 0.00046835003
160 165 34937676 0.0015740575 11062600 0.0004984066
165 170 36410440 0.0016404103 11692931 0.00052680508
170 175 37815494 0.0017037126 12227675 0.00055089704
175 180 39254042 0.001768524 12822499 0.00057769585
180 185 40668832 0.0018322649 13361470 0.00060197826
185 190 42084636 0.0018960516 13721726 0.000618209
190 195 43529626 0.0019611531 14332169 0.00064571144
195 200 44903240 0.002023039 15117510 0.00068109364
