0 5 3098.6888 5.044304e-07 0 0
5 10 21038.645 3.4248459e-06 0 0
10 15 55900.028 9.0998726e-06 0 0
15 20 106794.28 1.7384863e-05 0 0
20 25 173015.55 2.8164913e-05 0 0
25 30 253715.19 4.1301874e-05 0 0
30 35 348124.48 5.6670605e-05 0 0
35 40 455717.35 7.4185468e-05 0 0
40 45 575617.54 9.370382e-05 0 0
45 50 707433.42 0.00011516191 0 0
50 55 850584.6 0.00013846525 0 0
55 60 1004637 0.00016354318 0 0
60 65 1169357.6 0.00019035778 0 0
65 70 1343716 0.00021874129 0 0
70 75 1527961.8 0.00024873435 0 0
75 80 1721658.5 0.00028026592 0 0
80 85 1923606.9 0.00031314076 0 0
85 90 2133575 0.00034732113 0 0
90 95 2351094.4 0.00038273074 0 0
95 100 2575886.5 0.00041932428 0 0
100 105 2806943.4 0.00045693764 0 0
105 110 3044407.8 0.00049559408 0 0
110 115 3287851 0.00053522379 0 0
115 120 3536235 0.00057565781 0 0
120 125 3789316.8 0.00061685657 0 0
125 130 4046785.4 0.00065876947 0 0
130 135 4308367.2 0.00070135192 0 0
135 140 4574328.8 0.00074464738 0 0
140 145 4843095.3 0.00078839942 0 0
145 150 5115036 0.00083266819 0 0
150 155 5390698.3 0.00087754281 0 0
155 160 5669732.8 0.00092296637 0 0
160 165 5951309.7 0.0009688038 0 0
165 170 6234913 0.0010149711 0 0
170 175 6521676 0.0010616528 0 0
175 180 6809624.2 0.0011085274 0 0
180 185 7099225.3 0.0011556711 0 0
185 190 7389767.3 0.0012029679 0 0
190 195 7681965.8 0.0012505344 0 0
195 200 7974495.1 0.0012981548 0 0
