0 5 3110.7766 5.0358904e-07 0 0
5 10 21142.862 3.4227187e-06 0 0
10 15 56139.295 9.0881272e-06 0 0
15 20 107177.37 1.7350441e-05 0 0
20 25 173706.15 2.8120473e-05 0 0
25 30 254627.22 4.1220405e-05 0 0
30 35 349499.32 5.6578806e-05 0 0
35 40 457499.83 7.4062501e-05 0 0
40 45 577939.54 9.3559921e-05 0 0
45 50 710221.59 0.00011497444 0 0
50 55 853976.37 0.00013824623 0 0
55 60 1008626.9 0.00016328188 0 0
60 65 1173527.1 0.0001899768 0 0
65 70 1348920.6 0.00021837042 0 0
70 75 1533599.2 0.00024826717 0 0
75 80 1727816.3 0.00027970808 0 0
80 85 1930906.8 0.00031258545 0 0
85 90 2141945.1 0.00034674945 0 0
90 95 2360691.1 0.00038216121 0 0
95 100 2586678.7 0.00041874528 0 0
100 105 2818643.3 0.00045629694 0 0
105 110 3057400.3 0.0004949482 0 0
110 115 3301537.9 0.00053447049 0 0
115 120 3550806.3 0.00057482338 0 0
120 125 3804600.3 0.00061590889 0 0
125 130 4063025.2 0.00065774409 0 0
130 135 4325224 0.00070019023 0 0
135 140 4591365.2 0.00074327457 0 0
140 145 4861053.9 0.00078693322 0 0
145 150 5134339.6 0.00083117415 0 0
150 155 5411479.3 0.000876039 0 0
155 160 5691115.2 0.00092130794 0 0
160 165 5973585.1 0.00096703566 0 0
165 170 6257902.2 0.0010130624 0 0
170 175 6545895.2 0.0010596843 0 0
175 180 6834176.8 0.0011063528 0 0
180 185 7124582.1 0.0011533652 0 0
185 190 7416746 0.0012006622 0 0
190 195 7709824.8 0.0012481074 0 0
195 200 8003374.7 0.0012956288 0 0
