0 5 3107.2633 5.0423426e-07 41.306141 6.7029954e-09
5 10 21158.208 3.4334694e-06 302.04715 4.9015004e-08
10 15 56213.642 9.1221251e-06 1120.7753 1.8187493e-07
15 20 107408.14 1.7429764e-05 2737.4365 4.4422026e-07
20 25 174039.56 2.8242444e-05 5513.474 8.9470453e-07
25 30 255201.91 4.1413145e-05 9614.1197 1.5601409e-06
30 35 350426.71 5.6865846e-05 15559.11 2.5248701e-06
35 40 458813.95 7.4454494e-05 23168.884 3.7597539e-06
40 45 579574.16 9.4050978e-05 32460.325 5.2675317e-06
45 50 712426.46 0.00011560972 43767.309 7.1023841e-06
50 55 856755.64 0.00013903088 56889.939 9.2318719e-06
55 60 1012140.2 0.00016424606 71600.523 1.1619047e-05
60 65 1177901.9 0.00019114521 87703.815 1.4232225e-05
65 70 1353713.6 0.00021967523 104688.18 1.698838e-05
70 75 1539604.1 0.00024984079 123333.22 2.0014021e-05
75 80 1734846.6 0.00028152398 142821.55 2.317651e-05
80 85 1938557.3 0.00031458134 163174.33 2.6479279e-05
85 90 2150825 0.00034902729 186376.09 3.0244367e-05
90 95 2370365.8 0.00038465349 212156.98 3.4427987e-05
95 100 2597033.2 0.00042143617 240474.92 3.9023308e-05
100 105 2830022.4 0.00045924472 270826.17 4.3948589e-05
105 110 3069399.7 0.00049808991 303182.24 4.9199203e-05
110 115 3313944.6 0.00053777368 337823.17 5.4820594e-05
115 120 3564302.2 0.00057840072 375272.28 6.0897686e-05
120 125 3819356 0.00061978983 414310.9 6.7232716e-05
125 130 4078333.9 0.00066181573 455722.49 7.3952824e-05
130 135 4341566.8 0.00070453211 498923 8.096323e-05
135 140 4608394.9 0.00074783191 543759.77 8.8239162e-05
140 145 4879250 0.00079178519 588396.7 9.5482665e-05
145 150 5153223.4 0.00083624449 633146.3 0.00010274445
150 155 5431333.7 0.00088137512 678520.72 0.00011010763
155 160 5711586.6 0.00092685344 722618.37 0.00011726362
160 165 5994967 0.00097283929 766343.22 0.00012435911
165 170 6280742.7 0.0010192138 810158.91 0.00013146935
170 175 6567709.2 0.0010657816 853812.6 0.0001385533
175 180 6857646.9 0.0011128315 895423.65 0.00014530577
180 185 7148663.1 0.0011600565 938799.15 0.00015234457
185 190 7441086.8 0.0012075098 980109.87 0.00015904831
190 195 7734114 0.0012550611 1021825.7 0.00016581779
195 200 8027863.5 0.0013027296 1063931.3 0.00017265053
