0 5 3108.6215 5.0788956e-07 0 0
5 10 21025.637 3.4351886e-06 0 0
10 15 55796.739 9.1161245e-06 0 0
15 20 106586.93 1.7414274e-05 0 0
20 25 172550.88 2.8191528e-05 0 0
25 30 253002.71 4.1335825e-05 0 0
30 35 347354.61 5.6751128e-05 0 0
35 40 454582.89 7.4270187e-05 0 0
40 45 574310.65 9.3831424e-05 0 0
45 50 705793.12 0.00011531316 0 0
50 55 848330.63 0.00013860107 0 0
55 60 1002018.7 0.00016371077 0 0
60 65 1166400.8 0.00019056768 0 0
65 70 1340457.1 0.00021900517 0 0
70 75 1524220.6 0.00024902862 0 0
75 80 1717305.2 0.00028057497 0 0
80 85 1919295.1 0.00031357627 0 0
85 90 2129089 0.0003478526 0 0
90 95 2346460.1 0.0003833669 0 0
95 100 2570323.7 0.00041994195 0 0
100 105 2800785.1 0.00045759495 0 0
105 110 3037447.8 0.00049626113 0 0
110 115 3279470.9 0.00053580309 0 0
115 120 3526983 0.00057624185 0 0
120 125 3778281.3 0.00061729922 0 0
125 130 4034743 0.00065920017 0 0
130 135 4294681 0.00070166909 0 0
135 140 4558854.7 0.00074483003 0 0
140 145 4827146.7 0.00078866385 0 0
145 150 5098239.9 0.00083295531 0 0
150 155 5372862.7 0.00087782344 0 0
155 160 5650445.7 0.00092317522 0 0
160 165 5930896.3 0.00096899551 0 0
165 170 6213282.8 0.0010151321 0 0
170 175 6498483.7 0.0010617285 0 0
175 180 6784668.2 0.0011084856 0 0
180 185 7073214.3 0.0011556285 0 0
185 190 7362013.8 0.0012028129 0 0
190 195 7652376.2 0.0012502525 0 0
195 200 7943522.4 0.0012978203 0 0
