2.5 15.128994 -0.2187655
7.5 2.2890933 -0.15589887
12.5 0.6374178 -0.084094935
17.5 0.1200896 -0.044880392
22.5 -0.081077618 -0.054448253
27.5 -0.13629403 -0.05592645
32.5 -0.077920617 -0.049017194
37.5 0.023400969 -0.022969021
42.5 0.040782511 -0.0074018108
47.5 0.024835593 -0.0070282785
52.5 0.01228203 -0.0035615855
57.5 0.010114295 -0.005412388
62.5 0.0045517234 -0.0044770109
67.5 0.0025874971 -0.006209543
72.5 -0.00031249371 -0.0044568523
77.5 0.00065527969 -0.011236034
82.5 0.00023025497 -0.0053503828
87.5 -0.0003991647 -0.0035982143
92.5 0.0011049479 -0.00011065392
97.5 0.0033597452 -0.00089138287
102.5 0.0017300639 -0.0038289395
107.5 0.0012104502 -0.0015483998
112.5 0.00064453716 -0.0014229693
117.5 0.00063036819 0.0018547086
122.5 0.00020810805 0.00090051751
127.5 0.001085583 -0.00089587094
132.5 0.00061410208 0.00037574941
137.5 0.002348739 -0.00053075524
142.5 0.0034586321 0.0018028708
147.5 0.0022884672 0.00060185119
152.5 0.0008005599 -0.00099250269
157.5 2.3831047e-05 -0.003267902
162.5 0.00096639463 -0.0039294924
167.5 0.0021156155 -0.0044934916
172.5 0.0012115267 -0.0043647742
177.5 0.0012050353 -0.001550922
182.5 0.000803321 -0.0028700587
187.5 -0.0015839809 -0.0031395904
192.5 -0.0009141275 -0.00016254852
197.5 0.00049207496 0.0027017057
