2.5 15.004091 0.15114645
7.5 2.2920045 -0.20276649
12.5 0.6438311 -0.10254764
17.5 0.11797853 -0.061672867
22.5 -0.083747199 -0.062655986
27.5 -0.14523322 -0.055477372
32.5 -0.075944962 -0.040754805
37.5 0.028110385 -0.0098778167
42.5 0.036927973 -0.0010665494
47.5 0.026996926 -0.0028791855
52.5 0.014661408 -0.011626801
57.5 0.0098209678 -0.016370853
62.5 0.0080428064 -0.0096440443
67.5 0.0064834799 -0.0056775135
72.5 0.0038026722 -0.0090494361
77.5 0.0015509074 -0.0063961256
82.5 0.0007649923 -0.0046303632
87.5 0.0014371876 0.00038533311
92.5 0.0040506374 -0.0026686113
97.5 0.0053768186 -0.010159532
102.5 0.0044233414 -0.0074791368
107.5 0.0013348025 -0.0075530807
112.5 0.00012106893 -0.0047582973
117.5 -2.5006546e-05 -0.0032708042
122.5 0.00044525705 -0.0026506028
127.5 0.00044239516 -0.0017439502
132.5 0.00057325877 -0.0016297672
137.5 0.00017711153 -0.005401074
142.5 -0.00073004224 -0.0038241742
147.5 -0.0010672407 -0.0016665179
152.5 -0.0014294852 -0.0048538243
157.5 -0.00061694613 -0.0081088862
162.5 -0.0001939044 -0.0052600755
167.5 0.00064039916 -0.0048906473
172.5 -3.0047958e-05 -0.0048798246
177.5 -0.00056915562 -0.0040062278
182.5 -0.00052967155 -0.0047924136
187.5 -0.0020122963 -0.0053616969
192.5 -0.001691402 -0.0052727969
197.5 -0.0011757736 -0.0056638706
