2.5 15.195786 0.13949066
7.5 2.2722325 -0.064880543
12.5 0.64613258 -0.055036777
17.5 0.12212468 -0.034154821
22.5 -0.085922904 -0.039734463
27.5 -0.13673922 -0.042251261
32.5 -0.077301341 -0.027394087
37.5 0.024158846 -0.013914401
42.5 0.033991394 -0.01968832
47.5 0.026407205 -0.019619457
52.5 0.014274277 -0.011249217
57.5 0.0068567826 -0.0096636721
62.5 0.0065346632 -0.009269652
67.5 0.0081448019 -0.011644965
72.5 0.0056353502 -0.013557267
77.5 0.0038508207 -0.0060535592
82.5 0.0015681846 -0.00086619585
87.5 0.0012198233 0.0020220483
92.5 -0.0017571237 -0.0044867154
97.5 0.00037753037 -0.0033968658
102.5 0.00074631812 -0.0043590899
107.5 0.00082187836 -0.0048492796
112.5 0.0019640855 -0.0067861224
117.5 0.00096075828 -0.0044720155
122.5 -0.00048987291 -0.0035537668
127.5 0.00040074094 -0.00334545
132.5 -9.131942e-05 0.00087324075
137.5 -0.0018717114 -0.0019334739
142.5 -0.00021978847 0.0009787318
147.5 0.00079309575 -0.0028461416
152.5 0.0011981505 -0.0034326052
157.5 0.0018261504 -0.0048483775
162.5 0.0013538889 -0.0078598539
167.5 6.9240825e-05 -0.0057943242
172.5 -0.00094843529 0.0011909522
177.5 -0.0012737526 0.0020653731
182.5 0.00075433917 0.0010122953
187.5 0.00089176769 -0.00091282923
192.5 0.0015663475 -0.0035925642
197.5 0.0014874921 -0.0032496271
