2.5 14.798751 0.43788202
7.5 2.2351387 -0.089190953
12.5 0.62465535 -0.057127754
17.5 0.11840585 -0.049957032
22.5 -0.08222592 -0.051361618
27.5 -0.13214953 -0.054838807
32.5 -0.066082936 -0.0496413
37.5 0.027319328 -0.032811436
42.5 0.033074555 -0.011595463
47.5 0.019965266 -0.013571209
52.5 0.012970296 -0.018676546
57.5 0.010764613 -0.014342231
62.5 0.0047197279 -0.017128329
67.5 0.00012171673 -0.0075701521
72.5 0.0021646866 -0.0028257856
77.5 0.0034227722 0.0033652157
82.5 0.0025767926 -0.00051142696
87.5 0.00054578316 -0.0033822312
92.5 0.0012368576 -0.0042039671
97.5 0.0015807289 -0.0060968207
102.5 0.0019519532 -0.010465213
107.5 0.0048715446 -0.013439446
112.5 0.0017059939 -0.0098470073
117.5 -0.00063417133 -0.0098664477
122.5 -0.00068088693 -0.0058300746
127.5 -0.00026266625 -0.0037262975
132.5 -0.002236204 -0.0046051603
137.5 -0.00058210492 -0.0054940389
142.5 0.00091929143 -0.0063828545
147.5 6.1345276e-05 -0.0043700557
152.5 -0.00068143671 -0.0025195695
157.5 0.00022157388 -0.0020697506
162.5 0.00057574502 -0.0021751633
167.5 0.00016081322 -0.0033383163
172.5 -0.00036270544 -0.0032461348
177.5 -0.00062551821 -0.0034070789
182.5 -0.0019418422 -0.0033593541
187.5 -0.0013581757 -0.0017369496
192.5 -0.00027189809 -0.0013825093
197.5 0.00019152928 0.00042307363
