2.5 14.896102 -0.00047262951
7.5 2.2390627 -0.10229625
12.5 0.64962313 -0.046754666
17.5 0.12464245 -0.054571888
22.5 -0.073901399 -0.048672743
27.5 -0.13047319 -0.047757016
32.5 -0.069537272 -0.049514196
37.5 0.030899651 -0.03526947
42.5 0.038608334 -0.02084038
47.5 0.031426451 -0.017620535
52.5 0.018644702 -0.0087634945
57.5 0.011332331 -0.0040589656
62.5 0.0079816228 -0.010483073
67.5 0.0070416453 -0.014518588
72.5 0.0037983211 -0.0083099349
77.5 0.0036861216 -0.0094095523
82.5 0.0039036889 -0.0044243123
87.5 0.0019801289 -0.0084834483
92.5 0.0018506078 -0.0057967876
97.5 0.0015995262 -0.0099020914
102.5 0.0013846711 -0.0044908753
107.5 0.00092857652 -0.00093910521
112.5 0.00090566486 0.0014791568
117.5 0.0014116616 0.00079881862
122.5 -0.00043034071 -0.00052880633
127.5 -0.00021905768 -0.005986251
132.5 -0.00053652341 -0.004113616
137.5 -0.0006264663 -0.0040864898
142.5 -0.00047655469 -0.0043193781
147.5 7.289247e-07 -0.0049699147
152.5 0.0017566419 9.7725393e-05
157.5 0.0010846564 0.00014543613
162.5 -0.00012179261 -0.0010461918
167.5 -0.00022545717 -0.0018573459
172.5 6.3971071e-05 0.00027421415
177.5 0.00049386682 -0.00031073567
182.5 -0.00018067813 -0.0010851787
187.5 -0.0004935785 0.0014796699
192.5 0.00022459066 0.0008627556
197.5 0.00014216418 4.4578052e-05
