2.5 14.888494 0.32385914
7.5 2.2380387 -0.089396374
12.5 0.61689877 -0.065138634
17.5 0.10553482 -0.029774494
22.5 -0.083397702 -0.034760451
27.5 -0.13530314 -0.044274555
32.5 -0.071914101 -0.037432352
37.5 0.029453253 -0.029958429
42.5 0.042232839 -0.017871825
47.5 0.030456124 -0.0085179511
52.5 0.016229408 -0.0085455039
57.5 0.008037657 -0.011554437
62.5 0.0042901907 -0.013915274
67.5 0.0047086831 -0.0078107895
72.5 0.0033808472 -0.0053375864
77.5 0.0042924051 -0.0021084839
82.5 0.0030174377 -0.003582715
87.5 0.0043777298 0.00076802891
92.5 0.0035231348 -0.0015669376
97.5 0.0059978299 -0.0016743381
102.5 0.004019825 -0.0082338514
107.5 0.0029318541 -0.0079207591
112.5 0.0013929557 -0.010483067
117.5 0.001602593 -0.011158033
122.5 0.0016849071 -0.0045383237
127.5 0.00021691296 -0.0029606395
132.5 0.00018588497 -0.0052742804
137.5 0.00048622822 -0.0055517791
142.5 0.0013072383 -0.0068882677
147.5 0.0011669174 -0.0058728461
152.5 0.0015531962 -0.0020341835
157.5 0.00096808603 -0.0014716578
162.5 0.00098535714 -0.00011022281
167.5 0.00037675593 -0.0028895185
172.5 0.00041855813 -0.005009014
177.5 0.00074898991 -0.0033284861
182.5 0.0016499402 -0.0038248294
187.5 0.00034594983 -0.0045464189
192.5 4.1073065e-05 -0.0037449511
197.5 -0.00070846281 -0.00064232019
