1.015413 0.007021 0.691157 0.056984 6.613271 1.105741 8.553394 -15.437250 ./BAOfit_CATALPTCICz0.466G960S1005638091.parabola.R-loc_scaled2.2-loc_scaled5.dat
0.992672 0.005787 0.642070 0.044701 5.506763 0.942190 9.716400 -16.237606 ./BAOfit_CATALPTCICz0.466G960S1010008301.parabola.R-loc_scaled2.2-loc_scaled5.dat
0.998827 0.008638 0.568558 0.062720 6.381649 1.499460 14.827774 -17.728329 ./BAOfit_CATALPTCICz0.466G960S1016650678.parabola.R-loc_scaled2.2-loc_scaled5.dat
0.993513 0.006440 0.677841 0.053392 7.007043 1.040391 20.002466 -20.090697 ./BAOfit_CATALPTCICz0.466G960S1019876248.parabola.R-loc_scaled2.2-loc_scaled5.dat
1.001717 0.006181 0.710904 0.054845 6.694883 1.078001 8.697953 -15.615576 ./BAOfit_CATALPTCICz0.466G960S1023560380.parabola.R-loc_scaled2.2-loc_scaled5.dat
1.004023 0.007586 0.791849 0.057277 7.813446 0.976442 8.590579 -14.936671 ./BAOfit_CATALPTCICz0.466G960S1028968541.parabola.R-loc_scaled2.2-loc_scaled5.dat
1.003566 0.007924 0.707201 0.063496 7.389931 1.283102 8.272841 -14.513771 ./BAOfit_CATALPTCICz0.466G960S1029148515.parabola.R-loc_scaled2.2-loc_scaled5.dat
0.992869 0.006331 0.859635 0.063878 9.139122 0.981177 17.720811 -20.223536 ./BAOfit_CATALPTCICz0.466G960S1036580043.parabola.R-loc_scaled2.2-loc_scaled5.dat
1.006184 0.005167 0.695595 0.052027 6.057545 1.014680 17.404513 -20.173243 ./BAOfit_CATALPTCICz0.466G960S1038702849.parabola.R-loc_scaled2.2-loc_scaled5.dat
0.995561 0.007207 0.754054 0.053519 7.706283 0.938578 12.820578 -17.485182 ./BAOfit_CATALPTCICz0.466G960S1043428010.parabola.R-loc_scaled2.2-loc_scaled5.dat
0.984271 0.007511 0.623844 0.052722 6.263557 1.125205 6.497301 -14.417509 ./BAOfit_CATALPTCICz0.466G960S1043834222.parabola.R-loc_scaled2.2-loc_scaled5.dat
1.003724 0.005603 0.760307 0.054148 7.405299 0.952911 12.846911 -17.165171 ./BAOfit_CATALPTCICz0.466G960S1047385959.parabola.R-loc_scaled2.2-loc_scaled5.dat
1.003967 0.007532 0.759702 0.057108 7.804135 1.031374 10.357905 -15.772373 ./BAOfit_CATALPTCICz0.466G960S1052114297.parabola.R-loc_scaled2.2-loc_scaled5.dat
1.001596 0.007482 0.702856 0.059898 7.604436 1.172393 7.095634 -13.964795 ./BAOfit_CATALPTCICz0.466G960S1057271749.parabola.R-loc_scaled2.2-loc_scaled5.dat
0.994572 0.007561 0.650346 0.058556 6.542640 1.297734 13.688462 -17.244712 ./BAOfit_CATALPTCICz0.466G960S1067749740.parabola.R-loc_scaled2.2-loc_scaled5.dat
1.003393 0.006826 0.752792 0.057552 7.785594 0.983941 8.458480 -13.662513 ./BAOfit_CATALPTCICz0.466G960S1070802123.parabola.R-loc_scaled2.2-loc_scaled5.dat
1.006693 0.006402 0.646961 0.048796 5.735771 0.999085 8.370643 -15.305646 ./BAOfit_CATALPTCICz0.466G960S1072910539.parabola.R-loc_scaled2.2-loc_scaled5.dat
1.003224 0.008027 0.743698 0.070069 8.508363 1.292326 10.761906 -15.367577 ./BAOfit_CATALPTCICz0.466G960S1076873484.parabola.R-loc_scaled2.2-loc_scaled5.dat
1.015080 0.008720 0.738141 0.080536 8.313421 1.481028 7.962213 -13.595131 ./BAOfit_CATALPTCICz0.466G960S1079655868.parabola.R-loc_scaled2.2-loc_scaled5.dat
1.021103 0.006768 0.855028 0.087731 9.998009 1.339568 9.193572 -14.827387 ./BAOfit_CATALPTCICz0.466G960S1082345827.parabola.R-loc_scaled2.2-loc_scaled5.dat
0.995451 0.006191 0.690151 0.050058 6.103797 0.988710 7.928888 -15.093331 ./BAOfit_CATALPTCICz0.466G960S1089996733.parabola.R-loc_scaled2.2-loc_scaled5.dat
1.004749 0.005772 0.765002 0.058694 7.659637 1.058536 13.686487 -18.208129 ./BAOfit_CATALPTCICz0.466G960S1090208157.parabola.R-loc_scaled2.2-loc_scaled5.dat
0.986721 0.005971 0.664957 0.048269 6.432511 0.945102 12.192862 -17.374143 ./BAOfit_CATALPTCICz0.466G960S1090249413.parabola.R-loc_scaled2.2-loc_scaled5.dat
0.984617 0.006106 0.571666 0.049661 4.500058 1.312266 9.225215 -15.638377 ./BAOfit_CATALPTCICz0.466G960S109224375.parabola.R-loc_scaled2.2-loc_scaled5.dat
1.000266 0.007152 0.685671 0.058084 7.354420 1.141460 23.683369 -22.798717 ./BAOfit_CATALPTCICz0.466G960S1093443331.parabola.R-loc_scaled2.2-loc_scaled5.dat
0.993260 0.007577 0.672375 0.060209 7.738880 1.211737 7.685382 -14.620793 ./BAOfit_CATALPTCICz0.466G960S110218404.parabola.R-loc_scaled2.2-loc_scaled5.dat
0.993454 0.006289 0.655448 0.047936 5.965738 0.984176 8.867373 -15.677660 ./BAOfit_CATALPTCICz0.466G960S1106086967.parabola.R-loc_scaled2.2-loc_scaled5.dat
0.996286 0.007122 0.679418 0.052655 6.455549 1.047809 10.890037 -16.613451 ./BAOfit_CATALPTCICz0.466G960S1125987812.parabola.R-loc_scaled2.2-loc_scaled5.dat
1.005934 0.007139 0.695350 0.057293 6.850681 1.118661 13.084228 -15.877899 ./BAOfit_CATALPTCICz0.466G960S1127858495.parabola.R-loc_scaled2.2-loc_scaled5.dat
0.988584 0.005642 0.745836 0.050888 7.477751 0.869141 13.431065 -18.391904 ./BAOfit_CATALPTCICz0.466G960S1133045298.parabola.R-loc_scaled2.2-loc_scaled5.dat
0.994365 0.007853 0.632306 0.054047 7.106744 1.117802 12.987697 -17.236599 ./BAOfit_CATALPTCICz0.466G960S1137451315.parabola.R-loc_scaled2.2-loc_scaled5.dat
0.978289 0.007957 0.737700 0.059755 8.288633 1.162131 13.133432 -17.160367 ./BAOfit_CATALPTCICz0.466G960S1141072742.parabola.R-loc_scaled2.2-loc_scaled5.dat
0.991558 0.006086 0.693790 0.050214 6.557181 0.968109 13.174929 -17.225763 ./BAOfit_CATALPTCICz0.466G960S114138117.parabola.R-loc_scaled2.2-loc_scaled5.dat
1.005430 0.005222 0.735056 0.047920 6.585103 0.856746 22.626011 -21.153000 ./BAOfit_CATALPTCICz0.466G960S114530336.parabola.R-loc_scaled2.2-loc_scaled5.dat
0.993339 0.007628 0.620881 0.057406 6.499504 1.290483 8.719515 -14.653588 ./BAOfit_CATALPTCICz0.466G960S1146279901.parabola.R-loc_scaled2.2-loc_scaled5.dat
1.010550 0.007802 0.759580 0.059984 8.291700 1.024365 12.176293 -16.529683 ./BAOfit_CATALPTCICz0.466G960S1158360484.parabola.R-loc_scaled2.2-loc_scaled5.dat
0.999169 0.009077 0.711563 0.070892 7.950509 1.391447 10.542512 -15.826833 ./BAOfit_CATALPTCICz0.466G960S1170957577.parabola.R-loc_scaled2.2-loc_scaled5.dat
0.996246 0.007794 0.740516 0.056536 7.728262 1.037192 13.226805 -17.442706 ./BAOfit_CATALPTCICz0.466G960S1171454456.parabola.R-loc_scaled2.2-loc_scaled5.dat
1.006303 0.006435 0.716352 0.052810 6.819077 0.995529 8.191167 -14.662218 ./BAOfit_CATALPTCICz0.466G960S1171565480.parabola.R-loc_scaled2.2-loc_scaled5.dat
0.997819 0.008940 0.629373 0.057608 7.451052 1.166139 17.541578 -18.991512 ./BAOfit_CATALPTCICz0.466G960S1172037969.parabola.R-loc_scaled2.2-loc_scaled5.dat
0.992970 0.005841 0.572162 0.053853 4.453026 1.545191 9.748094 -15.668661 ./BAOfit_CATALPTCICz0.466G960S1174369739.parabola.R-loc_scaled2.2-loc_scaled5.dat
0.998785 0.006082 0.701014 0.049677 6.632025 0.934030 21.639012 -21.696124 ./BAOfit_CATALPTCICz0.466G960S1181199745.parabola.R-loc_scaled2.2-loc_scaled5.dat
1.005321 0.007364 0.691932 0.055897 7.424827 1.080806 17.183480 -19.309161 ./BAOfit_CATALPTCICz0.466G960S1185626690.parabola.R-loc_scaled2.2-loc_scaled5.dat
0.997707 0.006960 0.678554 0.051439 7.075418 0.953833 17.297472 -19.788741 ./BAOfit_CATALPTCICz0.466G960S1186219234.parabola.R-loc_scaled2.2-loc_scaled5.dat
0.986701 0.008531 0.695023 0.058127 7.759998 1.132483 15.217506 -18.227182 ./BAOfit_CATALPTCICz0.466G960S119474585.parabola.R-loc_scaled2.2-loc_scaled5.dat
1.000136 0.007899 0.766061 0.063788 8.906082 1.108619 20.465560 -20.925509 ./BAOfit_CATALPTCICz0.466G960S1195299096.parabola.R-loc_scaled2.2-loc_scaled5.dat
1.007363 0.006251 0.699012 0.044183 5.902518 0.838674 13.542742 -17.870692 ./BAOfit_CATALPTCICz0.466G960S1199976579.parabola.R-loc_scaled2.2-loc_scaled5.dat
1.002541 0.006240 0.790998 0.055129 7.757177 0.949797 13.625698 -17.834351 ./BAOfit_CATALPTCICz0.466G960S12038904.parabola.R-loc_scaled2.2-loc_scaled5.dat
1.005657 0.006007 0.722766 0.049171 6.479261 0.904873 10.854041 -16.094590 ./BAOfit_CATALPTCICz0.466G960S1204015223.parabola.R-loc_scaled2.2-loc_scaled5.dat
0.998319 0.006591 0.794689 0.050433 7.905993 0.810492 15.737984 -19.208891 ./BAOfit_CATALPTCICz0.466G960S1207029981.parabola.R-loc_scaled2.2-loc_scaled5.dat
1.001215 0.007220 0.722009 0.054589 7.305012 0.984680 8.084211 -14.622698 ./BAOfit_CATALPTCICz0.466G960S120803028.parabola.R-loc_scaled2.2-loc_scaled5.dat
0.997684 0.007258 0.671476 0.052243 6.749665 0.992305 15.238466 -18.624789 ./BAOfit_CATALPTCICz0.466G960S1217214358.parabola.R-loc_scaled2.2-loc_scaled5.dat
0.993804 0.004829 0.714183 0.041064 5.431398 0.780980 18.326752 -21.299713 ./BAOfit_CATALPTCICz0.466G960S1220375783.parabola.R-loc_scaled2.2-loc_scaled5.dat
0.995279 0.006264 0.648128 0.047567 5.632150 1.007392 10.828847 -16.622816 ./BAOfit_CATALPTCICz0.466G960S1227150384.parabola.R-loc_scaled2.2-loc_scaled5.dat
0.990759 0.006885 0.705699 0.054477 7.068408 1.091986 10.063846 -15.622016 ./BAOfit_CATALPTCICz0.466G960S1230019393.parabola.R-loc_scaled2.2-loc_scaled5.dat
0.990996 0.005591 0.729118 0.048734 7.304313 0.843242 19.345555 -21.063060 ./BAOfit_CATALPTCICz0.466G960S1234010326.parabola.R-loc_scaled2.2-loc_scaled5.dat
0.997760 0.006756 0.722717 0.066861 7.826544 1.320174 18.150537 -18.499704 ./BAOfit_CATALPTCICz0.466G960S1234469845.parabola.R-loc_scaled2.2-loc_scaled5.dat
0.997826 0.006436 0.634742 0.048663 5.408374 1.070755 9.342690 -16.045091 ./BAOfit_CATALPTCICz0.466G960S1239671138.parabola.R-loc_scaled2.2-loc_scaled5.dat
1.002128 0.007389 0.588080 0.055849 5.560198 1.296861 9.018156 -15.431640 ./BAOfit_CATALPTCICz0.466G960S1239847718.parabola.R-loc_scaled2.2-loc_scaled5.dat
0.995370 0.007460 0.825066 0.078146 9.248930 1.358101 15.698449 -18.459259 ./BAOfit_CATALPTCICz0.466G960S1244453196.parabola.R-loc_scaled2.2-loc_scaled5.dat
1.000736 0.006681 0.743293 0.053929 7.819316 0.947376 15.422100 -18.570424 ./BAOfit_CATALPTCICz0.466G960S1248755586.parabola.R-loc_scaled2.2-loc_scaled5.dat
0.995210 0.008831 0.626128 0.068870 7.502760 1.514345 11.116129 -16.203371 ./BAOfit_CATALPTCICz0.466G960S1256484261.parabola.R-loc_scaled2.2-loc_scaled5.dat
1.003622 0.005561 0.667100 0.042831 5.342681 0.890085 9.608256 -16.520636 ./BAOfit_CATALPTCICz0.466G960S1258770686.parabola.R-loc_scaled2.2-loc_scaled5.dat
1.001798 0.006044 0.704370 0.049335 6.252507 0.978133 8.768995 -15.744833 ./BAOfit_CATALPTCICz0.466G960S1258809628.parabola.R-loc_scaled2.2-loc_scaled5.dat
0.991870 0.005406 0.762151 0.050931 7.558942 0.854184 10.280650 -16.913475 ./BAOfit_CATALPTCICz0.466G960S1259830409.parabola.R-loc_scaled2.2-loc_scaled5.dat
1.002810 0.006177 0.753248 0.060235 7.614836 1.111426 10.053501 -15.385504 ./BAOfit_CATALPTCICz0.466G960S1263047563.parabola.R-loc_scaled2.2-loc_scaled5.dat
1.012861 0.011459 0.701291 0.087818 9.180705 1.574664 15.034600 -17.449695 ./BAOfit_CATALPTCICz0.466G960S1268113228.parabola.R-loc_scaled2.2-loc_scaled5.dat
0.989729 0.008686 0.657181 0.057582 6.960495 1.228222 17.054749 -18.448796 ./BAOfit_CATALPTCICz0.466G960S1270858461.parabola.R-loc_scaled2.2-loc_scaled5.dat
0.994641 0.007337 0.682862 0.066383 7.700088 1.345679 12.961943 -16.645316 ./BAOfit_CATALPTCICz0.466G960S1280289475.parabola.R-loc_scaled2.2-loc_scaled5.dat
0.982903 0.006011 0.747847 0.056615 7.750534 1.036107 12.193416 -17.555130 ./BAOfit_CATALPTCICz0.466G960S1281268081.parabola.R-loc_scaled2.2-loc_scaled5.dat
0.998130 0.007390 0.701305 0.053414 6.851832 0.996585 12.109552 -16.872036 ./BAOfit_CATALPTCICz0.466G960S128282312.parabola.R-loc_scaled2.2-loc_scaled5.dat
1.003952 0.007147 0.669855 0.054527 6.220769 1.191494 10.132202 -15.281455 ./BAOfit_CATALPTCICz0.466G960S1288612254.parabola.R-loc_scaled2.2-loc_scaled5.dat
1.008001 0.006747 0.771837 0.070591 8.555314 1.255271 6.427033 -13.715690 ./BAOfit_CATALPTCICz0.466G960S1289209941.parabola.R-loc_scaled2.2-loc_scaled5.dat
1.004438 0.009707 0.807495 0.102010 10.480805 1.696146 16.850097 -18.633098 ./BAOfit_CATALPTCICz0.466G960S129085296.parabola.R-loc_scaled2.2-loc_scaled5.dat
1.011536 0.007114 0.671737 0.052669 6.216843 1.007103 11.684354 -16.326971 ./BAOfit_CATALPTCICz0.466G960S1297059670.parabola.R-loc_scaled2.2-loc_scaled5.dat
1.008926 0.007201 0.785398 0.064738 8.095212 1.088868 11.563123 -16.288446 ./BAOfit_CATALPTCICz0.466G960S1298116322.parabola.R-loc_scaled2.2-loc_scaled5.dat
1.010435 0.007208 0.730628 0.072336 7.952304 1.415345 14.639094 -17.394728 ./BAOfit_CATALPTCICz0.466G960S1307519435.parabola.R-loc_scaled2.2-loc_scaled5.dat
1.010705 0.007191 0.758679 0.054401 7.410819 0.934843 14.060130 -18.379650 ./BAOfit_CATALPTCICz0.466G960S1309204403.parabola.R-loc_scaled2.2-loc_scaled5.dat
0.998130 0.007731 0.672468 0.053434 6.694407 1.043587 13.418612 -17.620710 ./BAOfit_CATALPTCICz0.466G960S1314091411.parabola.R-loc_scaled2.2-loc_scaled5.dat
1.007098 0.008926 0.713222 0.078214 8.182816 1.530221 9.628528 -14.512635 ./BAOfit_CATALPTCICz0.466G960S131638539.parabola.R-loc_scaled2.2-loc_scaled5.dat
1.001916 0.007652 0.704433 0.053803 7.239628 0.994011 11.211548 -16.195858 ./BAOfit_CATALPTCICz0.466G960S1319224709.parabola.R-loc_scaled2.2-loc_scaled5.dat
0.992906 0.007209 0.741259 0.061904 8.320286 1.164618 8.798985 -15.035146 ./BAOfit_CATALPTCICz0.466G960S1322514347.parabola.R-loc_scaled2.2-loc_scaled5.dat
1.004103 0.006971 0.851204 0.074895 9.748271 1.173913 19.346246 -20.440430 ./BAOfit_CATALPTCICz0.466G960S1322583197.parabola.R-loc_scaled2.2-loc_scaled5.dat
1.002376 0.006025 0.697028 0.051917 6.629604 1.020892 13.006908 -17.824006 ./BAOfit_CATALPTCICz0.466G960S1322632840.parabola.R-loc_scaled2.2-loc_scaled5.dat
1.012544 0.005926 0.794918 0.051790 7.327994 0.868464 5.975180 -14.720645 ./BAOfit_CATALPTCICz0.466G960S1324434178.parabola.R-loc_scaled2.2-loc_scaled5.dat
0.987998 0.006460 0.694343 0.063433 7.542962 1.258408 11.709635 -16.525891 ./BAOfit_CATALPTCICz0.466G960S1326884166.parabola.R-loc_scaled2.2-loc_scaled5.dat
0.993250 0.007934 0.653807 0.054266 6.477256 1.148744 14.079623 -17.218524 ./BAOfit_CATALPTCICz0.466G960S1333819401.parabola.R-loc_scaled2.2-loc_scaled5.dat
1.001638 0.006912 0.737109 0.056272 7.234178 1.066880 20.275980 -21.153817 ./BAOfit_CATALPTCICz0.466G960S1351095374.parabola.R-loc_scaled2.2-loc_scaled5.dat
1.002252 0.006902 0.665276 0.060551 6.956010 1.213213 9.840907 -14.895068 ./BAOfit_CATALPTCICz0.466G960S135251945.parabola.R-loc_scaled2.2-loc_scaled5.dat
0.997514 0.010998 0.675825 0.087392 7.973517 1.804204 15.602780 -18.012897 ./BAOfit_CATALPTCICz0.466G960S1354772842.parabola.R-loc_scaled2.2-loc_scaled5.dat
0.996242 0.007756 0.733976 0.059403 8.346142 1.068974 18.784482 -19.177359 ./BAOfit_CATALPTCICz0.466G960S1366706407.parabola.R-loc_scaled2.2-loc_scaled5.dat
0.997065 0.006428 0.764759 0.062268 7.776307 1.165426 12.516030 -17.316484 ./BAOfit_CATALPTCICz0.466G960S1371964287.parabola.R-loc_scaled2.2-loc_scaled5.dat
1.006946 0.007180 0.671769 0.055304 6.703082 1.101477 14.633740 -18.453382 ./BAOfit_CATALPTCICz0.466G960S1382842514.parabola.R-loc_scaled2.2-loc_scaled5.dat
0.992614 0.005706 0.704171 0.045252 5.962187 0.850683 11.960265 -17.475713 ./BAOfit_CATALPTCICz0.466G960S1383769323.parabola.R-loc_scaled2.2-loc_scaled5.dat
1.005770 0.006182 0.788070 0.061157 7.918616 1.031757 11.732958 -16.873642 ./BAOfit_CATALPTCICz0.466G960S1388004398.parabola.R-loc_scaled2.2-loc_scaled5.dat
1.001595 0.008338 0.633803 0.058741 6.755759 1.238290 10.731002 -15.244039 ./BAOfit_CATALPTCICz0.466G960S1394568690.parabola.R-loc_scaled2.2-loc_scaled5.dat
0.998409 0.005704 0.707164 0.051380 6.391500 1.014531 14.042508 -18.668777 ./BAOfit_CATALPTCICz0.466G960S1395978271.parabola.R-loc_scaled2.2-loc_scaled5.dat
1.011289 0.007034 0.622628 0.054931 5.908970 1.177120 5.573817 -13.697549 ./BAOfit_CATALPTCICz0.466G960S139648886.parabola.R-loc_scaled2.2-loc_scaled5.dat
0.996995 0.007039 0.733362 0.059934 8.154508 1.089269 9.926865 -16.049599 ./BAOfit_CATALPTCICz0.466G960S1399725380.parabola.R-loc_scaled2.2-loc_scaled5.dat
0.998932 0.006997 0.740772 0.058858 7.913381 1.069852 18.387138 -19.684788 ./BAOfit_CATALPTCICz0.466G960S1402382235.parabola.R-loc_scaled2.2-loc_scaled5.dat
1.005348 0.005779 0.756903 0.054730 7.366841 0.997670 19.394618 -20.629755 ./BAOfit_CATALPTCICz0.466G960S1409783393.parabola.R-loc_scaled2.2-loc_scaled5.dat
0.998253 0.005870 0.622259 0.046345 4.819167 1.071179 9.902308 -16.500431 ./BAOfit_CATALPTCICz0.466G960S1409803201.parabola.R-loc_scaled2.2-loc_scaled5.dat
0.999602 0.007189 0.648317 0.051418 6.146296 1.092197 10.400245 -16.384613 ./BAOfit_CATALPTCICz0.466G960S1412768225.parabola.R-loc_scaled2.2-loc_scaled5.dat
0.994919 0.008005 0.741141 0.064478 8.315218 1.216082 7.454893 -14.472433 ./BAOfit_CATALPTCICz0.466G960S1415001107.parabola.R-loc_scaled2.2-loc_scaled5.dat
0.993613 0.007787 0.784863 0.068918 8.632707 1.169331 14.402786 -18.073299 ./BAOfit_CATALPTCICz0.466G960S1419734074.parabola.R-loc_scaled2.2-loc_scaled5.dat
1.015000 0.008176 0.731103 0.064140 8.029843 1.152190 13.021469 -17.163131 ./BAOfit_CATALPTCICz0.466G960S1428348139.parabola.R-loc_scaled2.2-loc_scaled5.dat
0.999133 0.006036 0.680288 0.050396 6.357022 0.963211 11.917008 -17.245905 ./BAOfit_CATALPTCICz0.466G960S1431773317.parabola.R-loc_scaled2.2-loc_scaled5.dat
0.998983 0.007386 0.658384 0.054389 6.375746 1.108953 9.572719 -15.658857 ./BAOfit_CATALPTCICz0.466G960S1440768444.parabola.R-loc_scaled2.2-loc_scaled5.dat
0.993707 0.006015 0.686085 0.050956 6.284645 1.022451 18.928059 -20.010664 ./BAOfit_CATALPTCICz0.466G960S1448773697.parabola.R-loc_scaled2.2-loc_scaled5.dat
0.991454 0.007153 0.776606 0.061475 8.575496 1.079944 13.708986 -17.297422 ./BAOfit_CATALPTCICz0.466G960S1450112253.parabola.R-loc_scaled2.2-loc_scaled5.dat
1.002779 0.006454 0.866447 0.088011 10.075440 1.444312 11.316492 -16.127016 ./BAOfit_CATALPTCICz0.466G960S1453713702.parabola.R-loc_scaled2.2-loc_scaled5.dat
1.005766 0.008237 0.808541 0.061335 8.567554 1.011202 13.880866 -17.703131 ./BAOfit_CATALPTCICz0.466G960S1456002624.parabola.R-loc_scaled2.2-loc_scaled5.dat
0.983158 0.006871 0.731662 0.052289 7.781925 0.996601 8.023691 -14.884485 ./BAOfit_CATALPTCICz0.466G960S1456666474.parabola.R-loc_scaled2.2-loc_scaled5.dat
0.997466 0.007343 0.702977 0.048839 6.854318 0.894844 21.826862 -22.218023 ./BAOfit_CATALPTCICz0.466G960S1458854362.parabola.R-loc_scaled2.2-loc_scaled5.dat
1.000643 0.007056 0.621798 0.060957 6.314365 1.391194 9.820705 -15.456013 ./BAOfit_CATALPTCICz0.466G960S1460458991.parabola.R-loc_scaled2.2-loc_scaled5.dat
0.994831 0.006851 0.750131 0.053815 7.736573 0.906638 13.249678 -17.857929 ./BAOfit_CATALPTCICz0.466G960S1461404473.parabola.R-loc_scaled2.2-loc_scaled5.dat
0.988557 0.006127 0.737621 0.051800 6.837010 0.962429 13.554085 -17.924063 ./BAOfit_CATALPTCICz0.466G960S1464148224.parabola.R-loc_scaled2.2-loc_scaled5.dat
0.998593 0.006734 0.737962 0.049969 7.014651 0.877840 20.917808 -21.606760 ./BAOfit_CATALPTCICz0.466G960S1464730320.parabola.R-loc_scaled2.2-loc_scaled5.dat
1.007875 0.008741 0.701976 0.062367 7.318093 1.151523 11.764248 -16.897713 ./BAOfit_CATALPTCICz0.466G960S1465045993.parabola.R-loc_scaled2.2-loc_scaled5.dat
1.002094 0.009198 0.641462 0.061985 6.996864 1.295155 14.351426 -17.728693 ./BAOfit_CATALPTCICz0.466G960S1465720003.parabola.R-loc_scaled2.2-loc_scaled5.dat
1.010196 0.007026 0.819217 0.060572 8.066407 0.984943 17.296641 -19.448391 ./BAOfit_CATALPTCICz0.466G960S1475223854.parabola.R-loc_scaled2.2-loc_scaled5.dat
1.001940 0.006309 0.738874 0.048270 6.769184 0.852445 20.461946 -21.965590 ./BAOfit_CATALPTCICz0.466G960S1477629105.parabola.R-loc_scaled2.2-loc_scaled5.dat
1.005897 0.007374 0.599399 0.048969 5.545141 1.069204 13.486525 -17.697445 ./BAOfit_CATALPTCICz0.466G960S1478198992.parabola.R-loc_scaled2.2-loc_scaled5.dat
1.002772 0.007965 0.700661 0.064170 7.196092 1.264232 13.879881 -17.983726 ./BAOfit_CATALPTCICz0.466G960S1483355713.parabola.R-loc_scaled2.2-loc_scaled5.dat
0.999654 0.006903 0.708341 0.049634 6.959571 0.929739 15.286708 -18.954162 ./BAOfit_CATALPTCICz0.466G960S1484324254.parabola.R-loc_scaled2.2-loc_scaled5.dat
1.003867 0.007994 0.612713 0.053938 6.583394 1.092705 21.601541 -21.660436 ./BAOfit_CATALPTCICz0.466G960S1491462483.parabola.R-loc_scaled2.2-loc_scaled5.dat
1.021686 0.006998 0.745701 0.060236 6.976349 1.091655 5.892686 -13.960236 ./BAOfit_CATALPTCICz0.466G960S1493091666.parabola.R-loc_scaled2.2-loc_scaled5.dat
1.006033 0.007023 0.712163 0.062723 7.463519 1.187617 7.858204 -13.738240 ./BAOfit_CATALPTCICz0.466G960S1493867854.parabola.R-loc_scaled2.2-loc_scaled5.dat
0.995856 0.005784 0.704271 0.047302 5.840456 0.928993 22.651441 -22.893624 ./BAOfit_CATALPTCICz0.466G960S1497004141.parabola.R-loc_scaled2.2-loc_scaled5.dat
0.996424 0.006002 0.704749 0.049393 6.381806 0.944496 13.623470 -18.426873 ./BAOfit_CATALPTCICz0.466G960S1500256497.parabola.R-loc_scaled2.2-loc_scaled5.dat
0.996967 0.005918 0.640411 0.046648 5.551579 0.962333 21.407187 -22.262823 ./BAOfit_CATALPTCICz0.466G960S1503770694.parabola.R-loc_scaled2.2-loc_scaled5.dat
1.007147 0.006277 0.730461 0.049129 6.860749 0.877804 9.848167 -16.035156 ./BAOfit_CATALPTCICz0.466G960S1520182503.parabola.R-loc_scaled2.2-loc_scaled5.dat
0.991660 0.006433 0.652063 0.051899 6.843168 1.011326 29.723852 -24.365709 ./BAOfit_CATALPTCICz0.466G960S1524490253.parabola.R-loc_scaled2.2-loc_scaled5.dat
1.000853 0.007101 0.708842 0.053654 6.687754 1.025858 16.110308 -19.369093 ./BAOfit_CATALPTCICz0.466G960S1530445319.parabola.R-loc_scaled2.2-loc_scaled5.dat
0.992076 0.006344 0.757031 0.057499 8.530788 0.997811 10.357332 -15.511246 ./BAOfit_CATALPTCICz0.466G960S1534617702.parabola.R-loc_scaled2.2-loc_scaled5.dat
0.999729 0.006726 0.747105 0.058754 7.139801 1.141169 17.147723 -19.322945 ./BAOfit_CATALPTCICz0.466G960S153701285.parabola.R-loc_scaled2.2-loc_scaled5.dat
1.001491 0.007042 0.786465 0.050335 7.564361 0.831343 15.424807 -18.187529 ./BAOfit_CATALPTCICz0.466G960S1539764651.parabola.R-loc_scaled2.2-loc_scaled5.dat
1.001280 0.005636 0.803791 0.056612 7.927345 0.965562 12.272605 -17.679101 ./BAOfit_CATALPTCICz0.466G960S1541229556.parabola.R-loc_scaled2.2-loc_scaled5.dat
1.003671 0.007427 0.707082 0.062025 7.659553 1.232452 7.438945 -14.120543 ./BAOfit_CATALPTCICz0.466G960S1547631430.parabola.R-loc_scaled2.2-loc_scaled5.dat
0.992580 0.007783 0.598758 0.061278 6.324114 1.438547 13.485627 -17.287973 ./BAOfit_CATALPTCICz0.466G960S154946453.parabola.R-loc_scaled2.2-loc_scaled5.dat
0.989088 0.007530 0.675880 0.052679 6.391712 1.088203 23.926685 -22.786704 ./BAOfit_CATALPTCICz0.466G960S1550262552.parabola.R-loc_scaled2.2-loc_scaled5.dat
1.016165 0.007968 0.675920 0.060328 7.406626 1.088576 13.225311 -17.339200 ./BAOfit_CATALPTCICz0.466G960S15506434.parabola.R-loc_scaled2.2-loc_scaled5.dat
1.003027 0.006061 0.709917 0.063673 7.020919 1.269563 12.728756 -17.272637 ./BAOfit_CATALPTCICz0.466G960S1555553448.parabola.R-loc_scaled2.2-loc_scaled5.dat
0.999320 0.009134 0.648992 0.057069 7.370659 1.054907 22.439406 -21.845636 ./BAOfit_CATALPTCICz0.466G960S1558327320.parabola.R-loc_scaled2.2-loc_scaled5.dat
1.011433 0.006645 0.671132 0.054970 6.392467 1.098730 14.285169 -18.522564 ./BAOfit_CATALPTCICz0.466G960S1560492804.parabola.R-loc_scaled2.2-loc_scaled5.dat
0.997040 0.005640 0.692411 0.049036 6.307344 0.970883 4.396217 -12.338682 ./BAOfit_CATALPTCICz0.466G960S1565417923.parabola.R-loc_scaled2.2-loc_scaled5.dat
1.015819 0.007953 0.721242 0.061340 7.786451 1.128605 12.800523 -16.256900 ./BAOfit_CATALPTCICz0.466G960S1565862370.parabola.R-loc_scaled2.2-loc_scaled5.dat
0.995817 0.006347 0.670139 0.050558 6.303924 1.003723 10.452516 -16.477364 ./BAOfit_CATALPTCICz0.466G960S1568076568.parabola.R-loc_scaled2.2-loc_scaled5.dat
0.994113 0.006435 0.730044 0.054270 7.409646 0.998057 5.185892 -14.020434 ./BAOfit_CATALPTCICz0.466G960S1569188286.parabola.R-loc_scaled2.2-loc_scaled5.dat
0.997390 0.008236 0.730011 0.063914 8.277717 1.199663 9.233811 -15.026273 ./BAOfit_CATALPTCICz0.466G960S1577805580.parabola.R-loc_scaled2.2-loc_scaled5.dat
0.991814 0.006059 0.697757 0.051005 6.596318 0.951364 8.007396 -15.541470 ./BAOfit_CATALPTCICz0.466G960S1579594552.parabola.R-loc_scaled2.2-loc_scaled5.dat
0.994373 0.006171 0.699886 0.052732 6.308292 1.064440 8.757659 -15.475369 ./BAOfit_CATALPTCICz0.466G960S1586223277.parabola.R-loc_scaled2.2-loc_scaled5.dat
1.001613 0.006696 0.728408 0.071269 7.883593 1.354876 16.273103 -18.800540 ./BAOfit_CATALPTCICz0.466G960S1594480644.parabola.R-loc_scaled2.2-loc_scaled5.dat
0.999200 0.005929 0.781963 0.051585 7.483710 0.867761 8.585340 -15.505802 ./BAOfit_CATALPTCICz0.466G960S1601254869.parabola.R-loc_scaled2.2-loc_scaled5.dat
0.989993 0.006731 0.650975 0.052540 6.675944 1.029266 10.337140 -15.764242 ./BAOfit_CATALPTCICz0.466G960S1602453706.parabola.R-loc_scaled2.2-loc_scaled5.dat
0.989218 0.005160 0.761097 0.055563 7.772628 0.983119 17.166127 -18.876147 ./BAOfit_CATALPTCICz0.466G960S1606030092.parabola.R-loc_scaled2.2-loc_scaled5.dat
0.990300 0.005948 0.689218 0.052084 6.633302 1.000178 13.480143 -18.077134 ./BAOfit_CATALPTCICz0.466G960S1612241734.parabola.R-loc_scaled2.2-loc_scaled5.dat
1.011992 0.006573 0.710410 0.053261 6.815712 1.039338 12.283450 -17.049806 ./BAOfit_CATALPTCICz0.466G960S1618016355.parabola.R-loc_scaled2.2-loc_scaled5.dat
0.994986 0.006291 0.641920 0.046163 5.698529 0.987758 12.110925 -16.765442 ./BAOfit_CATALPTCICz0.466G960S1618325649.parabola.R-loc_scaled2.2-loc_scaled5.dat
0.994696 0.006763 0.730405 0.056354 7.457885 1.021189 11.282890 -16.796290 ./BAOfit_CATALPTCICz0.466G960S162548710.parabola.R-loc_scaled2.2-loc_scaled5.dat
0.995671 0.005382 0.756624 0.049246 7.349807 0.862993 10.005360 -16.797265 ./BAOfit_CATALPTCICz0.466G960S1626267889.parabola.R-loc_scaled2.2-loc_scaled5.dat
0.996131 0.005610 0.740388 0.051614 6.858157 0.957726 10.538933 -16.689410 ./BAOfit_CATALPTCICz0.466G960S1626900649.parabola.R-loc_scaled2.2-loc_scaled5.dat
1.006343 0.009736 0.703723 0.058719 7.852215 1.032699 20.903947 -21.157018 ./BAOfit_CATALPTCICz0.466G960S1638675616.parabola.R-loc_scaled2.2-loc_scaled5.dat
0.996108 0.006786 0.667645 0.048948 6.277635 1.014426 8.068692 -15.173892 ./BAOfit_CATALPTCICz0.466G960S1644127019.parabola.R-loc_scaled2.2-loc_scaled5.dat
0.988971 0.006374 0.668968 0.050327 6.305717 1.016028 17.825367 -19.128893 ./BAOfit_CATALPTCICz0.466G960S1644659903.parabola.R-loc_scaled2.2-loc_scaled5.dat
0.999914 0.007765 0.686293 0.052391 6.952452 1.000159 17.146001 -19.135457 ./BAOfit_CATALPTCICz0.466G960S1656249224.parabola.R-loc_scaled2.2-loc_scaled5.dat
0.997794 0.006073 0.686540 0.050484 6.564766 0.960149 7.664011 -14.656438 ./BAOfit_CATALPTCICz0.466G960S1658015962.parabola.R-loc_scaled2.2-loc_scaled5.dat
0.995733 0.008112 0.807179 0.066415 9.134285 1.127577 16.861696 -18.909286 ./BAOfit_CATALPTCICz0.466G960S1658333848.parabola.R-loc_scaled2.2-loc_scaled5.dat
1.002972 0.009876 0.670767 0.066838 7.608531 1.363898 14.672679 -17.391619 ./BAOfit_CATALPTCICz0.466G960S1664538145.parabola.R-loc_scaled2.2-loc_scaled5.dat
1.000545 0.007274 0.659775 0.053348 6.664333 1.055647 7.326719 -14.894925 ./BAOfit_CATALPTCICz0.466G960S1672261505.parabola.R-loc_scaled2.2-loc_scaled5.dat
0.993723 0.006429 0.564588 0.046391 4.542840 1.177065 30.918251 -26.631414 ./BAOfit_CATALPTCICz0.466G960S167373079.parabola.R-loc_scaled2.2-loc_scaled5.dat
0.999016 0.005891 0.756664 0.049259 6.932558 0.881305 7.996719 -15.285827 ./BAOfit_CATALPTCICz0.466G960S1675546508.parabola.R-loc_scaled2.2-loc_scaled5.dat
0.992963 0.006062 0.737156 0.053293 7.242498 1.016445 13.919313 -18.144316 ./BAOfit_CATALPTCICz0.466G960S1679333461.parabola.R-loc_scaled2.2-loc_scaled5.dat
1.004043 0.006147 0.758747 0.053627 7.409931 0.960547 25.802782 -23.170143 ./BAOfit_CATALPTCICz0.466G960S1685847119.parabola.R-loc_scaled2.2-loc_scaled5.dat
1.005468 0.010072 0.836558 0.081716 9.696023 1.300921 8.162213 -13.780524 ./BAOfit_CATALPTCICz0.466G960S1695327302.parabola.R-loc_scaled2.2-loc_scaled5.dat
0.998850 0.007285 0.610419 0.056046 6.021227 1.265681 6.546036 -14.268672 ./BAOfit_CATALPTCICz0.466G960S1697695752.parabola.R-loc_scaled2.2-loc_scaled5.dat
1.007078 0.008521 0.656440 0.052642 6.923193 0.950055 26.586316 -24.442547 ./BAOfit_CATALPTCICz0.466G960S1701633369.parabola.R-loc_scaled2.2-loc_scaled5.dat
0.998518 0.005457 0.759490 0.051922 6.824439 0.941027 11.601430 -17.247378 ./BAOfit_CATALPTCICz0.466G960S1702508998.parabola.R-loc_scaled2.2-loc_scaled5.dat
1.002877 0.005271 0.804378 0.062923 8.100655 1.075299 13.134469 -17.779640 ./BAOfit_CATALPTCICz0.466G960S1704728487.parabola.R-loc_scaled2.2-loc_scaled5.dat
0.992692 0.005600 0.935245 0.107819 11.189277 1.595809 16.551783 -18.799904 ./BAOfit_CATALPTCICz0.466G960S1711891480.parabola.R-loc_scaled2.2-loc_scaled5.dat
1.011396 0.008043 0.724903 0.063554 7.914748 1.176898 10.294021 -15.770164 ./BAOfit_CATALPTCICz0.466G960S1713934780.parabola.R-loc_scaled2.2-loc_scaled5.dat
0.998365 0.006942 0.686744 0.049492 7.154557 0.926519 24.596733 -23.719136 ./BAOfit_CATALPTCICz0.466G960S1715693657.parabola.R-loc_scaled2.2-loc_scaled5.dat
1.004182 0.006826 0.689660 0.049026 6.431211 0.926376 21.157134 -21.436700 ./BAOfit_CATALPTCICz0.466G960S171707647.parabola.R-loc_scaled2.2-loc_scaled5.dat
0.990677 0.005459 0.719621 0.046832 6.798407 0.874353 16.119050 -19.336168 ./BAOfit_CATALPTCICz0.466G960S1723267773.parabola.R-loc_scaled2.2-loc_scaled5.dat
1.006060 0.005416 0.725062 0.043500 5.958209 0.786119 16.211938 -19.958487 ./BAOfit_CATALPTCICz0.466G960S1725903597.parabola.R-loc_scaled2.2-loc_scaled5.dat
0.997897 0.006574 0.696493 0.049282 6.919789 0.910505 12.905094 -17.886213 ./BAOfit_CATALPTCICz0.466G960S1727189069.parabola.R-loc_scaled2.2-loc_scaled5.dat
1.010160 0.007550 0.750576 0.049219 7.177515 0.857741 18.061456 -20.108818 ./BAOfit_CATALPTCICz0.466G960S1737359640.parabola.R-loc_scaled2.2-loc_scaled5.dat
1.002199 0.007778 0.734524 0.063988 8.001834 1.160162 11.881227 -16.270531 ./BAOfit_CATALPTCICz0.466G960S1740263594.parabola.R-loc_scaled2.2-loc_scaled5.dat
0.994885 0.007009 0.708739 0.055398 7.345362 1.057747 9.189956 -15.771110 ./BAOfit_CATALPTCICz0.466G960S174282346.parabola.R-loc_scaled2.2-loc_scaled5.dat
1.002552 0.006852 0.737327 0.052587 7.108744 1.005601 9.482531 -16.091392 ./BAOfit_CATALPTCICz0.466G960S1743301054.parabola.R-loc_scaled2.2-loc_scaled5.dat
0.992951 0.006183 0.666990 0.048848 6.437419 0.961232 14.382449 -18.435842 ./BAOfit_CATALPTCICz0.466G960S1743787751.parabola.R-loc_scaled2.2-loc_scaled5.dat
1.000823 0.008235 0.665695 0.053436 7.053060 1.066772 12.615647 -17.063938 ./BAOfit_CATALPTCICz0.466G960S1744549135.parabola.R-loc_scaled2.2-loc_scaled5.dat
0.984669 0.008851 0.656984 0.054921 7.428645 1.112563 35.946860 -28.767979 ./BAOfit_CATALPTCICz0.466G960S1744581821.parabola.R-loc_scaled2.2-loc_scaled5.dat
0.991473 0.007197 0.621115 0.050914 6.387322 1.060267 16.718650 -19.575980 ./BAOfit_CATALPTCICz0.466G960S1749262205.parabola.R-loc_scaled2.2-loc_scaled5.dat
1.002940 0.007052 0.641930 0.050339 6.067109 1.039791 9.899652 -15.864647 ./BAOfit_CATALPTCICz0.466G960S1756130434.parabola.R-loc_scaled2.2-loc_scaled5.dat
1.012878 0.007639 0.716519 0.056359 7.201596 1.040767 10.051785 -16.038425 ./BAOfit_CATALPTCICz0.466G960S1760383790.parabola.R-loc_scaled2.2-loc_scaled5.dat
0.997803 0.005948 0.632393 0.047485 5.149115 1.035367 12.776433 -17.795636 ./BAOfit_CATALPTCICz0.466G960S1770366598.parabola.R-loc_scaled2.2-loc_scaled5.dat
0.995723 0.006631 0.635350 0.047915 5.852718 0.993512 10.041335 -16.098882 ./BAOfit_CATALPTCICz0.466G960S1770670323.parabola.R-loc_scaled2.2-loc_scaled5.dat
0.991378 0.005684 0.764018 0.051081 7.720198 0.861047 18.252653 -19.238840 ./BAOfit_CATALPTCICz0.466G960S1771711424.parabola.R-loc_scaled2.2-loc_scaled5.dat
1.001751 0.008364 0.778396 0.069594 8.851625 1.196108 11.204971 -15.326991 ./BAOfit_CATALPTCICz0.466G960S1772675197.parabola.R-loc_scaled2.2-loc_scaled5.dat
0.991367 0.005044 0.702762 0.044456 5.693583 0.865439 14.360414 -19.109510 ./BAOfit_CATALPTCICz0.466G960S1782425948.parabola.R-loc_scaled2.2-loc_scaled5.dat
0.994071 0.006099 0.708700 0.047814 6.502697 0.856879 18.339860 -20.531738 ./BAOfit_CATALPTCICz0.466G960S1785443117.parabola.R-loc_scaled2.2-loc_scaled5.dat
0.999185 0.007904 0.697473 0.059481 7.662639 1.149888 17.985155 -19.766067 ./BAOfit_CATALPTCICz0.466G960S1788807700.parabola.R-loc_scaled2.2-loc_scaled5.dat
0.993194 0.007552 0.703294 0.063755 8.009763 1.262756 16.837895 -18.015352 ./BAOfit_CATALPTCICz0.466G960S1790390939.parabola.R-loc_scaled2.2-loc_scaled5.dat
0.999472 0.006008 0.655615 0.045952 5.765488 0.951527 6.591319 -14.681146 ./BAOfit_CATALPTCICz0.466G960S1791254840.parabola.R-loc_scaled2.2-loc_scaled5.dat
1.005105 0.008215 0.713040 0.057919 7.644168 1.157242 16.086592 -18.351156 ./BAOfit_CATALPTCICz0.466G960S1800222736.parabola.R-loc_scaled2.2-loc_scaled5.dat
1.010607 0.006691 0.629683 0.054247 5.956253 1.129811 16.108757 -19.202530 ./BAOfit_CATALPTCICz0.466G960S1802824187.parabola.R-loc_scaled2.2-loc_scaled5.dat
0.992500 0.007608 0.645815 0.052746 6.953659 1.035360 16.683560 -19.020903 ./BAOfit_CATALPTCICz0.466G960S1809776849.parabola.R-loc_scaled2.2-loc_scaled5.dat
1.009874 0.007141 0.652135 0.052804 6.696491 1.042856 15.264011 -18.105609 ./BAOfit_CATALPTCICz0.466G960S1810085583.parabola.R-loc_scaled2.2-loc_scaled5.dat
0.988740 0.008291 0.657088 0.065009 7.687562 1.364464 6.410154 -13.379838 ./BAOfit_CATALPTCICz0.466G960S1812604238.parabola.R-loc_scaled2.2-loc_scaled5.dat
0.996744 0.008161 0.744336 0.069659 9.006015 1.214517 11.137857 -15.359328 ./BAOfit_CATALPTCICz0.466G960S1813530111.parabola.R-loc_scaled2.2-loc_scaled5.dat
1.003934 0.005690 0.715698 0.052291 6.355749 0.976522 17.525308 -19.965315 ./BAOfit_CATALPTCICz0.466G960S1816293269.parabola.R-loc_scaled2.2-loc_scaled5.dat
1.008551 0.006901 0.714683 0.054060 7.125178 1.003112 19.735923 -20.520069 ./BAOfit_CATALPTCICz0.466G960S1820743566.parabola.R-loc_scaled2.2-loc_scaled5.dat
0.993299 0.007236 0.661700 0.051502 6.700753 1.058788 16.167326 -18.496538 ./BAOfit_CATALPTCICz0.466G960S1828307802.parabola.R-loc_scaled2.2-loc_scaled5.dat
1.000154 0.006882 0.733569 0.051165 7.066075 0.919223 8.411181 -15.202346 ./BAOfit_CATALPTCICz0.466G960S1838873437.parabola.R-loc_scaled2.2-loc_scaled5.dat
1.000332 0.006772 0.730886 0.053792 7.505803 0.969852 22.771685 -20.722102 ./BAOfit_CATALPTCICz0.466G960S1839143529.parabola.R-loc_scaled2.2-loc_scaled5.dat
0.997971 0.006114 0.723261 0.053837 6.781000 1.037856 11.779861 -16.566126 ./BAOfit_CATALPTCICz0.466G960S1842441646.parabola.R-loc_scaled2.2-loc_scaled5.dat
1.007931 0.008351 0.626220 0.052006 6.271163 1.093967 19.886756 -20.797874 ./BAOfit_CATALPTCICz0.466G960S1843354749.parabola.R-loc_scaled2.2-loc_scaled5.dat
1.001939 0.008624 0.678690 0.054618 7.195750 1.024100 16.653277 -18.617616 ./BAOfit_CATALPTCICz0.466G960S1848596005.parabola.R-loc_scaled2.2-loc_scaled5.dat
0.996979 0.007595 0.820199 0.069059 9.315692 1.123016 11.659593 -16.570215 ./BAOfit_CATALPTCICz0.466G960S1852228798.parabola.R-loc_scaled2.2-loc_scaled5.dat
0.995779 0.006487 0.679406 0.050427 6.452627 1.027235 11.007120 -16.622112 ./BAOfit_CATALPTCICz0.466G960S1866048529.parabola.R-loc_scaled2.2-loc_scaled5.dat
1.013470 0.006937 0.753356 0.054865 7.873523 0.887821 23.257529 -22.914266 ./BAOfit_CATALPTCICz0.466G960S1866235956.parabola.R-loc_scaled2.2-loc_scaled5.dat
0.995491 0.006548 0.685814 0.047712 6.718805 0.870026 11.351892 -16.398052 ./BAOfit_CATALPTCICz0.466G960S1866291603.parabola.R-loc_scaled2.2-loc_scaled5.dat
0.990609 0.007083 0.683576 0.060387 7.665818 1.127023 12.447387 -16.752429 ./BAOfit_CATALPTCICz0.466G960S1868385901.parabola.R-loc_scaled2.2-loc_scaled5.dat
1.005496 0.008363 0.708925 0.066068 8.228067 1.270981 8.252677 -14.217393 ./BAOfit_CATALPTCICz0.466G960S1871764010.parabola.R-loc_scaled2.2-loc_scaled5.dat
1.000178 0.006648 0.789695 0.061173 8.296486 1.086019 15.233940 -18.394648 ./BAOfit_CATALPTCICz0.466G960S1876527057.parabola.R-loc_scaled2.2-loc_scaled5.dat
0.993824 0.006685 0.686032 0.050144 6.937189 0.973777 13.174442 -17.904083 ./BAOfit_CATALPTCICz0.466G960S1878009263.parabola.R-loc_scaled2.2-loc_scaled5.dat
0.997514 0.007795 0.681902 0.058226 6.869663 1.191353 13.957818 -17.961842 ./BAOfit_CATALPTCICz0.466G960S1879972977.parabola.R-loc_scaled2.2-loc_scaled5.dat
0.992592 0.007733 0.600133 0.049091 5.682572 1.078103 27.027578 -23.838541 ./BAOfit_CATALPTCICz0.466G960S1885563258.parabola.R-loc_scaled2.2-loc_scaled5.dat
1.019096 0.011303 0.779320 0.094767 9.337033 1.570888 18.485761 -19.532361 ./BAOfit_CATALPTCICz0.466G960S1886319023.parabola.R-loc_scaled2.2-loc_scaled5.dat
0.999977 0.006069 0.727758 0.051014 7.065124 0.946656 22.170325 -22.492990 ./BAOfit_CATALPTCICz0.466G960S1888203641.parabola.R-loc_scaled2.2-loc_scaled5.dat
0.992004 0.006660 0.701952 0.054518 7.250420 1.044253 5.517662 -13.706505 ./BAOfit_CATALPTCICz0.466G960S1897253935.parabola.R-loc_scaled2.2-loc_scaled5.dat
0.990454 0.005913 0.690184 0.049274 5.878648 1.053208 8.798975 -15.364550 ./BAOfit_CATALPTCICz0.466G960S1927411616.parabola.R-loc_scaled2.2-loc_scaled5.dat
0.999477 0.006355 0.708095 0.055187 7.074670 1.042482 14.383525 -18.487264 ./BAOfit_CATALPTCICz0.466G960S1928615245.parabola.R-loc_scaled2.2-loc_scaled5.dat
0.998320 0.006907 0.678045 0.054835 6.722145 1.085400 9.395122 -15.408398 ./BAOfit_CATALPTCICz0.466G960S1932672395.parabola.R-loc_scaled2.2-loc_scaled5.dat
1.003237 0.008227 0.633027 0.052878 6.399204 1.126855 14.190521 -17.982805 ./BAOfit_CATALPTCICz0.466G960S1936779850.parabola.R-loc_scaled2.2-loc_scaled5.dat
0.999214 0.006182 0.818170 0.062240 8.893978 1.012488 21.149315 -21.313474 ./BAOfit_CATALPTCICz0.466G960S1941846360.parabola.R-loc_scaled2.2-loc_scaled5.dat
0.991028 0.009094 0.765670 0.072247 9.168156 1.275556 12.074542 -16.699431 ./BAOfit_CATALPTCICz0.466G960S1942615915.parabola.R-loc_scaled2.2-loc_scaled5.dat
0.989564 0.006914 0.632712 0.051707 6.293941 1.111860 14.919957 -18.170060 ./BAOfit_CATALPTCICz0.466G960S1942922759.parabola.R-loc_scaled2.2-loc_scaled5.dat
1.002594 0.006326 0.730407 0.053524 7.216216 0.974045 17.445163 -20.235248 ./BAOfit_CATALPTCICz0.466G960S1947502558.parabola.R-loc_scaled2.2-loc_scaled5.dat
1.001078 0.006035 0.665069 0.047982 5.757346 0.988577 20.113965 -21.403187 ./BAOfit_CATALPTCICz0.466G960S1957637951.parabola.R-loc_scaled2.2-loc_scaled5.dat
1.000071 0.006741 0.671096 0.052929 6.708202 1.064639 11.419629 -16.288232 ./BAOfit_CATALPTCICz0.466G960S1958434590.parabola.R-loc_scaled2.2-loc_scaled5.dat
0.989717 0.006805 0.761384 0.056545 7.845396 1.065104 24.370498 -22.286434 ./BAOfit_CATALPTCICz0.466G960S196817175.parabola.R-loc_scaled2.2-loc_scaled5.dat
0.994564 0.009397 0.760430 0.078683 9.005296 1.438770 7.683613 -14.262246 ./BAOfit_CATALPTCICz0.466G960S1973023524.parabola.R-loc_scaled2.2-loc_scaled5.dat
1.003181 0.006741 0.665901 0.054870 6.244705 1.121156 17.581084 -19.487210 ./BAOfit_CATALPTCICz0.466G960S1974510045.parabola.R-loc_scaled2.2-loc_scaled5.dat
0.998988 0.008075 0.713113 0.053825 7.098329 1.029431 18.528430 -20.124229 ./BAOfit_CATALPTCICz0.466G960S1977078531.parabola.R-loc_scaled2.2-loc_scaled5.dat
0.997579 0.006308 0.712012 0.048790 6.495026 0.913001 9.655620 -15.695655 ./BAOfit_CATALPTCICz0.466G960S1977497246.parabola.R-loc_scaled2.2-loc_scaled5.dat
0.998312 0.008725 0.554187 0.059470 5.703584 1.529332 7.565053 -14.116934 ./BAOfit_CATALPTCICz0.466G960S198021412.parabola.R-loc_scaled2.2-loc_scaled5.dat
1.008493 0.007490 0.842938 0.083776 10.174199 1.330089 8.218280 -14.883138 ./BAOfit_CATALPTCICz0.466G960S1982107903.parabola.R-loc_scaled2.2-loc_scaled5.dat
0.987581 0.005136 0.740566 0.052536 7.075531 0.982224 17.927099 -20.697846 ./BAOfit_CATALPTCICz0.466G960S1984142514.parabola.R-loc_scaled2.2-loc_scaled5.dat
1.006222 0.007063 0.722001 0.048783 6.919356 0.848751 29.467370 -25.968403 ./BAOfit_CATALPTCICz0.466G960S1992528790.parabola.R-loc_scaled2.2-loc_scaled5.dat
0.988941 0.006574 0.783746 0.065271 9.146316 1.116390 9.072935 -15.716784 ./BAOfit_CATALPTCICz0.466G960S1999698595.parabola.R-loc_scaled2.2-loc_scaled5.dat
0.992824 0.007280 0.625197 0.052181 6.070750 1.093208 10.344564 -15.599112 ./BAOfit_CATALPTCICz0.466G960S2004999320.parabola.R-loc_scaled2.2-loc_scaled5.dat
1.009221 0.006557 0.721725 0.058335 7.472596 1.039431 15.468069 -18.590062 ./BAOfit_CATALPTCICz0.466G960S2005020971.parabola.R-loc_scaled2.2-loc_scaled5.dat
1.001801 0.007183 0.691863 0.060096 6.743702 1.201207 17.508852 -19.468690 ./BAOfit_CATALPTCICz0.466G960S2006305047.parabola.R-loc_scaled2.2-loc_scaled5.dat
1.014555 0.005765 0.656680 0.045341 5.153508 0.941027 14.320045 -18.700952 ./BAOfit_CATALPTCICz0.466G960S2007956662.parabola.R-loc_scaled2.2-loc_scaled5.dat
1.002438 0.008598 0.754404 0.074572 8.754497 1.335507 9.923232 -14.985508 ./BAOfit_CATALPTCICz0.466G960S2008417666.parabola.R-loc_scaled2.2-loc_scaled5.dat
0.997268 0.006519 0.705398 0.051592 7.418599 0.933630 17.906581 -20.177296 ./BAOfit_CATALPTCICz0.466G960S2012047352.parabola.R-loc_scaled2.2-loc_scaled5.dat
1.011447 0.006431 0.796529 0.056368 7.644343 0.972911 9.686307 -16.175725 ./BAOfit_CATALPTCICz0.466G960S2018638540.parabola.R-loc_scaled2.2-loc_scaled5.dat
1.009200 0.005778 0.703639 0.051472 6.538631 0.956726 12.950599 -17.604156 ./BAOfit_CATALPTCICz0.466G960S2022666833.parabola.R-loc_scaled2.2-loc_scaled5.dat
1.002597 0.006616 0.725228 0.054890 7.107482 0.969083 12.585333 -17.651944 ./BAOfit_CATALPTCICz0.466G960S2025663482.parabola.R-loc_scaled2.2-loc_scaled5.dat
1.009857 0.010798 0.722301 0.082840 9.239486 1.559212 16.146103 -17.756086 ./BAOfit_CATALPTCICz0.466G960S2029111473.parabola.R-loc_scaled2.2-loc_scaled5.dat
0.998620 0.006874 0.637535 0.048303 5.869779 0.980318 15.148188 -18.933061 ./BAOfit_CATALPTCICz0.466G960S203115444.parabola.R-loc_scaled2.2-loc_scaled5.dat
1.004079 0.005656 0.707886 0.052920 6.677202 1.035865 15.012572 -17.384118 ./BAOfit_CATALPTCICz0.466G960S2038140029.parabola.R-loc_scaled2.2-loc_scaled5.dat
0.986413 0.006127 0.781709 0.060330 8.633578 1.006178 11.400458 -16.995512 ./BAOfit_CATALPTCICz0.466G960S2040572509.parabola.R-loc_scaled2.2-loc_scaled5.dat
0.998991 0.007312 0.615793 0.050285 5.879650 1.083092 9.161721 -15.351460 ./BAOfit_CATALPTCICz0.466G960S2043261601.parabola.R-loc_scaled2.2-loc_scaled5.dat
1.007826 0.006181 0.836768 0.066510 9.164377 1.060952 12.630370 -17.075940 ./BAOfit_CATALPTCICz0.466G960S2043501765.parabola.R-loc_scaled2.2-loc_scaled5.dat
0.994802 0.005878 0.759372 0.048967 6.812184 0.914959 7.928832 -15.275792 ./BAOfit_CATALPTCICz0.466G960S2046505490.parabola.R-loc_scaled2.2-loc_scaled5.dat
1.010977 0.007344 0.786065 0.082640 9.443867 1.421254 8.402915 -14.997562 ./BAOfit_CATALPTCICz0.466G960S205000556.parabola.R-loc_scaled2.2-loc_scaled5.dat
0.994554 0.005652 0.694134 0.047523 6.462557 0.892715 8.231039 -14.648568 ./BAOfit_CATALPTCICz0.466G960S2057798525.parabola.R-loc_scaled2.2-loc_scaled5.dat
1.004663 0.006777 0.694175 0.051725 6.533553 0.951904 14.557699 -18.606998 ./BAOfit_CATALPTCICz0.466G960S2058241144.parabola.R-loc_scaled2.2-loc_scaled5.dat
1.000723 0.007645 0.639600 0.052225 6.036020 1.110660 23.078741 -22.757070 ./BAOfit_CATALPTCICz0.466G960S2059589356.parabola.R-loc_scaled2.2-loc_scaled5.dat
0.990602 0.006849 0.743659 0.059179 7.845289 1.133739 19.552323 -20.570064 ./BAOfit_CATALPTCICz0.466G960S2061966896.parabola.R-loc_scaled2.2-loc_scaled5.dat
0.995246 0.006069 0.671218 0.045131 5.730250 0.945498 11.431623 -16.899132 ./BAOfit_CATALPTCICz0.466G960S2066051570.parabola.R-loc_scaled2.2-loc_scaled5.dat
0.999369 0.006562 0.798284 0.058765 8.358894 0.990876 19.489750 -19.328202 ./BAOfit_CATALPTCICz0.466G960S2072767419.parabola.R-loc_scaled2.2-loc_scaled5.dat
0.992004 0.006613 0.592053 0.049379 4.936557 1.197121 12.553018 -17.053315 ./BAOfit_CATALPTCICz0.466G960S2073007256.parabola.R-loc_scaled2.2-loc_scaled5.dat
1.000724 0.007518 0.756504 0.070185 8.275857 1.239225 13.242950 -17.549954 ./BAOfit_CATALPTCICz0.466G960S2073181707.parabola.R-loc_scaled2.2-loc_scaled5.dat
0.985493 0.005145 0.681004 0.045910 5.829645 0.931576 11.613054 -17.387181 ./BAOfit_CATALPTCICz0.466G960S2075331049.parabola.R-loc_scaled2.2-loc_scaled5.dat
1.000581 0.005849 0.687742 0.045688 5.935903 0.873945 13.902893 -17.319285 ./BAOfit_CATALPTCICz0.466G960S2076269382.parabola.R-loc_scaled2.2-loc_scaled5.dat
1.000111 0.006782 0.763289 0.059149 7.848330 1.046635 12.413572 -17.083722 ./BAOfit_CATALPTCICz0.466G960S2076406554.parabola.R-loc_scaled2.2-loc_scaled5.dat
0.997444 0.006075 0.811644 0.056495 8.195802 0.935136 7.708143 -15.124929 ./BAOfit_CATALPTCICz0.466G960S2078493117.parabola.R-loc_scaled2.2-loc_scaled5.dat
1.014209 0.007974 0.811444 0.064217 8.450810 1.034755 17.743473 -19.470345 ./BAOfit_CATALPTCICz0.466G960S2080767391.parabola.R-loc_scaled2.2-loc_scaled5.dat
1.003805 0.007179 0.736660 0.057049 7.888685 1.014798 7.069535 -14.288938 ./BAOfit_CATALPTCICz0.466G960S2085155739.parabola.R-loc_scaled2.2-loc_scaled5.dat
1.001116 0.006058 0.745439 0.059229 7.677344 1.048488 14.331538 -18.493204 ./BAOfit_CATALPTCICz0.466G960S2085350725.parabola.R-loc_scaled2.2-loc_scaled5.dat
0.996577 0.005849 0.649942 0.050602 5.722698 1.094412 5.947105 -14.202177 ./BAOfit_CATALPTCICz0.466G960S2090208869.parabola.R-loc_scaled2.2-loc_scaled5.dat
0.991642 0.007412 0.628444 0.051741 6.118664 1.149391 10.903476 -16.444320 ./BAOfit_CATALPTCICz0.466G960S2094794961.parabola.R-loc_scaled2.2-loc_scaled5.dat
0.989717 0.008440 0.562721 0.064826 6.177658 1.544487 13.038642 -16.593113 ./BAOfit_CATALPTCICz0.466G960S2102161325.parabola.R-loc_scaled2.2-loc_scaled5.dat
0.990289 0.005495 0.687011 0.047189 6.528773 0.837030 18.965291 -21.316728 ./BAOfit_CATALPTCICz0.466G960S2102329975.parabola.R-loc_scaled2.2-loc_scaled5.dat
0.991242 0.006970 0.706422 0.056645 7.461407 1.063179 16.949203 -19.779663 ./BAOfit_CATALPTCICz0.466G960S2105841094.parabola.R-loc_scaled2.2-loc_scaled5.dat
0.991314 0.007332 0.762653 0.076536 8.706127 1.411886 9.121292 -14.695754 ./BAOfit_CATALPTCICz0.466G960S2111416299.parabola.R-loc_scaled2.2-loc_scaled5.dat
1.008104 0.006792 0.716495 0.047691 6.489575 0.850249 9.288007 -15.793947 ./BAOfit_CATALPTCICz0.466G960S2112032858.parabola.R-loc_scaled2.2-loc_scaled5.dat
1.010904 0.006672 0.764151 0.057937 7.946454 0.988011 7.803656 -13.029285 ./BAOfit_CATALPTCICz0.466G960S2115857497.parabola.R-loc_scaled2.2-loc_scaled5.dat
0.996572 0.006554 0.723328 0.051341 6.409936 0.967175 16.139534 -19.592467 ./BAOfit_CATALPTCICz0.466G960S2116713610.parabola.R-loc_scaled2.2-loc_scaled5.dat
0.989314 0.006690 0.755419 0.054867 7.407711 1.041788 14.760276 -18.012344 ./BAOfit_CATALPTCICz0.466G960S2119737480.parabola.R-loc_scaled2.2-loc_scaled5.dat
0.997973 0.007326 0.661538 0.049080 6.414106 0.970281 12.456750 -17.021686 ./BAOfit_CATALPTCICz0.466G960S2126501065.parabola.R-loc_scaled2.2-loc_scaled5.dat
1.001366 0.007310 0.731774 0.055898 7.236954 1.054727 10.493390 -16.408650 ./BAOfit_CATALPTCICz0.466G960S2134213239.parabola.R-loc_scaled2.2-loc_scaled5.dat
1.004039 0.007108 0.781682 0.062438 8.487098 1.065939 8.992720 -15.597692 ./BAOfit_CATALPTCICz0.466G960S2135743082.parabola.R-loc_scaled2.2-loc_scaled5.dat
0.996609 0.009778 0.570982 0.065565 6.496869 1.683009 16.878740 -18.464424 ./BAOfit_CATALPTCICz0.466G960S2141171720.parabola.R-loc_scaled2.2-loc_scaled5.dat
1.003027 0.006993 0.633994 0.053715 5.708880 1.166491 19.546903 -20.853198 ./BAOfit_CATALPTCICz0.466G960S2142385713.parabola.R-loc_scaled2.2-loc_scaled5.dat
0.998412 0.006370 0.692054 0.050306 6.360152 0.981790 14.996980 -17.112637 ./BAOfit_CATALPTCICz0.466G960S2145237069.parabola.R-loc_scaled2.2-loc_scaled5.dat
1.009551 0.005801 0.714673 0.049701 6.000196 0.958579 7.756563 -14.145730 ./BAOfit_CATALPTCICz0.466G960S216299789.parabola.R-loc_scaled2.2-loc_scaled5.dat
0.992996 0.006353 0.707013 0.052558 7.171095 0.999690 14.824611 -18.515970 ./BAOfit_CATALPTCICz0.466G960S218944817.parabola.R-loc_scaled2.2-loc_scaled5.dat
0.995397 0.007861 0.635130 0.056802 6.027819 1.264619 10.335350 -16.288594 ./BAOfit_CATALPTCICz0.466G960S220034993.parabola.R-loc_scaled2.2-loc_scaled5.dat
1.002963 0.006795 0.706292 0.053744 7.060654 0.974780 20.956564 -21.658909 ./BAOfit_CATALPTCICz0.466G960S231824037.parabola.R-loc_scaled2.2-loc_scaled5.dat
1.003510 0.009559 0.720986 0.061781 8.680297 1.108261 23.429788 -21.306371 ./BAOfit_CATALPTCICz0.466G960S237524283.parabola.R-loc_scaled2.2-loc_scaled5.dat
1.007226 0.005972 0.705889 0.060045 6.889312 1.225108 5.309488 -13.352437 ./BAOfit_CATALPTCICz0.466G960S241248101.parabola.R-loc_scaled2.2-loc_scaled5.dat
0.998383 0.008744 0.779156 0.081116 9.305488 1.462220 7.769902 -14.184535 ./BAOfit_CATALPTCICz0.466G960S246409002.parabola.R-loc_scaled2.2-loc_scaled5.dat
0.997949 0.008938 0.570690 0.060194 6.225075 1.380666 9.944205 -15.028909 ./BAOfit_CATALPTCICz0.466G960S246613418.parabola.R-loc_scaled2.2-loc_scaled5.dat
0.986891 0.006286 0.595002 0.049467 4.910558 1.218204 15.504062 -18.280509 ./BAOfit_CATALPTCICz0.466G960S246847567.parabola.R-loc_scaled2.2-loc_scaled5.dat
0.993555 0.007136 0.668886 0.054386 6.639111 1.104407 12.938966 -17.449653 ./BAOfit_CATALPTCICz0.466G960S254190428.parabola.R-loc_scaled2.2-loc_scaled5.dat
0.998011 0.007652 0.739021 0.054477 7.553565 0.967178 16.602546 -19.494928 ./BAOfit_CATALPTCICz0.466G960S257253385.parabola.R-loc_scaled2.2-loc_scaled5.dat
0.996663 0.006325 0.602528 0.045402 4.927083 1.069288 8.143984 -15.260711 ./BAOfit_CATALPTCICz0.466G960S261201481.parabola.R-loc_scaled2.2-loc_scaled5.dat
1.002819 0.006667 0.566774 0.046100 4.219772 1.282500 10.398166 -16.327647 ./BAOfit_CATALPTCICz0.466G960S262811362.parabola.R-loc_scaled2.2-loc_scaled5.dat
0.998685 0.006902 0.699882 0.058100 7.033916 1.141833 8.547084 -15.541715 ./BAOfit_CATALPTCICz0.466G960S264186893.parabola.R-loc_scaled2.2-loc_scaled5.dat
1.010891 0.006066 0.768986 0.069188 8.867863 1.195253 18.496138 -19.374440 ./BAOfit_CATALPTCICz0.466G960S268880201.parabola.R-loc_scaled2.2-loc_scaled5.dat
1.015316 0.007297 0.635375 0.054393 6.577354 1.094485 8.066314 -14.862203 ./BAOfit_CATALPTCICz0.466G960S272565369.parabola.R-loc_scaled2.2-loc_scaled5.dat
0.994452 0.005739 0.663116 0.042765 5.431410 0.891132 7.386852 -15.173002 ./BAOfit_CATALPTCICz0.466G960S274740355.parabola.R-loc_scaled2.2-loc_scaled5.dat
0.998908 0.006325 0.681425 0.050652 6.179549 0.990675 3.746179 -13.445634 ./BAOfit_CATALPTCICz0.466G960S276290543.parabola.R-loc_scaled2.2-loc_scaled5.dat
1.001863 0.007530 0.710109 0.057915 7.884623 1.057396 21.342804 -21.493299 ./BAOfit_CATALPTCICz0.466G960S277839001.parabola.R-loc_scaled2.2-loc_scaled5.dat
1.008410 0.006936 0.839773 0.057946 8.828031 0.874295 21.718659 -20.923811 ./BAOfit_CATALPTCICz0.466G960S280373319.parabola.R-loc_scaled2.2-loc_scaled5.dat
1.004574 0.008493 0.665571 0.057908 7.135817 1.149920 11.188531 -15.292129 ./BAOfit_CATALPTCICz0.466G960S280931189.parabola.R-loc_scaled2.2-loc_scaled5.dat
0.997687 0.008588 0.637714 0.058737 6.363133 1.275573 19.015994 -19.460394 ./BAOfit_CATALPTCICz0.466G960S281865714.parabola.R-loc_scaled2.2-loc_scaled5.dat
1.003358 0.006209 0.717446 0.050970 6.659584 0.988178 22.229277 -22.310642 ./BAOfit_CATALPTCICz0.466G960S285883522.parabola.R-loc_scaled2.2-loc_scaled5.dat
1.006577 0.005776 0.768420 0.074118 8.531709 1.346307 17.355452 -19.660219 ./BAOfit_CATALPTCICz0.466G960S286533918.parabola.R-loc_scaled2.2-loc_scaled5.dat
1.010778 0.008145 0.787900 0.078132 9.190022 1.292218 6.651713 -12.489479 ./BAOfit_CATALPTCICz0.466G960S289937724.parabola.R-loc_scaled2.2-loc_scaled5.dat
0.998879 0.007179 0.716859 0.061923 7.957179 1.198918 7.126098 -13.890959 ./BAOfit_CATALPTCICz0.466G960S290410571.parabola.R-loc_scaled2.2-loc_scaled5.dat
1.022821 0.008679 0.790702 0.075719 8.787777 1.202448 21.955270 -21.340594 ./BAOfit_CATALPTCICz0.466G960S291988354.parabola.R-loc_scaled2.2-loc_scaled5.dat
0.996922 0.006849 0.706227 0.051970 7.258944 0.936221 17.768765 -20.215765 ./BAOfit_CATALPTCICz0.466G960S298829905.parabola.R-loc_scaled2.2-loc_scaled5.dat
0.995776 0.005862 0.742777 0.050614 7.048887 0.901060 8.811759 -15.600279 ./BAOfit_CATALPTCICz0.466G960S303311051.parabola.R-loc_scaled2.2-loc_scaled5.dat
1.011134 0.007567 0.740600 0.068965 8.248565 1.297950 7.982443 -14.854502 ./BAOfit_CATALPTCICz0.466G960S306572308.parabola.R-loc_scaled2.2-loc_scaled5.dat
0.990681 0.006191 0.705248 0.052416 6.897118 0.959926 12.379763 -16.895566 ./BAOfit_CATALPTCICz0.466G960S322041233.parabola.R-loc_scaled2.2-loc_scaled5.dat
0.996736 0.007061 0.703597 0.054744 7.551388 1.022483 13.643455 -18.024917 ./BAOfit_CATALPTCICz0.466G960S328966262.parabola.R-loc_scaled2.2-loc_scaled5.dat
1.000182 0.007602 0.700786 0.060473 7.278116 1.216246 10.255117 -15.611681 ./BAOfit_CATALPTCICz0.466G960S329096440.parabola.R-loc_scaled2.2-loc_scaled5.dat
0.995089 0.006873 0.704741 0.055208 7.432219 1.041348 15.719180 -18.510260 ./BAOfit_CATALPTCICz0.466G960S329427831.parabola.R-loc_scaled2.2-loc_scaled5.dat
1.009312 0.005915 0.727621 0.058658 7.335196 1.084626 15.903122 -18.500594 ./BAOfit_CATALPTCICz0.466G960S337281450.parabola.R-loc_scaled2.2-loc_scaled5.dat
0.996968 0.007398 0.752148 0.067953 8.779641 1.180678 12.539294 -17.167521 ./BAOfit_CATALPTCICz0.466G960S341476525.parabola.R-loc_scaled2.2-loc_scaled5.dat
1.002052 0.004973 0.667777 0.043836 5.295342 0.869511 20.666772 -19.059371 ./BAOfit_CATALPTCICz0.466G960S346538314.parabola.R-loc_scaled2.2-loc_scaled5.dat
1.012639 0.007811 0.689780 0.060449 7.422720 1.166111 15.059882 -17.933143 ./BAOfit_CATALPTCICz0.466G960S34923098.parabola.R-loc_scaled2.2-loc_scaled5.dat
1.006416 0.007050 0.665322 0.052119 6.413809 1.005069 10.135638 -15.936832 ./BAOfit_CATALPTCICz0.466G960S349543645.parabola.R-loc_scaled2.2-loc_scaled5.dat
1.003912 0.007085 0.683919 0.053875 6.765717 1.060744 9.913563 -15.716207 ./BAOfit_CATALPTCICz0.466G960S353309712.parabola.R-loc_scaled2.2-loc_scaled5.dat
0.997810 0.007509 0.688984 0.058723 7.459261 1.201427 11.601968 -16.651066 ./BAOfit_CATALPTCICz0.466G960S354134.parabola.R-loc_scaled2.2-loc_scaled5.dat
1.000697 0.007786 0.698464 0.051719 7.052676 0.928547 15.853617 -19.221327 ./BAOfit_CATALPTCICz0.466G960S355476410.parabola.R-loc_scaled2.2-loc_scaled5.dat
0.991752 0.005481 0.685968 0.047320 5.971293 0.943880 14.874941 -18.927731 ./BAOfit_CATALPTCICz0.466G960S361303953.parabola.R-loc_scaled2.2-loc_scaled5.dat
1.000566 0.006778 0.798011 0.066923 8.460903 1.148248 10.269442 -15.943127 ./BAOfit_CATALPTCICz0.466G960S362641756.parabola.R-loc_scaled2.2-loc_scaled5.dat
0.995453 0.006686 0.679726 0.057367 7.168148 1.122408 15.384294 -18.434253 ./BAOfit_CATALPTCICz0.466G960S363202087.parabola.R-loc_scaled2.2-loc_scaled5.dat
1.004036 0.006651 0.729476 0.051503 7.218456 0.936666 15.076396 -18.316655 ./BAOfit_CATALPTCICz0.466G960S364233976.parabola.R-loc_scaled2.2-loc_scaled5.dat
1.011042 0.006297 0.765963 0.055861 7.321939 0.961009 14.361282 -18.193734 ./BAOfit_CATALPTCICz0.466G960S370253044.parabola.R-loc_scaled2.2-loc_scaled5.dat
1.002557 0.009047 0.752729 0.087460 8.774329 1.674729 24.648884 -22.008229 ./BAOfit_CATALPTCICz0.466G960S375349953.parabola.R-loc_scaled2.2-loc_scaled5.dat
1.006835 0.007893 0.740693 0.051786 7.346777 0.911826 7.655521 -14.889862 ./BAOfit_CATALPTCICz0.466G960S375858835.parabola.R-loc_scaled2.2-loc_scaled5.dat
0.994354 0.009132 0.693118 0.064587 7.771127 1.325056 19.129594 -20.087881 ./BAOfit_CATALPTCICz0.466G960S376146255.parabola.R-loc_scaled2.2-loc_scaled5.dat
1.003793 0.007878 0.666725 0.052759 7.044884 0.919712 17.810880 -20.042536 ./BAOfit_CATALPTCICz0.466G960S37727687.parabola.R-loc_scaled2.2-loc_scaled5.dat
0.992839 0.008385 0.756038 0.070194 7.877614 1.322910 19.939540 -20.086447 ./BAOfit_CATALPTCICz0.466G960S378690851.parabola.R-loc_scaled2.2-loc_scaled5.dat
1.002123 0.007078 0.675302 0.054818 6.725463 1.078348 6.929952 -14.102999 ./BAOfit_CATALPTCICz0.466G960S378695801.parabola.R-loc_scaled2.2-loc_scaled5.dat
1.001641 0.006022 0.695202 0.043719 5.890354 0.848833 11.191589 -16.853132 ./BAOfit_CATALPTCICz0.466G960S380713955.parabola.R-loc_scaled2.2-loc_scaled5.dat
0.994983 0.006457 0.728690 0.053825 7.218517 0.992614 4.903055 -13.603264 ./BAOfit_CATALPTCICz0.466G960S381945632.parabola.R-loc_scaled2.2-loc_scaled5.dat
1.000296 0.005888 0.752810 0.055677 7.535325 1.002145 9.337673 -15.514496 ./BAOfit_CATALPTCICz0.466G960S384074470.parabola.R-loc_scaled2.2-loc_scaled5.dat
1.000545 0.007483 0.736926 0.065050 7.839440 1.219319 10.620052 -16.470634 ./BAOfit_CATALPTCICz0.466G960S38850615.parabola.R-loc_scaled2.2-loc_scaled5.dat
0.998023 0.007731 0.651533 0.061710 6.936539 1.277516 20.245622 -20.449625 ./BAOfit_CATALPTCICz0.466G960S394099568.parabola.R-loc_scaled2.2-loc_scaled5.dat
1.002004 0.007830 0.690124 0.066855 7.596792 1.366548 9.702942 -15.673184 ./BAOfit_CATALPTCICz0.466G960S396051984.parabola.R-loc_scaled2.2-loc_scaled5.dat
0.988710 0.006219 0.698097 0.051090 6.417311 0.984186 18.603946 -20.303914 ./BAOfit_CATALPTCICz0.466G960S398774913.parabola.R-loc_scaled2.2-loc_scaled5.dat
1.010941 0.005763 0.797411 0.071313 8.996891 1.178683 12.724888 -16.518898 ./BAOfit_CATALPTCICz0.466G960S399836114.parabola.R-loc_scaled2.2-loc_scaled5.dat
1.009759 0.007079 0.743143 0.071098 7.922224 1.330650 11.933602 -17.010781 ./BAOfit_CATALPTCICz0.466G960S400043087.parabola.R-loc_scaled2.2-loc_scaled5.dat
0.990867 0.007648 0.737365 0.058305 7.980823 1.098215 11.548952 -16.553109 ./BAOfit_CATALPTCICz0.466G960S401689436.parabola.R-loc_scaled2.2-loc_scaled5.dat
0.998026 0.007634 0.685343 0.060080 7.671611 1.171221 8.756788 -14.032688 ./BAOfit_CATALPTCICz0.466G960S405346017.parabola.R-loc_scaled2.2-loc_scaled5.dat
1.004288 0.007200 0.758359 0.062885 8.130358 1.110388 9.650423 -16.070899 ./BAOfit_CATALPTCICz0.466G960S406929492.parabola.R-loc_scaled2.2-loc_scaled5.dat
1.004421 0.007093 0.794764 0.055431 8.147168 0.924686 14.969964 -18.889062 ./BAOfit_CATALPTCICz0.466G960S407794711.parabola.R-loc_scaled2.2-loc_scaled5.dat
1.004111 0.007704 0.723431 0.074695 8.568792 1.417347 22.668987 -21.801479 ./BAOfit_CATALPTCICz0.466G960S408624275.parabola.R-loc_scaled2.2-loc_scaled5.dat
0.990323 0.006406 0.649189 0.047122 5.865247 0.948094 15.085711 -18.563465 ./BAOfit_CATALPTCICz0.466G960S40901864.parabola.R-loc_scaled2.2-loc_scaled5.dat
0.994297 0.006724 0.671413 0.053857 6.710681 1.054880 8.922833 -14.749029 ./BAOfit_CATALPTCICz0.466G960S415198084.parabola.R-loc_scaled2.2-loc_scaled5.dat
0.992480 0.006390 0.739109 0.050948 7.423146 0.938708 9.273124 -15.950101 ./BAOfit_CATALPTCICz0.466G960S41869182.parabola.R-loc_scaled2.2-loc_scaled5.dat
1.000392 0.005995 0.700401 0.046786 6.301141 0.868051 12.268966 -17.764043 ./BAOfit_CATALPTCICz0.466G960S421276272.parabola.R-loc_scaled2.2-loc_scaled5.dat
1.003610 0.007526 0.730309 0.052199 7.293292 0.908835 21.798085 -22.153109 ./BAOfit_CATALPTCICz0.466G960S423681919.parabola.R-loc_scaled2.2-loc_scaled5.dat
1.000327 0.007697 0.724132 0.057240 7.484304 1.052855 29.210183 -25.618856 ./BAOfit_CATALPTCICz0.466G960S442279074.parabola.R-loc_scaled2.2-loc_scaled5.dat
1.004006 0.006760 0.766083 0.054473 7.447635 0.938201 12.154453 -17.379152 ./BAOfit_CATALPTCICz0.466G960S444792914.parabola.R-loc_scaled2.2-loc_scaled5.dat
1.007831 0.005685 0.725409 0.049740 6.493836 0.896118 6.488859 -14.836083 ./BAOfit_CATALPTCICz0.466G960S447955535.parabola.R-loc_scaled2.2-loc_scaled5.dat
1.003706 0.005555 0.685125 0.048172 6.462010 0.926856 25.959393 -24.233280 ./BAOfit_CATALPTCICz0.466G960S452977852.parabola.R-loc_scaled2.2-loc_scaled5.dat
0.997353 0.006178 0.730820 0.055150 7.395737 1.004308 19.876736 -20.631171 ./BAOfit_CATALPTCICz0.466G960S453541345.parabola.R-loc_scaled2.2-loc_scaled5.dat
0.996328 0.007337 0.665737 0.056009 6.861139 1.123759 8.912334 -13.671681 ./BAOfit_CATALPTCICz0.466G960S454223686.parabola.R-loc_scaled2.2-loc_scaled5.dat
0.995019 0.008320 0.819961 0.077438 9.400619 1.300502 11.628697 -16.221006 ./BAOfit_CATALPTCICz0.466G960S456427750.parabola.R-loc_scaled2.2-loc_scaled5.dat
1.002617 0.008674 0.589886 0.063235 6.519483 1.417793 23.318379 -21.234889 ./BAOfit_CATALPTCICz0.466G960S46884014.parabola.R-loc_scaled2.2-loc_scaled5.dat
1.005694 0.006622 0.668812 0.052721 5.698079 1.063871 9.039525 -14.730267 ./BAOfit_CATALPTCICz0.466G960S470062667.parabola.R-loc_scaled2.2-loc_scaled5.dat
0.999202 0.007662 0.657910 0.051329 6.536972 0.990402 12.888474 -17.451100 ./BAOfit_CATALPTCICz0.466G960S472036293.parabola.R-loc_scaled2.2-loc_scaled5.dat
0.991840 0.006886 0.719941 0.055387 7.506112 1.006919 9.833293 -15.991425 ./BAOfit_CATALPTCICz0.466G960S476029608.parabola.R-loc_scaled2.2-loc_scaled5.dat
1.000987 0.005866 0.774701 0.052847 7.604904 0.926680 18.798499 -20.546650 ./BAOfit_CATALPTCICz0.466G960S479471968.parabola.R-loc_scaled2.2-loc_scaled5.dat
0.988955 0.005627 0.704829 0.052275 6.719183 1.040386 4.871663 -14.051916 ./BAOfit_CATALPTCICz0.466G960S481721197.parabola.R-loc_scaled2.2-loc_scaled5.dat
1.006656 0.006634 0.786390 0.063361 8.072261 1.115391 7.012312 -14.042924 ./BAOfit_CATALPTCICz0.466G960S490973172.parabola.R-loc_scaled2.2-loc_scaled5.dat
0.991986 0.006220 0.711537 0.050495 6.676034 0.943021 11.254071 -15.828391 ./BAOfit_CATALPTCICz0.466G960S494614559.parabola.R-loc_scaled2.2-loc_scaled5.dat
1.000284 0.007446 0.646695 0.052033 6.075374 1.083079 7.745465 -14.763482 ./BAOfit_CATALPTCICz0.466G960S499786302.parabola.R-loc_scaled2.2-loc_scaled5.dat
0.994572 0.005973 0.690664 0.050708 6.955821 0.940859 21.783604 -21.938664 ./BAOfit_CATALPTCICz0.466G960S520371710.parabola.R-loc_scaled2.2-loc_scaled5.dat
0.999869 0.006389 0.688249 0.046815 6.154193 0.842242 17.986611 -20.420594 ./BAOfit_CATALPTCICz0.466G960S523419891.parabola.R-loc_scaled2.2-loc_scaled5.dat
0.993314 0.005778 0.651953 0.044922 4.919521 0.969030 18.113106 -20.230512 ./BAOfit_CATALPTCICz0.466G960S526205821.parabola.R-loc_scaled2.2-loc_scaled5.dat
1.009109 0.009761 0.653646 0.082614 7.821804 1.687727 16.689580 -17.876099 ./BAOfit_CATALPTCICz0.466G960S527868848.parabola.R-loc_scaled2.2-loc_scaled5.dat
0.992446 0.006954 0.690875 0.055669 7.458377 1.098336 12.469685 -17.400257 ./BAOfit_CATALPTCICz0.466G960S532108636.parabola.R-loc_scaled2.2-loc_scaled5.dat
1.007597 0.008223 0.783085 0.064791 8.469657 1.091237 11.252454 -16.632557 ./BAOfit_CATALPTCICz0.466G960S539477718.parabola.R-loc_scaled2.2-loc_scaled5.dat
1.000796 0.009828 0.676773 0.062292 7.968101 1.222185 9.287101 -15.186113 ./BAOfit_CATALPTCICz0.466G960S542715479.parabola.R-loc_scaled2.2-loc_scaled5.dat
1.003607 0.006227 0.772481 0.057578 7.567165 1.037014 15.994555 -19.508133 ./BAOfit_CATALPTCICz0.466G960S551607063.parabola.R-loc_scaled2.2-loc_scaled5.dat
1.000151 0.006028 0.674316 0.051745 6.098127 1.024192 13.674951 -18.257822 ./BAOfit_CATALPTCICz0.466G960S553131619.parabola.R-loc_scaled2.2-loc_scaled5.dat
1.007753 0.006239 0.619068 0.047106 5.241887 1.063066 9.291509 -16.108752 ./BAOfit_CATALPTCICz0.466G960S559008860.parabola.R-loc_scaled2.2-loc_scaled5.dat
0.995556 0.006528 0.786787 0.061020 8.758022 1.020894 11.294755 -16.858669 ./BAOfit_CATALPTCICz0.466G960S559101366.parabola.R-loc_scaled2.2-loc_scaled5.dat
1.003541 0.006528 0.795299 0.050823 7.706162 0.845004 15.188055 -17.363149 ./BAOfit_CATALPTCICz0.466G960S559349656.parabola.R-loc_scaled2.2-loc_scaled5.dat
0.986243 0.005160 0.714155 0.042298 5.771200 0.806435 6.737021 -14.497315 ./BAOfit_CATALPTCICz0.466G960S569892358.parabola.R-loc_scaled2.2-loc_scaled5.dat
0.990897 0.007886 0.638256 0.051328 6.132458 1.140014 24.291312 -23.038325 ./BAOfit_CATALPTCICz0.466G960S596230622.parabola.R-loc_scaled2.2-loc_scaled5.dat
0.993329 0.005407 0.761304 0.052807 7.213624 0.956656 7.851476 -15.662336 ./BAOfit_CATALPTCICz0.466G960S599895384.parabola.R-loc_scaled2.2-loc_scaled5.dat
0.990014 0.004798 0.661697 0.041730 5.083840 0.869509 23.877050 -24.006758 ./BAOfit_CATALPTCICz0.466G960S600808782.parabola.R-loc_scaled2.2-loc_scaled5.dat
1.011086 0.006391 0.879299 0.069037 9.377778 1.031057 8.473526 -15.373859 ./BAOfit_CATALPTCICz0.466G960S601918842.parabola.R-loc_scaled2.2-loc_scaled5.dat
1.002694 0.009247 0.665773 0.068213 7.531669 1.415097 29.686503 -25.214863 ./BAOfit_CATALPTCICz0.466G960S604533144.parabola.R-loc_scaled2.2-loc_scaled5.dat
0.984546 0.006140 0.643439 0.050652 6.692823 1.031496 8.773768 -15.090948 ./BAOfit_CATALPTCICz0.466G960S606699789.parabola.R-loc_scaled2.2-loc_scaled5.dat
0.995917 0.006285 0.680161 0.051005 6.902841 1.035178 15.964357 -18.415172 ./BAOfit_CATALPTCICz0.466G960S609522891.parabola.R-loc_scaled2.2-loc_scaled5.dat
0.996769 0.006552 0.780809 0.055376 8.058291 0.934789 11.876031 -16.758880 ./BAOfit_CATALPTCICz0.466G960S619379967.parabola.R-loc_scaled2.2-loc_scaled5.dat
1.010354 0.006710 0.731304 0.055866 7.446021 0.980765 19.591412 -20.758682 ./BAOfit_CATALPTCICz0.466G960S627205227.parabola.R-loc_scaled2.2-loc_scaled5.dat
0.994744 0.006551 0.771721 0.056520 7.846540 1.007420 7.841619 -15.297280 ./BAOfit_CATALPTCICz0.466G960S630955758.parabola.R-loc_scaled2.2-loc_scaled5.dat
1.005544 0.006742 0.711208 0.051027 6.758460 0.955858 11.386017 -17.091712 ./BAOfit_CATALPTCICz0.466G960S63105779.parabola.R-loc_scaled2.2-loc_scaled5.dat
0.992258 0.006155 0.632612 0.043968 5.492479 0.881806 21.042248 -21.905853 ./BAOfit_CATALPTCICz0.466G960S63250028.parabola.R-loc_scaled2.2-loc_scaled5.dat
0.987293 0.005353 0.774561 0.055407 7.862397 0.991529 10.951392 -15.747902 ./BAOfit_CATALPTCICz0.466G960S637675363.parabola.R-loc_scaled2.2-loc_scaled5.dat
1.009209 0.007337 0.625108 0.060343 6.117077 1.370415 24.052740 -22.589336 ./BAOfit_CATALPTCICz0.466G960S639755849.parabola.R-loc_scaled2.2-loc_scaled5.dat
0.999344 0.007285 0.709661 0.053535 7.092597 0.991826 16.080898 -18.399956 ./BAOfit_CATALPTCICz0.466G960S641747930.parabola.R-loc_scaled2.2-loc_scaled5.dat
0.994184 0.007639 0.635633 0.055153 6.907559 1.123370 9.895782 -14.982390 ./BAOfit_CATALPTCICz0.466G960S644251819.parabola.R-loc_scaled2.2-loc_scaled5.dat
0.989307 0.006067 0.715721 0.049631 6.610544 0.936389 13.512307 -18.227143 ./BAOfit_CATALPTCICz0.466G960S651809965.parabola.R-loc_scaled2.2-loc_scaled5.dat
0.999605 0.006816 0.754267 0.058920 7.792273 1.075653 9.466976 -14.964055 ./BAOfit_CATALPTCICz0.466G960S653315835.parabola.R-loc_scaled2.2-loc_scaled5.dat
0.996543 0.007545 0.683523 0.054956 7.432938 1.041153 7.965788 -15.096066 ./BAOfit_CATALPTCICz0.466G960S661219564.parabola.R-loc_scaled2.2-loc_scaled5.dat
0.996488 0.006036 0.642189 0.045420 5.493176 0.919925 12.233892 -17.185964 ./BAOfit_CATALPTCICz0.466G960S662986527.parabola.R-loc_scaled2.2-loc_scaled5.dat
0.993203 0.006291 0.597583 0.048056 5.083158 1.108097 14.362832 -18.373919 ./BAOfit_CATALPTCICz0.466G960S670193816.parabola.R-loc_scaled2.2-loc_scaled5.dat
0.990100 0.005600 0.768257 0.050257 7.394811 0.906594 16.752500 -19.435372 ./BAOfit_CATALPTCICz0.466G960S670784234.parabola.R-loc_scaled2.2-loc_scaled5.dat
1.004838 0.007738 0.773668 0.060339 8.039687 1.029495 10.083581 -15.988729 ./BAOfit_CATALPTCICz0.466G960S672574680.parabola.R-loc_scaled2.2-loc_scaled5.dat
0.998683 0.006007 0.801885 0.059841 8.386337 1.011201 14.989310 -18.996458 ./BAOfit_CATALPTCICz0.466G960S673130015.parabola.R-loc_scaled2.2-loc_scaled5.dat
1.008966 0.007550 0.816001 0.069029 8.944840 1.110234 5.113790 -13.438016 ./BAOfit_CATALPTCICz0.466G960S676153147.parabola.R-loc_scaled2.2-loc_scaled5.dat
1.006923 0.005393 0.638342 0.044646 5.007876 0.953560 6.380013 -14.948749 ./BAOfit_CATALPTCICz0.466G960S683150030.parabola.R-loc_scaled2.2-loc_scaled5.dat
0.990854 0.007849 0.704472 0.071008 8.084194 1.473533 7.625957 -14.263774 ./BAOfit_CATALPTCICz0.466G960S687988509.parabola.R-loc_scaled2.2-loc_scaled5.dat
1.006535 0.008012 0.586199 0.054792 5.833017 1.210958 17.596503 -19.425283 ./BAOfit_CATALPTCICz0.466G960S688351692.parabola.R-loc_scaled2.2-loc_scaled5.dat
0.996379 0.006595 0.749956 0.058167 7.824660 1.025023 10.277613 -16.443278 ./BAOfit_CATALPTCICz0.466G960S693209150.parabola.R-loc_scaled2.2-loc_scaled5.dat
1.001846 0.006341 0.726962 0.051902 6.854207 0.932736 11.693031 -17.312204 ./BAOfit_CATALPTCICz0.466G960S695677361.parabola.R-loc_scaled2.2-loc_scaled5.dat
1.008728 0.009723 0.720403 0.053856 7.618394 0.948291 19.888558 -19.892653 ./BAOfit_CATALPTCICz0.466G960S697291398.parabola.R-loc_scaled2.2-loc_scaled5.dat
0.988429 0.006299 0.665161 0.048847 6.347768 0.967942 23.316594 -22.974315 ./BAOfit_CATALPTCICz0.466G960S699877526.parabola.R-loc_scaled2.2-loc_scaled5.dat
1.007240 0.006819 0.691332 0.055513 6.934397 1.081038 4.617948 -13.318515 ./BAOfit_CATALPTCICz0.466G960S706358248.parabola.R-loc_scaled2.2-loc_scaled5.dat
1.009312 0.006189 0.766031 0.052738 7.326209 0.895752 11.865625 -17.127091 ./BAOfit_CATALPTCICz0.466G960S712845302.parabola.R-loc_scaled2.2-loc_scaled5.dat
0.993723 0.006720 0.600054 0.050889 5.565546 1.157288 6.404334 -14.433408 ./BAOfit_CATALPTCICz0.466G960S714498039.parabola.R-loc_scaled2.2-loc_scaled5.dat
0.992403 0.008665 0.681386 0.060719 7.857450 1.225796 12.363902 -15.870212 ./BAOfit_CATALPTCICz0.466G960S71650295.parabola.R-loc_scaled2.2-loc_scaled5.dat
1.005913 0.006204 0.722035 0.049394 6.871272 0.906215 15.060744 -19.171780 ./BAOfit_CATALPTCICz0.466G960S722630307.parabola.R-loc_scaled2.2-loc_scaled5.dat
0.993241 0.006330 0.768684 0.052690 7.116298 0.927649 17.284308 -20.282929 ./BAOfit_CATALPTCICz0.466G960S729161718.parabola.R-loc_scaled2.2-loc_scaled5.dat
0.991488 0.006851 0.759184 0.055201 8.010252 1.007898 9.703456 -15.856427 ./BAOfit_CATALPTCICz0.466G960S731535461.parabola.R-loc_scaled2.2-loc_scaled5.dat
1.001430 0.007125 0.626608 0.054658 5.896181 1.196287 5.592221 -13.531780 ./BAOfit_CATALPTCICz0.466G960S732899196.parabola.R-loc_scaled2.2-loc_scaled5.dat
0.998457 0.006912 0.659805 0.051663 6.171035 1.055911 14.475437 -18.281021 ./BAOfit_CATALPTCICz0.466G960S733050440.parabola.R-loc_scaled2.2-loc_scaled5.dat
0.999584 0.006147 0.707571 0.045593 6.546690 0.796357 36.541751 -29.979227 ./BAOfit_CATALPTCICz0.466G960S733458341.parabola.R-loc_scaled2.2-loc_scaled5.dat
1.001281 0.008238 0.693668 0.061802 7.445985 1.208764 10.051485 -15.388420 ./BAOfit_CATALPTCICz0.466G960S734516214.parabola.R-loc_scaled2.2-loc_scaled5.dat
1.004976 0.006917 0.645140 0.051664 5.831172 1.113739 17.389653 -18.608080 ./BAOfit_CATALPTCICz0.466G960S741053657.parabola.R-loc_scaled2.2-loc_scaled5.dat
0.994857 0.007173 0.630718 0.050981 5.970456 1.108017 19.386489 -20.236866 ./BAOfit_CATALPTCICz0.466G960S743708650.parabola.R-loc_scaled2.2-loc_scaled5.dat
1.007071 0.008066 0.733898 0.053510 7.559550 0.903052 21.604449 -21.756536 ./BAOfit_CATALPTCICz0.466G960S750716907.parabola.R-loc_scaled2.2-loc_scaled5.dat
0.992510 0.007243 0.668194 0.054303 6.912180 1.070822 10.889282 -16.506048 ./BAOfit_CATALPTCICz0.466G960S761797766.parabola.R-loc_scaled2.2-loc_scaled5.dat
0.995561 0.005256 0.742169 0.047834 6.905046 0.834097 14.651835 -18.829034 ./BAOfit_CATALPTCICz0.466G960S763638731.parabola.R-loc_scaled2.2-loc_scaled5.dat
1.024718 0.008582 0.747508 0.079162 8.163058 1.407538 18.177200 -19.911906 ./BAOfit_CATALPTCICz0.466G960S773605341.parabola.R-loc_scaled2.2-loc_scaled5.dat
1.011199 0.007364 0.642383 0.049660 6.262985 1.010782 12.738051 -16.949195 ./BAOfit_CATALPTCICz0.466G960S77766309.parabola.R-loc_scaled2.2-loc_scaled5.dat
0.999887 0.005905 0.728127 0.048007 6.524533 0.860083 11.310821 -17.417012 ./BAOfit_CATALPTCICz0.466G960S780019608.parabola.R-loc_scaled2.2-loc_scaled5.dat
1.005121 0.007055 0.683752 0.061484 7.226033 1.217035 17.448824 -19.359549 ./BAOfit_CATALPTCICz0.466G960S782078129.parabola.R-loc_scaled2.2-loc_scaled5.dat
1.013167 0.006911 0.742122 0.058752 7.549819 1.041954 16.034219 -18.862366 ./BAOfit_CATALPTCICz0.466G960S793081490.parabola.R-loc_scaled2.2-loc_scaled5.dat
0.994618 0.006297 0.789949 0.056295 8.145206 0.966728 10.194249 -15.611355 ./BAOfit_CATALPTCICz0.466G960S793713103.parabola.R-loc_scaled2.2-loc_scaled5.dat
1.001845 0.006538 0.789161 0.071024 8.286894 1.221728 11.885225 -16.292548 ./BAOfit_CATALPTCICz0.466G960S794721539.parabola.R-loc_scaled2.2-loc_scaled5.dat
0.991149 0.006041 0.683166 0.052422 7.134622 1.049274 12.592092 -15.995826 ./BAOfit_CATALPTCICz0.466G960S808034740.parabola.R-loc_scaled2.2-loc_scaled5.dat
0.996629 0.006535 0.646461 0.054940 6.000716 1.193446 7.905015 -14.546595 ./BAOfit_CATALPTCICz0.466G960S814764424.parabola.R-loc_scaled2.2-loc_scaled5.dat
0.986791 0.006215 0.650802 0.047957 6.152338 0.982054 13.061954 -17.312253 ./BAOfit_CATALPTCICz0.466G960S824062495.parabola.R-loc_scaled2.2-loc_scaled5.dat
0.989471 0.006029 0.688435 0.048476 7.297021 0.845988 42.859237 -32.341772 ./BAOfit_CATALPTCICz0.466G960S82515621.parabola.R-loc_scaled2.2-loc_scaled5.dat
0.995284 0.006456 0.666598 0.051249 6.401302 1.023489 4.956808 -13.603684 ./BAOfit_CATALPTCICz0.466G960S82596751.parabola.R-loc_scaled2.2-loc_scaled5.dat
0.991593 0.007306 0.611143 0.053074 6.160341 1.206235 3.264283 -12.719728 ./BAOfit_CATALPTCICz0.466G960S833637829.parabola.R-loc_scaled2.2-loc_scaled5.dat
1.002871 0.009277 0.771292 0.065381 8.746134 1.166925 15.327966 -17.879303 ./BAOfit_CATALPTCICz0.466G960S834266118.parabola.R-loc_scaled2.2-loc_scaled5.dat
1.001832 0.008547 0.754083 0.065112 8.735850 1.094149 9.292541 -15.076371 ./BAOfit_CATALPTCICz0.466G960S835650869.parabola.R-loc_scaled2.2-loc_scaled5.dat
1.005136 0.007946 0.682722 0.058211 7.218543 1.140525 6.737894 -13.909601 ./BAOfit_CATALPTCICz0.466G960S839936506.parabola.R-loc_scaled2.2-loc_scaled5.dat
1.003983 0.007148 0.814590 0.066198 9.267915 1.080870 7.864605 -14.753394 ./BAOfit_CATALPTCICz0.466G960S845458243.parabola.R-loc_scaled2.2-loc_scaled5.dat
0.992310 0.006754 0.725133 0.051664 7.194757 0.947472 7.952006 -13.585503 ./BAOfit_CATALPTCICz0.466G960S854853218.parabola.R-loc_scaled2.2-loc_scaled5.dat
0.987595 0.008937 0.714477 0.070642 8.133994 1.409962 6.885028 -14.027787 ./BAOfit_CATALPTCICz0.466G960S85829856.parabola.R-loc_scaled2.2-loc_scaled5.dat
0.996390 0.007487 0.737916 0.053636 7.788146 0.973901 19.469224 -20.519897 ./BAOfit_CATALPTCICz0.466G960S862088714.parabola.R-loc_scaled2.2-loc_scaled5.dat
0.995830 0.007524 0.723807 0.063272 7.278395 1.196715 10.091557 -16.098988 ./BAOfit_CATALPTCICz0.466G960S862729728.parabola.R-loc_scaled2.2-loc_scaled5.dat
1.001410 0.008160 0.610528 0.057458 6.632115 1.208268 10.972644 -15.318651 ./BAOfit_CATALPTCICz0.466G960S882848105.parabola.R-loc_scaled2.2-loc_scaled5.dat
1.007095 0.006192 0.832828 0.065206 8.609689 1.040903 9.685600 -15.136575 ./BAOfit_CATALPTCICz0.466G960S889288774.parabola.R-loc_scaled2.2-loc_scaled5.dat
0.996211 0.007002 0.674621 0.047452 6.158600 0.950047 23.407664 -22.996041 ./BAOfit_CATALPTCICz0.466G960S892584783.parabola.R-loc_scaled2.2-loc_scaled5.dat
0.999655 0.007947 0.803602 0.090304 9.423786 1.659841 12.729520 -16.676420 ./BAOfit_CATALPTCICz0.466G960S902626519.parabola.R-loc_scaled2.2-loc_scaled5.dat
0.994621 0.006119 0.659681 0.049979 6.666873 0.976981 14.781590 -15.981105 ./BAOfit_CATALPTCICz0.466G960S903542203.parabola.R-loc_scaled2.2-loc_scaled5.dat
0.987879 0.005695 0.639528 0.043440 5.654706 0.892258 11.195628 -17.010077 ./BAOfit_CATALPTCICz0.466G960S908161114.parabola.R-loc_scaled2.2-loc_scaled5.dat
0.997043 0.008022 0.682048 0.057286 7.413099 1.088238 21.364163 -20.154925 ./BAOfit_CATALPTCICz0.466G960S913643544.parabola.R-loc_scaled2.2-loc_scaled5.dat
0.999336 0.009858 0.649721 0.073166 8.105006 1.535025 6.776560 -13.423707 ./BAOfit_CATALPTCICz0.466G960S917280234.parabola.R-loc_scaled2.2-loc_scaled5.dat
1.000969 0.006993 0.704235 0.052208 6.874408 0.986132 11.425406 -16.808457 ./BAOfit_CATALPTCICz0.466G960S92631322.parabola.R-loc_scaled2.2-loc_scaled5.dat
0.990362 0.005932 0.709112 0.050511 7.063247 0.947516 19.384541 -20.465331 ./BAOfit_CATALPTCICz0.466G960S928548597.parabola.R-loc_scaled2.2-loc_scaled5.dat
0.995890 0.007851 0.634043 0.052931 6.859133 1.058147 13.917906 -17.609832 ./BAOfit_CATALPTCICz0.466G960S931837676.parabola.R-loc_scaled2.2-loc_scaled5.dat
1.003294 0.008681 0.728578 0.066444 8.292726 1.211894 9.574095 -15.317400 ./BAOfit_CATALPTCICz0.466G960S932326958.parabola.R-loc_scaled2.2-loc_scaled5.dat
1.003247 0.006523 0.706660 0.053207 6.716950 1.047775 14.363375 -18.043238 ./BAOfit_CATALPTCICz0.466G960S935344129.parabola.R-loc_scaled2.2-loc_scaled5.dat
0.992957 0.008036 0.728813 0.063726 8.247712 1.275643 15.494439 -17.889489 ./BAOfit_CATALPTCICz0.466G960S938312801.parabola.R-loc_scaled2.2-loc_scaled5.dat
1.004655 0.006195 0.699758 0.053945 6.691349 1.041408 13.157967 -15.211933 ./BAOfit_CATALPTCICz0.466G960S938529308.parabola.R-loc_scaled2.2-loc_scaled5.dat
1.007521 0.009797 0.708218 0.073958 8.659819 1.359159 16.968765 -18.869341 ./BAOfit_CATALPTCICz0.466G960S943243328.parabola.R-loc_scaled2.2-loc_scaled5.dat
1.000698 0.008165 0.766582 0.071988 8.880031 1.296877 23.127992 -21.735423 ./BAOfit_CATALPTCICz0.466G960S952021396.parabola.R-loc_scaled2.2-loc_scaled5.dat
0.984067 0.007921 0.617736 0.050075 6.159940 1.096709 4.939510 -13.136207 ./BAOfit_CATALPTCICz0.466G960S952059125.parabola.R-loc_scaled2.2-loc_scaled5.dat
1.005182 0.007014 0.661541 0.050983 6.371127 0.991426 19.456390 -20.187306 ./BAOfit_CATALPTCICz0.466G960S955456861.parabola.R-loc_scaled2.2-loc_scaled5.dat
1.007244 0.005545 0.685888 0.047210 5.972272 0.897411 10.867404 -17.124200 ./BAOfit_CATALPTCICz0.466G960S956291290.parabola.R-loc_scaled2.2-loc_scaled5.dat
1.007921 0.005488 0.700400 0.046738 6.106372 0.872010 14.178436 -17.379420 ./BAOfit_CATALPTCICz0.466G960S956484648.parabola.R-loc_scaled2.2-loc_scaled5.dat
1.005492 0.006562 0.760912 0.055673 7.578933 0.960996 8.224439 -13.592828 ./BAOfit_CATALPTCICz0.466G960S956889561.parabola.R-loc_scaled2.2-loc_scaled5.dat
1.007383 0.007237 0.810014 0.062542 8.732562 1.027532 20.675955 -21.491148 ./BAOfit_CATALPTCICz0.466G960S95786646.parabola.R-loc_scaled2.2-loc_scaled5.dat
0.998889 0.005997 0.736477 0.050511 7.025071 0.913802 9.740645 -15.424365 ./BAOfit_CATALPTCICz0.466G960S964595228.parabola.R-loc_scaled2.2-loc_scaled5.dat
1.003263 0.007035 0.682420 0.052520 6.641142 1.052033 2.611163 -12.130686 ./BAOfit_CATALPTCICz0.466G960S969261578.parabola.R-loc_scaled2.2-loc_scaled5.dat
1.005876 0.005915 0.763591 0.061632 7.673510 1.133871 12.331697 -17.321280 ./BAOfit_CATALPTCICz0.466G960S981480044.parabola.R-loc_scaled2.2-loc_scaled5.dat
0.997179 0.006321 0.729470 0.053453 7.009534 0.958509 14.695594 -18.549795 ./BAOfit_CATALPTCICz0.466G960S98241535.parabola.R-loc_scaled2.2-loc_scaled5.dat
1.005464 0.005827 0.693937 0.047629 5.827581 0.921732 11.594598 -17.417585 ./BAOfit_CATALPTCICz0.466G960S98547386.parabola.R-loc_scaled2.2-loc_scaled5.dat
0.991421 0.007149 0.712998 0.060116 8.204265 1.104755 9.458595 -15.295443 ./BAOfit_CATALPTCICz0.466G960S993431144.parabola.R-loc_scaled2.2-loc_scaled5.dat
0.999026 0.007811 0.676896 0.057018 6.879758 1.138980 26.768287 -23.839705 ./BAOfit_CATALPTCICz0.466G960S996166056.parabola.R-loc_scaled2.2-loc_scaled5.dat
