2.5 9.9729293 0.1084419
7.5 1.417841 -0.05625401
12.5 0.31771565 -0.074297247
17.5 -0.026529425 -0.044367814
22.5 -0.14002345 -0.043424417
27.5 -0.12773838 -0.034974102
32.5 -0.018037477 -0.022450976
37.5 0.032893155 0.0014716022
42.5 0.025893558 -0.0030747169
47.5 0.01850396 0.0031774085
52.5 0.011018908 -0.002884768
57.5 0.0078203032 -0.009077471
62.5 0.0057212644 -0.0041464031
67.5 0.0033512336 -0.00528987
72.5 0.0047351593 -0.0038750321
77.5 0.0036418222 -0.00065997445
82.5 0.001612451 -0.0014622659
87.5 0.0026379081 -0.0036549691
92.5 0.0018604825 -0.0050290105
97.5 0.0017871429 -0.0058490353
102.5 0.00036106439 -0.0040114177
107.5 0.00036632916 -0.0036086697
112.5 0.00068841139 -0.0025884653
117.5 -0.00012645509 -0.0020970209
122.5 0.00022020655 -0.0060009306
127.5 0.00030796528 -0.0053816145
132.5 8.0565052e-05 -0.0032951215
137.5 0.00042653828 -0.0019325271
142.5 0.001185629 -1.2415053e-05
147.5 -5.9765148e-05 -0.0013431678
152.5 -3.8827783e-05 -0.0032472422
157.5 0.00023628534 -0.0042890164
162.5 0.0010229126 -0.003977905
167.5 0.0007429132 -0.0015941062
172.5 0.00065764009 -0.00091903449
177.5 2.6175431e-05 -0.0010926558
182.5 0.00039599546 -0.0020700253
187.5 0.00026258681 -0.0005838714
192.5 0.00030236087 -0.0014520794
197.5 0.00027414054 -0.0012786098
