2.5 10.251719 -0.26125542
7.5 1.4675646 -0.091301868
12.5 0.33989491 -0.038806011
17.5 -0.022193083 -0.037177877
22.5 -0.14639104 -0.040775714
27.5 -0.13350406 -0.046515457
32.5 -0.020462217 -0.024546148
37.5 0.02947488 -0.01176224
42.5 0.027379407 8.1437094e-05
47.5 0.021688378 0.0019157824
52.5 0.011816456 4.1809992e-05
57.5 0.0042735721 -0.00065530996
62.5 0.003936244 0.0015269375
67.5 0.0039044498 -0.0014286958
72.5 0.0026934102 -0.001443394
77.5 0.0035458519 -0.0014414265
82.5 0.0018630435 0.0046534771
87.5 0.0019000516 0.0022267661
92.5 0.00096737658 0.00037164894
97.5 0.001091077 0.00079967593
102.5 0.0027392767 -0.00036991551
107.5 0.0015722427 -0.0014201892
112.5 0.0013888243 -0.0034715535
117.5 0.001034206 -0.0026824069
122.5 0.00081681782 0.0028863495
127.5 0.00088973084 0.0034769913
132.5 0.00080774259 0.0025966361
137.5 -5.5034517e-06 -0.0024941153
142.5 0.0010590565 -0.00072013915
147.5 -0.00083821971 -0.0015870787
152.5 -0.00044696427 -0.0019358225
157.5 0.0010082141 -0.0017738999
162.5 0.0008084615 -0.00052563867
167.5 0.00057862782 -9.77157e-05
172.5 0.00053999043 0.0016857939
177.5 0.0011491776 0.0038647298
182.5 0.00038917472 0.002168947
187.5 0.00067778595 0.0011288372
192.5 -0.00037970539 -0.00051038809
197.5 -0.00050361434 -0.0012752346
