2.5 10.065802 0.2260397
7.5 1.4272788 -0.051053212
12.5 0.31655459 -0.023110046
17.5 -0.027997995 -0.027957004
22.5 -0.14444832 -0.043590073
27.5 -0.1334841 -0.042699482
32.5 -0.020033079 -0.025471237
37.5 0.028738139 -0.006886494
42.5 0.025657839 -0.0068842688
47.5 0.016496339 -0.0099202642
52.5 0.010991192 -0.0084776995
57.5 0.0069237903 -0.01056687
62.5 0.0028334694 -0.011869067
67.5 0.0021226578 -0.0088717142
72.5 0.0019515191 -0.0049520497
77.5 0.0013603544 -0.0050541727
82.5 -0.00039056209 -0.0047120236
87.5 0.00042945115 -0.0066601547
92.5 0.0016817997 -0.002067355
97.5 6.295516e-05 -0.00079636509
102.5 -0.00049923468 -0.003344845
107.5 -0.0013332683 -0.0055261346
112.5 -0.00099541024 -0.0040725751
117.5 -0.00023349897 -0.0026404256
122.5 0.00083741832 -0.00077742105
127.5 0.00079396878 0.0012769248
132.5 -0.00012958662 0.0015737449
137.5 0.00061555231 -0.0009934507
142.5 -0.00044309444 -0.0035114989
147.5 -0.00035192274 -0.0025664401
152.5 -0.00052075481 -0.0019321093
157.5 -0.00066236192 -0.00068339837
162.5 -1.0373813e-05 0.00024784604
167.5 0.00033378592 0.00041364723
172.5 -9.6367378e-05 -8.9904005e-05
177.5 -0.00093527029 0.00042257859
182.5 -0.0010358218 0.0019379852
187.5 -0.00013388846 -9.5177809e-05
192.5 -0.00024827943 0.00062079219
197.5 0.0001175698 0.00037635575
