2.5 10.298341 -0.17369222
7.5 1.4967019 -0.098311168
12.5 0.33870828 -0.063972376
17.5 -0.023538668 -0.058207983
22.5 -0.14201741 -0.056440616
27.5 -0.12937275 -0.050243035
32.5 -0.019335174 -0.025872186
37.5 0.027550484 -0.0026371702
42.5 0.028352217 -0.0020619791
47.5 0.020888167 -0.0027406404
52.5 0.012021814 -0.0010566076
57.5 0.0055261418 -0.0065542957
62.5 0.0039510099 -0.0060045192
67.5 0.0028784243 -0.0090114202
72.5 0.00033195525 0.0010580164
77.5 0.00091753385 -0.0012009563
82.5 0.0014162144 -0.00094476891
87.5 0.0015600743 0.00072537161
92.5 0.0017349753 -7.3936734e-05
97.5 0.00068045269 -0.0024527683
102.5 0.00086982226 -0.0021957603
107.5 0.0026134466 -0.00049870679
112.5 0.0015290308 -0.0012393298
117.5 0.00069591852 -0.00087351927
122.5 -0.00039212676 -0.0045649722
127.5 -0.001817176 -0.0053782065
132.5 2.557984e-06 -0.0024975899
137.5 -0.00016063211 0.0019895738
142.5 0.00040819139 0.00036291605
147.5 0.001311174 -0.002462398
152.5 0.00073575172 -0.0021632146
157.5 -0.00010137846 -0.0016180907
162.5 -6.5331892e-05 -1.1320415e-05
167.5 0.00034482495 0.0014079952
172.5 -0.00018137721 0.00012914504
177.5 -0.00032468156 0.00061334329
182.5 -0.0003501347 0.00014207994
187.5 0.00048522739 3.5367489e-05
192.5 -0.00086796978 0.00042547552
197.5 -0.00063660545 -0.0015973149
