2.5 10.099239 0.19599643
7.5 1.4255309 -0.046697677
12.5 0.31092975 -0.041294838
17.5 -0.036604788 -0.03688095
22.5 -0.14415909 -0.033895621
27.5 -0.12790159 -0.038668939
32.5 -0.013309162 -0.02500503
37.5 0.034685166 -0.01024624
42.5 0.028824836 -0.016995297
47.5 0.017093641 -0.0089398699
52.5 0.010071311 -0.0043545562
57.5 0.0069352055 0.00188036
62.5 0.0068111411 -5.8771071e-05
67.5 0.0055106226 -0.0052339072
72.5 0.0048058893 -0.0047090366
77.5 0.0028221007 -0.0031904103
82.5 0.003629966 -0.0025968501
87.5 0.0015866389 -0.0064637444
92.5 0.0025461797 -0.0065620917
97.5 0.0028315857 -0.0059298594
102.5 0.002437337 -0.0049979232
107.5 0.0025808014 -0.004363958
112.5 0.0016726479 -0.0063015744
117.5 0.00036995375 -0.0028404735
122.5 -0.00051454848 -0.004925058
127.5 -8.2788492e-05 -0.004052255
132.5 0.00094142278 -0.0045240093
137.5 0.0011258788 -0.0050003662
142.5 0.00046175243 -0.0032731927
147.5 0.00066541188 -0.0057396349
152.5 0.00043369455 -0.0074095444
157.5 -0.0008032339 -0.004985836
162.5 0.00029741016 -0.002576321
167.5 0.00096564947 -0.0012019914
172.5 0.00022128468 0.00031881939
177.5 -0.00043474478 0.00013836693
182.5 -0.00010474562 -0.0023154993
187.5 -5.6785324e-05 -0.0011440033
192.5 7.690242e-05 0.00031731752
197.5 -0.00015411742 -0.00074581443
