2.5 10.582644 -0.18275184
7.5 1.545163 -0.12556295
12.5 0.35199487 -0.05600961
17.5 -0.017591871 -0.053441767
22.5 -0.14118405 -0.047298357
27.5 -0.13382899 -0.037223344
32.5 -0.018272413 -0.020869134
37.5 0.032287752 -0.0054422255
42.5 0.029998846 0.00081207045
47.5 0.020996034 0.00086484791
52.5 0.010206949 -0.010379095
57.5 0.0032755526 -0.0066109707
62.5 0.002523268 -0.002270341
67.5 0.0017477177 -0.0046552131
72.5 0.0023860839 -0.0050621338
77.5 0.00051028323 -0.0085193628
82.5 0.0030168251 -0.0060382107
87.5 0.0014682749 -0.0067977624
92.5 -0.00085795103 -0.0046568377
97.5 0.0019993511 -0.0043300035
102.5 0.00038856431 -0.00029561093
107.5 0.00018941197 0.0015515725
112.5 0.00029329412 -0.00092401582
117.5 0.00011733654 -0.0017339987
122.5 -5.0221767e-05 -0.002727503
127.5 0.0013645597 -0.0044139569
132.5 0.0021949368 9.4710261e-05
137.5 -0.00020226172 0.00061971251
142.5 -0.00046039206 0.00068079501
147.5 -0.00093122864 -0.0019901109
152.5 -9.7502037e-05 -0.0017172353
157.5 -6.723766e-05 -0.0025442326
162.5 0.00054343659 -0.00025835904
167.5 -0.00012034663 0.00075841359
172.5 0.0004611551 0.0015330886
177.5 0.00094254358 0.00058953161
182.5 0.00074426003 0.0028975577
187.5 -0.00084444684 -0.00036875062
192.5 0.00014501792 0.0013959797
197.5 0.00043248795 0.001095842
