2.5 10.491249 -0.1659822
7.5 1.5297182 -0.059187064
12.5 0.32873837 -0.0447087
17.5 -0.030172219 -0.03692765
22.5 -0.15026607 -0.038979622
27.5 -0.14000301 -0.028793279
32.5 -0.020091 -0.017610315
37.5 0.035525765 -0.0052316
42.5 0.029045796 -0.0027155994
47.5 0.017008554 -0.0030585516
52.5 0.01031985 0.00030372869
57.5 0.0036097236 -0.0020125102
62.5 0.001815581 -0.0072311634
67.5 -0.001658332 -0.00032792147
72.5 0.0016421822 -0.0020194099
77.5 0.00067993048 -0.0082090961
82.5 -0.00066579969 -0.0065147904
87.5 -0.00071061962 -0.0062860635
92.5 0.00041327393 -0.00095528076
97.5 0.0012207024 -0.00024705238
102.5 0.00047096316 0.00065335889
107.5 -0.0002005185 0.00086796853
112.5 0.00053181785 -0.0035317403
117.5 -0.000873392 -0.0049743569
122.5 -0.0015778267 0.0014964611
127.5 -0.00057926033 0.0010805704
132.5 0.00056661486 -0.00062414317
137.5 1.3550068e-05 -0.0044511729
142.5 0.00016524896 -0.004041012
147.5 -0.00061490492 -0.0036465844
152.5 -0.0007933165 -0.001683541
157.5 -0.00032514443 0.00042421662
162.5 -6.9404552e-07 0.0010025917
167.5 0.00030265931 0.00040676071
172.5 0.0006696189 -0.00086600276
177.5 3.4229841e-05 -0.0026537896
182.5 0.00077945851 -0.00030221189
187.5 0.00024684383 0.00035922142
192.5 -0.00021723242 0.002080369
197.5 -0.00040291166 0.0011986799
