2.5 9.9332399 0.27665907
7.5 1.4148547 -0.0021830532
12.5 0.30276376 -0.042859318
17.5 -0.038618255 -0.034099277
22.5 -0.14805529 -0.032929857
27.5 -0.13159051 -0.038952741
32.5 -0.016484025 -0.018589683
37.5 0.027966309 -0.0072199972
42.5 0.02521941 -0.0029163843
47.5 0.017482959 -0.00095273437
52.5 0.0087575295 -0.0013608861
57.5 0.0035471447 -0.0033184275
62.5 0.0024621646 -0.0047473826
67.5 0.0024596367 -0.0075416309
72.5 0.0021713728 -0.0087735269
77.5 0.0036248606 -0.0072251845
82.5 0.0030313959 -0.0049202644
87.5 0.0020502793 -0.0074110348
92.5 0.0015673646 -0.0079125643
97.5 0.00037532453 -0.0032350884
102.5 0.00086542595 -0.0015167708
107.5 0.00080541875 -0.0011342336
112.5 0.0017277441 -0.0030478486
117.5 0.00065721888 -0.0045964416
122.5 -0.0002081275 -0.0048830829
127.5 -0.00043414749 -0.0055174448
132.5 2.1135562e-05 -0.0043840446
137.5 0.00050922853 -0.0035404317
142.5 0.0012004739 -0.0010464979
147.5 0.0013333593 -0.00053009501
152.5 0.00013158681 0.00066695998
157.5 -0.00050230752 -0.00094784448
162.5 3.6133789e-05 -0.0010921741
167.5 7.8992122e-05 -0.002254515
172.5 0.00068876404 -0.00113168
177.5 -1.9836702e-05 -5.1606895e-05
182.5 3.6099763e-05 -0.0024876477
187.5 -0.00029381337 -0.0017032494
192.5 0.00014150087 0.00039968284
197.5 -0.00051304494 0.00020156562
