2.5 9.9507654 0.029438851
7.5 1.38194 -0.067814965
12.5 0.29511451 -0.045768664
17.5 -0.041196341 -0.047773522
22.5 -0.15316498 -0.054597776
27.5 -0.1279521 -0.048951588
32.5 -0.016936243 -0.0262064
37.5 0.027316542 -0.0062111958
42.5 0.022181707 0.0028675298
47.5 0.014202253 -0.0060536055
52.5 0.0081921087 0.0011057529
57.5 0.0065936078 0.0011740448
62.5 0.0040439199 -5.3392035e-05
67.5 0.0029120709 -0.0035344344
72.5 0.0027347923 -0.0020214217
77.5 0.0016121386 -0.0056121883
82.5 0.0012293229 -0.0050868312
87.5 0.00084516649 -0.0022708837
92.5 0.0018422152 -0.0034825096
97.5 0.00070683003 -0.0038428741
102.5 0.0012479235 -0.0031540248
107.5 -0.00066663894 -0.00091938607
112.5 -0.0014174252 -0.0016852516
117.5 -0.00045819728 -0.0062274551
122.5 -0.00010670194 -0.0043969687
127.5 0.0012360726 -0.0044477388
132.5 -7.7360238e-05 -0.0024109379
137.5 0.00011101152 -0.0019874025
142.5 -0.002216177 -0.0011685396
147.5 -0.00070424843 -0.0028926495
152.5 -0.00036542353 -0.0033188921
157.5 -0.00065740854 -0.0027083541
162.5 5.1140087e-05 -0.0019143627
167.5 -0.0010304612 -0.0011828969
172.5 -8.6846107e-05 -0.0005265036
177.5 0.00038055546 0.00023476408
182.5 0.00051982832 -0.00057268224
187.5 -0.00020539588 -7.494485e-05
192.5 -0.00069061518 -0.0002741932
197.5 0.0006359014 0.00093689041
