2.5 10.528142 -0.43648721
7.5 1.5233545 -0.1000995
12.5 0.3424316 -0.060090434
17.5 -0.022961648 -0.044312023
22.5 -0.1468931 -0.047564801
27.5 -0.13222062 -0.046105743
32.5 -0.018464769 -0.019126667
37.5 0.030937708 0.0049168159
42.5 0.027303181 -0.0033810481
47.5 0.014218384 -0.0039764926
52.5 0.0098361317 -0.0056650809
57.5 0.0044466466 -0.00097756967
62.5 0.0025941079 -0.0013303784
67.5 0.0020274128 -0.0040562162
72.5 0.0033591837 -0.0031218693
77.5 0.001890817 -0.0032353235
82.5 0.00085640024 -0.0060496867
87.5 0.0011640865 -0.0036182153
92.5 0.001325628 -0.0040620336
97.5 0.0018264851 -0.0045115359
102.5 0.00067317201 -0.0042179743
107.5 0.00033078718 -0.0033461819
112.5 0.00045883928 -0.004511634
117.5 0.00053966318 -0.0019590103
122.5 0.0012820771 0.0025466268
127.5 0.00046789938 0.0020552591
132.5 -0.00081598809 -0.00051676332
137.5 -0.00032277267 -0.0012103812
142.5 0.00011036703 -0.0033823304
147.5 -0.0014895764 -0.0046580509
152.5 -0.0010171286 -0.0015038181
157.5 8.5081422e-05 0.0015032423
162.5 -0.00040413737 0.0047305233
167.5 0.00092041711 0.003270057
172.5 0.00073917486 -0.00052068659
177.5 0.00019705783 -0.0032952813
182.5 -0.00019294022 -0.0026952636
187.5 -0.00095786294 -0.0028421547
192.5 -0.00049711562 -0.00040855442
197.5 0.00015474613 -0.00050961185
