2.5 10.481494 -0.18412338
7.5 1.5224671 -0.083921805
12.5 0.34032118 -0.074021998
17.5 -0.029913415 -0.033068641
22.5 -0.14817365 -0.042260305
27.5 -0.1366944 -0.047503127
32.5 -0.02041967 -0.034092763
37.5 0.031477731 -0.0096626758
42.5 0.025918938 -0.0073135018
47.5 0.016604822 -0.0041945199
52.5 0.011074227 -0.0020831305
57.5 0.0079755138 -0.0017665702
62.5 0.0039583484 -0.0019636587
67.5 0.00049994712 -0.0042225815
72.5 0.000634711 -0.0021977518
77.5 0.0019684597 0.00035048081
82.5 -0.00078364363 -0.00028270342
87.5 8.936434e-05 0.0030581338
92.5 0.0026864224 0.00032452122
97.5 0.00051551263 -0.0015744011
102.5 0.0010745234 -0.00054299776
107.5 -0.0006664492 0.00092155377
112.5 -0.00021394644 -0.0024085211
117.5 -0.0010653736 -0.0019027238
122.5 0.0015399529 0.00068438653
127.5 0.00037970838 -0.0024894132
132.5 0.00053794757 -0.0037154275
137.5 -0.00012559814 -0.0037566148
142.5 -0.0012606701 -0.0022613083
147.5 -0.00035205021 -0.0015620716
152.5 -4.9124289e-05 -0.0012666681
157.5 0.00056432214 -0.0012560835
162.5 0.00014235433 0.001208286
167.5 -0.00048806109 0.0013073736
172.5 0.00074170837 -0.001935345
177.5 0.00020484159 -0.0011106942
182.5 0.00013046413 -0.0021038859
187.5 -0.00025238509 -0.0016636426
192.5 -0.00024669319 -0.001480067
197.5 2.0523473e-05 -0.0027508975
