2.5 9.8222966 0.22820508
7.5 1.391817 -0.043371264
12.5 0.29488241 -0.033239658
17.5 -0.035852672 -0.039605305
22.5 -0.14442512 -0.044117402
27.5 -0.12820269 -0.035897663
32.5 -0.015020514 -0.024241736
37.5 0.038302479 -0.0059655475
42.5 0.026171183 -0.0012957587
47.5 0.01780548 0.0030416363
52.5 0.011570966 0.00097806121
57.5 0.00888896 -0.0012377504
62.5 0.0060788846 1.0794498e-05
67.5 0.0042682617 -0.0032315885
72.5 0.0037570462 -0.0047191889
77.5 0.003224285 -0.0064831888
82.5 0.0022656619 -0.0031186248
87.5 0.0024201601 0.00046197917
92.5 0.0017943145 -1.8793667e-05
97.5 0.0010292755 -0.0040756384
102.5 0.00036761943 -0.0047198449
107.5 0.00046226733 -0.0055530958
112.5 0.00017207468 -0.0061158947
117.5 -0.0018677284 -0.0041011946
122.5 -0.00059836814 -0.0048370546
127.5 -0.00081713736 -0.0019968281
132.5 0.00011037456 -0.0020660963
137.5 0.001464126 -0.0025372684
142.5 0.00024719746 -0.0038670266
147.5 -0.000964962 -0.0024488151
152.5 0.00037290174 -0.001930468
157.5 0.00049658999 -0.0011293745
162.5 0.0004093004 -0.0016094125
167.5 0.000148354 -0.0010201157
172.5 3.5244351e-05 -0.0021145385
177.5 2.1801086e-05 -0.0021310554
182.5 -8.363073e-05 -0.00058990232
187.5 -0.00058298493 0.00059940103
192.5 -0.00026651103 -0.00020616543
197.5 0.00023177515 -0.0010563016
