2.5 10.487176 -0.24154911
7.5 1.4951163 -0.08030274
12.5 0.33052582 -0.08650972
17.5 -0.030231619 -0.049788598
22.5 -0.15207483 -0.057962085
27.5 -0.13578585 -0.050148045
32.5 -0.019152756 -0.02487197
37.5 0.030162843 -0.0080328461
42.5 0.026457531 0.0004654055
47.5 0.020379093 -0.00058009919
52.5 0.0093779654 -0.0044230496
57.5 0.002890843 -0.0074547933
62.5 0.00023499153 -0.0068650829
67.5 0.0017922293 -0.0069977958
72.5 0.00084456348 -0.0063899251
77.5 0.00048974473 -0.0047186013
82.5 0.00027522021 -0.0026756123
87.5 -0.000640408 -0.0010303019
92.5 -0.00065637662 -0.0021446643
97.5 -0.00064434107 -0.0027602047
102.5 0.00086381388 -0.00036136099
107.5 0.0011946343 0.0029038598
112.5 0.00019411775 0.002613086
117.5 0.00065749283 0.0023171132
122.5 0.00015974142 0.00093208426
127.5 -4.2485588e-05 -0.0015718144
132.5 0.00020367542 -0.00012347929
137.5 -0.0011182151 0.00059113368
142.5 -0.00058615145 -0.00049907682
147.5 -0.00041721893 -0.00049667638
152.5 -0.00051588544 -0.0032995508
157.5 -0.00013743079 -0.00092580279
162.5 -0.00023215272 -0.00049741461
167.5 0.00047815505 -2.5767925e-05
172.5 -0.001149101 0.0018430271
177.5 -0.0010731604 -0.0011884041
182.5 -0.00056649187 -0.0010796916
187.5 0.00062816116 -0.00087391177
192.5 0.00039475618 -0.00026673731
197.5 -0.00021541396 -0.0024740184
