2.5 9.9903563 0.28201695
7.5 1.4050711 -0.045372297
12.5 0.31184354 -0.062974489
17.5 -0.030568058 -0.04192888
22.5 -0.14235925 -0.057369039
27.5 -0.1273743 -0.043907615
32.5 -0.017458184 -0.031681342
37.5 0.02826657 -0.015996129
42.5 0.02274736 -0.0012017053
47.5 0.015179534 -0.0011585578
52.5 0.011740704 -0.0045279559
57.5 0.0093591104 0.00040298336
62.5 0.0076773828 -0.0033319665
67.5 0.0054426576 -0.0087029161
72.5 0.0021909902 -0.0069553046
77.5 0.00064472062 -0.0098209824
82.5 2.7130176e-05 -0.0051030543
87.5 0.00030206722 -0.0048121708
92.5 -0.001007016 -0.005985034
97.5 0.00015642308 -0.0023579031
102.5 -0.00058199021 -0.0015534766
107.5 0.00050259135 -0.0037418123
112.5 0.00073735573 -0.0024863337
117.5 0.00034595715 -0.0033252938
122.5 0.000504517 -0.0031407053
127.5 -0.0011920176 -0.0031914755
132.5 -0.001071465 -0.0032985525
137.5 -4.3168168e-05 -0.0045383335
142.5 0.00015709555 -0.0014714852
147.5 0.00078255963 0.0004150142
152.5 0.00019764393 0.00034344298
157.5 0.00036125367 0.00077950625
162.5 -0.00052323695 -0.00064731683
167.5 -0.00015269076 -0.00079956906
172.5 0.00025471419 -0.0020608037
177.5 -0.00024775768 -0.0015310412
182.5 -0.00084753488 -0.00068587135
187.5 -0.000579709 -0.00099023951
192.5 0.0002696794 0.0010121195
197.5 -0.00010102558 0.00038804846
