2.5 10.137729 0.14826698
7.5 1.4322477 -0.066304107
12.5 0.3210145 -0.060288899
17.5 -0.026465159 -0.05742956
22.5 -0.1443463 -0.048825971
27.5 -0.13325803 -0.049621786
32.5 -0.018074121 -0.032616613
37.5 0.02935751 -0.0094162525
42.5 0.026270688 0.0016252462
47.5 0.016837048 0.0020467413
52.5 0.0089096239 0.0006758359
57.5 0.0046615936 -0.005382345
62.5 0.0042389477 -0.0077096842
67.5 0.0026872284 -0.0060627777
72.5 0.0021139562 -0.0059329871
77.5 0.0034381714 -0.0052225739
82.5 -0.00023663211 -0.0036237794
87.5 -0.001366958 -0.0030783011
92.5 -0.00085602737 -0.0056805351
97.5 -0.00033110306 -0.002852504
102.5 0.00026466432 -0.0053263627
107.5 0.0009286654 -0.0069756754
112.5 -0.00073262428 -0.0055542312
117.5 0.0010445166 -0.0041357276
122.5 5.8541941e-05 -0.0067357496
127.5 -0.00078873943 -0.0044320562
132.5 -0.00035906798 -0.0032467558
137.5 -0.00066286318 -0.00085618327
142.5 -0.00085480488 -0.0024279705
147.5 0.00015779718 -0.0048172702
152.5 0.00043531778 -0.0032075833
157.5 0.00036307482 -0.0010456423
162.5 -0.00059075475 -0.00072102365
167.5 -0.00072567565 -0.0010420387
172.5 5.6853691e-05 -0.00011848788
177.5 9.1770005e-05 -0.0018667366
182.5 0.00048710653 -0.0001702641
187.5 -9.0918964e-05 -0.00051723698
192.5 0.00019471222 0.0010186124
197.5 0.00080945025 0.0024524537
