2.5 10.332743 -0.30217615
7.5 1.4817916 -0.10231038
12.5 0.32866422 -0.062850695
17.5 -0.022220681 -0.047643971
22.5 -0.14094764 -0.04411754
27.5 -0.12685759 -0.046028053
32.5 -0.013966442 -0.026023788
37.5 0.030024486 -0.011180858
42.5 0.025693529 -0.016959299
47.5 0.014011918 -0.0055129746
52.5 0.010271415 -0.00037391751
57.5 0.0087008997 -0.00033032216
62.5 0.0039115381 0.0038034852
67.5 0.002236572 -0.0021396963
72.5 -3.7446314e-05 -0.0052075533
77.5 -0.0017740255 -0.0037104871
82.5 0.00026912804 -0.005910623
87.5 0.00099323931 -0.0055212156
92.5 0.00019126559 -0.0030401976
97.5 7.5943177e-05 -0.002040236
102.5 -0.00031848287 -0.0010521768
107.5 -0.0022553025 -0.00013786346
112.5 -0.00027879391 -0.00051336307
117.5 0.00046963586 -0.0028712647
122.5 -0.00064306765 -0.0014484937
127.5 0.00029445147 -0.0002402127
132.5 0.00058465486 -0.0019020744
137.5 0.00033304391 -0.0022302683
142.5 -0.00091886857 -0.0022570575
147.5 -0.00128908 0.0014121507
152.5 -0.00089495825 0.0007885488
157.5 0.00053828443 0.0019868223
162.5 0.00071946926 0.0011612935
167.5 0.00048220554 -0.0039612157
172.5 0.0012128778 -0.0016352471
177.5 0.0011039288 -0.00097944391
182.5 0.0006908505 -0.00066457556
187.5 -0.00029806527 -0.0008521145
192.5 0.00067081508 0.00029928906
197.5 0.00027324339 -0.00093705781
