2.5 10.588496 -0.17726787
7.5 1.5361869 -0.059780569
12.5 0.35267828 -0.05702864
17.5 -0.021297206 -0.042594509
22.5 -0.14542302 -0.036686677
27.5 -0.13694339 -0.040028285
32.5 -0.026105729 -0.023226824
37.5 0.024051979 -0.0075506957
42.5 0.021172428 0.0019322958
47.5 0.017017337 0.0033748981
52.5 0.011960972 0.0030268769
57.5 0.0046961369 -0.0066428393
62.5 0.0018809021 -0.0079355263
67.5 0.0023218024 -0.0042860217
72.5 0.0031386489 -0.00050392503
77.5 0.00040584707 -0.0023997451
82.5 0.0010023631 -0.0014355524
87.5 0.00046163706 -0.0086328198
92.5 -0.00041985977 -0.0024544258
97.5 0.0010832378 -0.003809316
102.5 0.0016651258 -0.0038896606
107.5 0.00059188568 -0.0016866459
112.5 0.00026603206 -0.0064914226
117.5 0.00043455007 -0.0017567332
122.5 0.00044703765 0.0015683353
127.5 0.00019879039 -0.0015310945
132.5 -0.00027515215 -0.00063665877
137.5 0.00073654649 0.00027323882
142.5 0.0012727561 -0.0012474498
147.5 0.0014297353 -0.002095212
152.5 0.00020403626 -0.00096507088
157.5 0.00042899859 -0.00087778667
162.5 0.0011604259 -0.00088827564
167.5 0.00071198007 -0.00039797975
172.5 6.2684894e-05 0.00083635672
177.5 0.00044518366 0.00037188564
182.5 0.00021513187 -0.0010370589
187.5 0.0010122275 0.00026042853
192.5 0.00095354771 -0.00099940268
197.5 0.00049607882 -0.0024537152
