2.5 10.582697 -0.37907142
7.5 1.5231714 -0.083681462
12.5 0.33059359 -0.049092159
17.5 -0.027265087 -0.050314618
22.5 -0.14671588 -0.047786261
27.5 -0.12890566 -0.043661765
32.5 -0.013003996 -0.031471771
37.5 0.034570403 -0.018073114
42.5 0.027954846 0.0025353277
47.5 0.016230292 -0.00058241643
52.5 0.0059678746 -0.00057341552
57.5 0.0058331587 -0.0061402865
62.5 0.0035602668 0.00011993869
67.5 0.0023986369 -0.0050447252
72.5 0.0028190505 -0.00096649664
77.5 0.0026291736 -0.00066368862
82.5 0.00025750297 -0.0022866887
87.5 0.001210197 -0.0084615327
92.5 0.0014170021 -0.0038927756
97.5 -0.00010118041 -0.00075580778
102.5 -7.3738462e-05 -0.0020152128
107.5 -0.00050535158 0.0015467453
112.5 0.00049754831 0.002184897
117.5 0.00052755644 -3.6368581e-05
122.5 0.00011278489 -0.0019450165
127.5 -0.00083991314 -0.0008190066
132.5 -7.2005931e-05 0.0015283001
137.5 -0.00085101658 -0.00154533
142.5 -0.00031581831 8.5294653e-05
147.5 -0.00037179366 -0.0004031161
152.5 -3.0997027e-05 -0.0015150429
157.5 0.00055427942 -0.0018762811
162.5 0.0011440879 -0.0036482961
167.5 0.00066350342 -0.00088718764
172.5 -0.0005384437 0.0016746785
177.5 -0.00014605817 -4.5797941e-05
182.5 -0.00095109071 -0.00037576421
187.5 -0.00017541324 -0.001257064
192.5 0.0011825782 -0.0028527676
197.5 0.0014628169 -0.0023645287
