2.5 10.561493 -0.18572505
7.5 1.521949 -0.13526739
12.5 0.34604806 -0.067117742
17.5 -0.020763126 -0.042180717
22.5 -0.14153624 -0.049140985
27.5 -0.12710128 -0.043675028
32.5 -0.014823015 -0.025426739
37.5 0.026628668 -0.010619577
42.5 0.026282837 -0.0086708303
47.5 0.015587244 -0.0051254643
52.5 0.0083107957 -0.0034446123
57.5 0.0064538512 -0.0025137113
62.5 0.0049330377 -0.0048435028
67.5 0.0043784038 -0.0028658083
72.5 0.0021935703 0.00012480893
77.5 0.00093782514 0.00061554211
82.5 -9.1446432e-05 0.0022122801
87.5 -0.00098923944 -0.005092023
92.5 -0.0011803888 -0.0051553588
97.5 0.00059268558 -0.0054016611
102.5 0.0008423358 -0.0038668031
107.5 0.00050716911 -0.0012788541
112.5 0.00057058881 -0.0015071504
117.5 0.00034787216 -0.0021332712
122.5 -0.00044539291 -0.0017409058
127.5 -0.00088854822 -0.0021634864
132.5 -1.5309511e-05 0.00078937503
137.5 -0.0011216856 0.00094429963
142.5 -0.00023135921 0.00010445779
147.5 -0.00028318146 -0.0014700364
152.5 -0.0013078301 -0.0013130052
157.5 -0.00058238994 -6.3051167e-06
162.5 -0.00084049982 -9.8156565e-05
167.5 -0.00068826472 0.00024479136
172.5 -0.0016847167 -0.00090879579
177.5 0.00038563501 0.0005700472
182.5 0.00040226993 0.003112021
187.5 -0.00012954527 0.00048903429
192.5 0.00030615769 0.00081003674
197.5 0.00019999721 -0.0022268203
