2.5 10.0336 0.22964685
7.5 1.4470848 -0.054927064
12.5 0.32699148 -0.040479371
17.5 -0.026637599 -0.036015681
22.5 -0.13625887 -0.050759807
27.5 -0.12587213 -0.046858041
32.5 -0.015027475 -0.027931245
37.5 0.033723517 -0.0039697124
42.5 0.025839573 -0.00070371591
47.5 0.01650505 -0.0080401636
52.5 0.010848897 -0.0039024736
57.5 0.0067597955 -0.0057951413
62.5 0.0059624644 -0.0038813069
67.5 0.0010286938 -0.0072247266
72.5 0.0017389259 -0.0044873652
77.5 0.0022976882 -0.0056184042
82.5 0.0030185552 -0.0085221529
87.5 0.0023861694 -0.0049627938
92.5 0.00068016858 -0.008296618
97.5 4.4604016e-05 -0.0096761274
102.5 -0.00062870742 -0.0039477365
107.5 -0.00078498302 -0.0049615446
112.5 -0.00094786934 -0.0030197285
117.5 -0.0016167516 -0.0042207856
122.5 -0.00022513956 -0.0066092153
127.5 0.00051190784 -0.0043942691
132.5 0.00086489073 -0.0033033553
137.5 0.00037474817 -0.0017345587
142.5 0.00013959681 -0.0021806117
147.5 -0.00038824646 -0.0024595085
152.5 -0.0010658535 -0.0020873239
157.5 -0.00027423807 -0.00070759705
162.5 -5.21151e-05 -0.0029452378
167.5 0.00090801199 -0.0035431145
172.5 0.00018775998 -0.001745589
177.5 9.7291738e-06 -0.0017425454
182.5 0.00034419184 -0.0002719264
187.5 -0.00045454629 -0.0018159668
192.5 -0.00066274271 -0.00078887183
197.5 0.00023823241 -0.0019127415
