2.5 10.080607 0.2801859
7.5 1.4263431 -0.048628212
12.5 0.31486726 -0.042208999
17.5 -0.033804844 -0.034817997
22.5 -0.14586201 -0.038973402
27.5 -0.12520162 -0.037851777
32.5 -0.0096030187 -0.030000546
37.5 0.034286063 -0.015757144
42.5 0.028448224 -0.0084438982
47.5 0.016087464 -0.003471473
52.5 0.011307465 -0.0045434177
57.5 0.0076761099 -0.0079663513
62.5 0.0050081292 -0.0058143726
67.5 0.001723108 -0.0049227122
72.5 0.0027123983 -0.0052378939
77.5 0.0031501604 -0.0069393041
82.5 0.0027654091 -0.007247681
87.5 0.0011058422 -0.007535466
92.5 0.00058695564 -0.0051557341
97.5 -0.00057726196 -0.0057392682
102.5 -0.00084579848 -0.0068583457
107.5 -0.0009601706 -0.0043934552
112.5 0.00057977855 -0.00477999
117.5 0.00011595239 -0.0033237358
122.5 0.00010813387 -0.0026378186
127.5 9.0149322e-05 -0.0026898851
132.5 -0.0011175328 -0.0010949071
137.5 -0.0011026409 -0.0031161107
142.5 -0.00064944002 -0.0032821415
147.5 -0.00053609757 -0.0020022384
152.5 -0.00048895134 -0.0028245769
157.5 -0.00060873131 -0.0023151548
162.5 3.6672499e-05 -8.5714296e-05
167.5 0.00034089017 0.00081838756
172.5 0.00052061489 -0.00089023011
177.5 0.00090031402 0.0015984369
182.5 0.00054938975 0.0009531145
187.5 0.00013505836 0.0020624799
192.5 6.2229264e-05 0.0025283083
197.5 7.1562571e-05 0.0012762775
