0 5 9172.0904 1.4923557e-06 409.7466 6.66683e-08
5 10 33164.931 5.3961388e-06 370.67483 6.0311082e-08
10 15 70766.85 1.1514203e-05 -3040.0229 -4.9463048e-07
15 20 122759.16 1.9973673e-05 -3755.0269 -6.1096604e-07
20 25 190018.09 3.0917116e-05 -4102.4339 -6.674913e-07
25 30 269819.97 4.3901373e-05 -2809.4314 -4.5711182e-07
30 35 363713.96 5.9178505e-05 -2555.8513 -4.1585278e-07
35 40 472635.34 7.6900685e-05 -2161.787 -3.5173608e-07
40 45 591423.86 9.622831e-05 1528.2058 2.4864851e-07
45 50 721121.47 0.00011733091 6693.7851 1.0891201e-06
50 55 863946.26 0.00014056939 10768.691 1.7521325e-06
55 60 1015928.8 0.00016529788 15742.47 2.561397e-06
60 65 1181368.8 0.000192216 23979.347 3.9015877e-06
65 70 1353682.2 0.00022025245 32626.378 5.308513e-06
70 75 1539178.7 0.00025043386 43288.965 7.0433817e-06
75 80 1733788.3 0.00028209805 51085.141 8.3118676e-06
80 85 1932979.9 0.00031450776 59829.583 9.7346421e-06
85 90 2144668.2 0.00034895074 72373.849 1.1775672e-05
90 95 2362938.5 0.00038446468 82802.821 1.347253e-05
95 100 2590603.6 0.00042150719 96319.934 1.5671847e-05
100 105 2817239.4 0.00045838223 110002.06 1.7898014e-05
105 110 3053098.3 0.00049675793 125394.45 2.0402451e-05
110 115 3297081.3 0.00053645547 139653.49 2.2722484e-05
115 120 3543027.9 0.00057647249 154073.98 2.5068786e-05
120 125 3793765.3 0.00061726901 165003.51 2.6847089e-05
125 130 4047663.5 0.00065857982 181216.42 2.948503e-05
130 135 4308979.7 0.00070109758 192250.43 3.1280331e-05
135 140 4570923.2 0.00074371741 207984.72 3.3840397e-05
140 145 4837663.8 0.00078711774 219985.54 3.5793004e-05
145 150 5112350.5 0.00083181096 236928.98 3.8549807e-05
150 155 5387684.6 0.00087660952 245783.52 3.9990494e-05
155 160 5662339 0.00092129748 260975 4.2462243e-05
160 165 5945709.7 0.00096740365 276288.07 4.4953774e-05
165 170 6228343.4 0.0010133899 288807.24 4.699072e-05
170 175 6515602.1 0.0010601287 300291.97 4.8859356e-05
175 180 6801773.6 0.0011066905 310256.24 5.0480605e-05
180 185 7091515.9 0.0011538334 328508.65 5.3450384e-05
185 190 7381114.2 0.0012009528 336633.21 5.47723e-05
190 195 7669306.2 0.0012478434 343683.25 5.5919384e-05
195 200 7961053.4 0.0012953125 345697.79 5.6247163e-05
