0 5 9149.2763 1.4767287e-06 0 0
5 10 33045.266 5.3336342e-06 0 0
10 15 69975.903 1.1294382e-05 0 0
15 20 122987.9 1.9850725e-05 0 0
20 25 189293.14 3.0552647e-05 0 0
25 30 269965.89 4.3573541e-05 0 0
30 35 365583.72 5.9006631e-05 0 0
35 40 472050.32 7.6190753e-05 0 0
40 45 592435.99 9.5621467e-05 0 0
45 50 725342.85 0.00011707315 0 0
50 55 868813.53 0.00014022987 0 0
55 60 1022104.7 0.00016497166 0 0
60 65 1187921.1 0.00019173508 0 0
65 70 1365602.7 0.00022041358 0 0
70 75 1551076.5 0.00025034976 0 0
75 80 1743673.1 0.00028143561 0 0
80 85 1949151.2 0.00031460057 0 0
85 90 2161385.2 0.00034885596 0 0
90 95 2380735.3 0.00038425992 0 0
95 100 2607275.5 0.00042082438 0 0
100 105 2841016 0.000458551 0 0
105 110 3079993.8 0.00049712295 0 0
110 115 3324545.1 0.00053659448 0 0
115 120 3571881 0.00057651545 0 0
120 125 3825778.4 0.00061749547 0 0
125 130 4080328 0.00065858076 0 0
130 135 4347230.9 0.00070165993 0 0
135 140 4608799.5 0.00074387812 0 0
140 145 4880498.9 0.00078773145 0 0
145 150 5152767.7 0.00083167669 0 0
150 155 5436073.1 0.00087740329 0 0
155 160 5715327.7 0.00092247606 0 0
160 165 6002087.4 0.00096876018 0 0
165 170 6283454.3 0.0010141739 0 0
170 175 6570533.7 0.0010605096 0 0
175 180 6861585 0.0011074864 0 0
180 185 7152042.6 0.0011543674 0 0
185 190 7441212.8 0.0012010406 0 0
190 195 7734716.4 0.0012484132 0 0
195 200 8031740.3 0.001296354 0 0
