0 5 8977.5493 1.466921e-06 0 0
5 10 32964.941 5.3864325e-06 0 0
10 15 69896.549 1.1421014e-05 0 0
15 20 121807.48 1.9903199e-05 0 0
20 25 187767.96 3.0681064e-05 0 0
25 30 267539.29 4.3715605e-05 0 0
30 35 360995.07 5.8986169e-05 0 0
35 40 467468.71 7.6383835e-05 0 0
40 45 586347.62 9.5808509e-05 0 0
45 50 718174.14 0.00011734881 0 0
50 55 861357.87 0.00014074486 0 0
55 60 1012824.9 0.0001654944 0 0
60 65 1178887.9 0.0001926289 0 0
65 70 1350869.9 0.00022073055 0 0
70 75 1534734.9 0.00025077388 0 0
75 80 1730235 0.00028271836 0 0
80 85 1928876.7 0.00031517617 0 0
85 90 2141197.2 0.0003498691 0 0
90 95 2357139 0.00038515374 0 0
95 100 2587032.4 0.00042271805 0 0
100 105 2815037.9 0.00045997387 0 0
105 110 3052329.9 0.00049874711 0 0
110 115 3294573.9 0.00053832948 0 0
115 120 3542882.9 0.00057890288 0 0
120 125 3795485.8 0.00062017791 0 0
125 130 4049155.2 0.00066162718 0 0
130 135 4309255.7 0.0007041273 0 0
135 140 4576792.1 0.00074784244 0 0
140 145 4843490.6 0.00079142065 0 0
145 150 5119040.2 0.00083644513 0 0
150 155 5391570.5 0.00088097627 0 0
155 160 5669505.8 0.00092639056 0 0
160 165 5950470.9 0.00097229993 0 0
165 170 6232299.4 0.0010183504 0 0
170 175 6519210 0.0010652312 0 0
175 180 6807230.3 0.0011122934 0 0
180 185 7089266.4 0.0011583778 0 0
185 190 7377836.4 0.0012055298 0 0
190 195 7671357.7 0.0012534908 0 0
195 200 7960651.7 0.0013007611 0 0
