0 5 9097.7107 1.4827893e-06 0 0
5 10 32955.681 5.3712778e-06 0 0
10 15 70065.897 1.1419682e-05 0 0
15 20 121197.74 1.97534e-05 0 0
20 25 187398.84 3.0543179e-05 0 0
25 30 267415.94 4.3584756e-05 0 0
30 35 360485.91 5.8753755e-05 0 0
35 40 467791.22 7.6242898e-05 0 0
40 45 587288.56 9.5719158e-05 0 0
45 50 718962.03 0.00011717994 0 0
50 55 861875.26 0.00014047264 0 0
55 60 1014811.1 0.00016539887 0 0
60 65 1177844.3 0.00019197082 0 0
65 70 1351769.5 0.00022031799 0 0
70 75 1536391.9 0.00025040865 0 0
75 80 1730413.3 0.00028203121 0 0
80 85 1932997.3 0.00031504933 0 0
85 90 2141464.8 0.00034902639 0 0
90 95 2358914.4 0.00038446738 0 0
95 100 2580098.7 0.00042051709 0 0
100 105 2813366.2 0.00045853616 0 0
105 110 3049396.6 0.00049700555 0 0
110 115 3292496.6 0.00053662718 0 0
115 120 3531718.6 0.00057561675 0 0
120 125 3785710.7 0.00061701361 0 0
125 130 4038838.2 0.00065826958 0 0
130 135 4300013.8 0.00070083726 0 0
135 140 4560453.9 0.00074328505 0 0
140 145 4827967.2 0.00078688568 0 0
145 150 5097910.6 0.00083088237 0 0
150 155 5373090.6 0.00087573256 0 0
155 160 5649141.7 0.00092072471 0 0
160 165 5928714.3 0.00096629081 0 0
165 170 6208126.3 0.0010118308 0 0
170 175 6493975.9 0.0010584199 0 0
175 180 6779371.2 0.001104935 0 0
180 185 7064392.3 0.0011513892 0 0
185 190 7354866.3 0.001198732 0 0
190 195 7643493 0.0012457738 0 0
195 200 7929239.4 0.0012923462 0 0
