0 5 9135.4425 1.4871639e-06 0 0
5 10 33306.76 5.4220266e-06 0 0
10 15 70686.204 1.1507048e-05 0 0
15 20 122213.2 1.9895157e-05 0 0
20 25 188643.44 3.0709373e-05 0 0
25 30 269824.38 4.3924866e-05 0 0
30 35 363980.98 5.9252672e-05 0 0
35 40 471836.84 7.6810589e-05 0 0
40 45 591245.27 9.6249156e-05 0 0
45 50 723159.64 0.00011772357 0 0
50 55 866672.8 0.00014108616 0 0
55 60 1022021 0.00016637538 0 0
60 65 1186164 0.00019309631 0 0
65 70 1360536.1 0.00022148245 0 0
70 75 1546884.9 0.00025181827 0 0
75 80 1740185.8 0.00028328584 0 0
80 85 1944001.8 0.00031646516 0 0
85 90 2151941.3 0.00035031575 0 0
90 95 2372031 0.00038614428 0 0
95 100 2597625.4 0.00042286892 0 0
100 105 2830545 0.00046078604 0 0
105 110 3064803.4 0.0004989211 0 0
110 115 3305791.8 0.00053815174 0 0
115 120 3553380.5 0.00057845685 0 0
120 125 3805371.4 0.00061947858 0 0
125 130 4061190.5 0.00066112353 0 0
130 135 4320379.7 0.00070331708 0 0
135 140 4583498.6 0.00074615035 0 0
140 145 4851769.6 0.00078982235 0 0
145 150 5129154.3 0.00083497795 0 0
150 155 5404641.7 0.0008798247 0 0
155 160 5684501.2 0.00092538319 0 0
160 165 5968051.7 0.00097154254 0 0
165 170 6247780.2 0.0010170797 0 0
170 175 6531507.8 0.0010632679 0 0
175 180 6816990.9 0.0011097418 0 0
180 185 7108039.5 0.0011571218 0 0
185 190 7396125.3 0.0012040195 0 0
190 195 7686246.8 0.0012512485 0 0
195 200 7977787.9 0.0012987086 0 0
