0 5 9239.1191 1.5068924e-06 0 0
5 10 33522.893 5.4675551e-06 0 0
10 15 70293.676 1.1464838e-05 0 0
15 20 121589.07 1.9831074e-05 0 0
20 25 188110.39 3.0680644e-05 0 0
25 30 268234.12 4.3748755e-05 0 0
30 35 361920.16 5.9028868e-05 0 0
35 40 468545.91 7.6419438e-05 0 0
40 45 588159.38 9.5928292e-05 0 0
45 50 718813.36 0.00011723784 0 0
50 55 860467.11 0.00014034145 0 0
55 60 1013736.3 0.00016533952 0 0
60 65 1178561.8 0.00019222241 0 0
65 70 1350277 0.00022022903 0 0
70 75 1535044.5 0.00025036445 0 0
75 80 1729558.3 0.00028208948 0 0
80 85 1931282.1 0.00031499046 0 0
85 90 2143044.4 0.0003495287 0 0
90 95 2361024.7 0.00038508111 0 0
95 100 2587520.5 0.00042202238 0 0
100 105 2817361.7 0.00045950928 0 0
105 110 3053994.3 0.00049810385 0 0
110 115 3295392 0.00053747562 0 0
115 120 3538317.3 0.00057709653 0 0
120 125 3787422.3 0.00061772534 0 0
125 130 4041615.4 0.00065918401 0 0
130 135 4304289.3 0.0007020259 0 0
135 140 4566938.6 0.00074486378 0 0
140 145 4835217.2 0.00078861978 0 0
145 150 5105109.8 0.00083263904 0 0
150 155 5377775.8 0.00087711064 0 0
155 160 5655673.6 0.00092243552 0 0
160 165 5935147.4 0.00096801746 0 0
165 170 6218646.1 0.0010142559 0 0
170 175 6503038.2 0.00106064 0 0
175 180 6789061.1 0.0011072901 0 0
180 185 7080616.4 0.0011548425 0 0
185 190 7367930.2 0.0012017031 0 0
190 195 7662879.5 0.0012498091 0 0
195 200 7950594.6 0.0012967352 0 0
