0 5 9050.5451 1.4781559e-06 0 0
5 10 33246.348 5.4298703e-06 0 0
10 15 69813.09 1.1402035e-05 0 0
15 20 121242.05 1.9801531e-05 0 0
20 25 186774.15 3.0504384e-05 0 0
25 30 266722.52 4.3561737e-05 0 0
30 35 359649.03 5.8738709e-05 0 0
35 40 466375.86 7.616958e-05 0 0
40 45 584825.16 9.5514993e-05 0 0
45 50 715439.97 0.00011684731 0 0
50 55 856934.1 0.00013995645 0 0
55 60 1010131.1 0.00016497693 0 0
60 65 1172731.4 0.0001915332 0 0
65 70 1347205.3 0.00022002867 0 0
70 75 1531150.8 0.00025007108 0 0
75 80 1722562.1 0.00028133282 0 0
80 85 1924103.4 0.00031424901 0 0
85 90 2133747.4 0.00034848854 0 0
90 95 2349601.1 0.00038374228 0 0
95 100 2573976.8 0.00042038782 0 0
100 105 2803928.8 0.00045794412 0 0
105 110 3036866.8 0.00049598809 0 0
110 115 3279346.1 0.00053559036 0 0
115 120 3524280.1 0.00057559355 0 0
120 125 3774368.1 0.0006164385 0 0
125 130 4031237.9 0.00065839106 0 0
130 135 4287901.1 0.00070030989 0 0
135 140 4552304.4 0.00074349285 0 0
140 145 4817597.5 0.00078682114 0 0
145 150 5086077.3 0.00083066987 0 0
150 155 5359804.1 0.00087537557 0 0
155 160 5638637.1 0.0009209152 0 0
160 165 5918970.4 0.0009666999 0 0
165 170 6202285.4 0.0010129716 0 0
170 175 6482986.3 0.0010588163 0 0
175 180 6770567.9 0.0011057848 0 0
180 185 7054208.8 0.0011521096 0 0
185 190 7345553.8 0.0011996928 0 0
190 195 7632283.5 0.0012465221 0 0
195 200 7916989 0.0012930209 0 0
