0 5 197687 9.6625738e-07 10561.564 5.1622963e-08
5 10 1357493 6.6351739e-06 33094.445 1.6175951e-07
10 15 3654109 1.7860607e-05 58289.716 2.8490931e-07
15 20 7078634 3.459905e-05 75160.993 3.6737299e-07
20 25 11580979 5.6605677e-05 164024.25 8.017201e-07
25 30 17129072 8.3723726e-05 342411.69 1.6736448e-06
30 35 23701195 0.00011584704 594876.23 2.9076447e-06
35 40 31277050 0.00015287642 896953.61 4.3841428e-06
40 45 39768721 0.00019438213 1298467.8 6.3466698e-06
45 50 49214600 0.00024055183 1807427.5 8.8343705e-06
50 55 59533701 0.00029098968 2371886 1.1593338e-05
55 60 70704195 0.00034558899 3045492.6 1.4885803e-05
60 65 82724270 0.00040434088 3693279.9 1.8052067e-05
65 70 95501194 0.00046679212 4527037.8 2.2127321e-05
70 75 1.0912841e+08 0.00053339942 5530383.2 2.7031487e-05
75 80 1.2342968e+08 0.00060330138 6452865.3 3.1540408e-05
80 85 1.3845293e+08 0.00067673225 7554533.8 3.692516e-05
85 90 1.5414376e+08 0.0007534261 8599302 4.2031793e-05
90 95 1.7056443e+08 0.00083368728 9737838.8 4.7596749e-05
95 100 1.8756249e+08 0.00091677065 11022573 5.387629e-05
100 105 2.0523955e+08 0.0010031728 12230086 5.9778389e-05
105 110 2.2344662e+08 0.0010921656 13531006 6.6137047e-05
110 115 2.4223441e+08 0.0011839969 14901821 7.2837336e-05
115 120 2.6153224e+08 0.0012783211 16028059 7.8342181e-05
120 125 2.8125359e+08 0.0013747154 17430325 8.5196194e-05
125 130 3.0148098e+08 0.0014735831 18522270 9.0533421e-05
130 135 3.2226045e+08 0.0015751493 19880283 9.7171135e-05
135 140 3.4341032e+08 0.0016785259 21253172 0.00010388156
140 145 3.6505668e+08 0.0017843293 22501916 0.00010998519
145 150 3.8700623e+08 0.0018916146 23782793 0.00011624588
150 155 4.0924526e+08 0.0020003149 25095590 0.00012266259
155 160 4.3184882e+08 0.0021107969 26260526 0.00012835658
160 165 4.5462592e+08 0.0022221272 27286773 0.00013337268
165 170 4.7776884e+08 0.0023352455 28609720 0.000139839
170 175 5.0106203e+08 0.0024490982 29835520 0.00014583049
175 180 5.2461429e+08 0.0025642173 31009793 0.00015157012
180 185 5.4837216e+08 0.0026803414 32177006 0.00015727523
185 190 5.7223336e+08 0.0027969705 33199697 0.00016227396
190 195 5.9631438e+08 0.0029146741 33940748 0.00016589608
195 200 6.2046213e+08 0.0030327038 35018403 0.00017116346
