0 5 161318 9.7939409e-07 3977.084 2.4145679e-08
5 10 1111258 6.7466713e-06 28745.256 1.7451824e-07
10 15 2971164 1.8038536e-05 70931.443 4.3063909e-07
15 20 5709508 3.4663574e-05 181277.85 1.1005744e-06
20 25 9264891 5.6249021e-05 427502.97 2.5954567e-06
25 30 13532878 8.216083e-05 810863.97 4.9229186e-06
30 35 18494052 0.00011228112 1362096.6 8.269563e-06
35 40 24058825 0.00014606598 2175192.5 1.3206032e-05
40 45 30212148 0.00018342404 3124653.4 1.8970401e-05
45 50 36868048 0.00022383335 4231043.7 2.5687519e-05
50 55 44025043 0.00026728491 5661752.6 3.4373641e-05
55 60 51583749 0.00031317534 7297886.4 4.4306939e-05
60 65 59592415 0.00036179756 9137473 5.5475441e-05
65 70 67955162 0.00041256949 11156978 6.7736262e-05
70 75 76639718 0.00046529518 13346606 8.1029933e-05
75 80 85666722 0.00052009994 15704128 9.5342929e-05
80 85 94951013 0.00057646674 18321510 0.00011123358
85 90 1.0445957e+08 0.00063419513 21173061 0.00012854592
90 95 1.1419333e+08 0.00069329074 24221171 0.00014705161
95 100 1.2408643e+08 0.00075335374 27386320 0.00016626787
100 105 1.3415858e+08 0.00081450379 30720545 0.00018651062
105 110 1.4436666e+08 0.0008764791 34440983 0.00020909815
110 115 1.5466094e+08 0.00093897776 38393562 0.00023309506
115 120 1.6503701e+08 0.001001973 42470088 0.00025784446
120 125 1.7544934e+08 0.0010651883 46694642 0.00028349258
125 130 1.8590775e+08 0.0011286834 51136033 0.00031045716
130 135 1.9636923e+08 0.0011921972 55707469 0.00033821127
135 140 2.0687763e+08 0.0012559958 60284577 0.00036599982
140 145 2.1745862e+08 0.0013202351 64796637 0.00039339344
145 150 2.280294e+08 0.0013844124 69392333 0.00042129484
150 155 2.3870192e+08 0.0014492075 74033468 0.00044947211
155 160 2.4948025e+08 0.0015146449 78373339 0.00047582034
160 165 2.6021823e+08 0.0015798373 82636308 0.00050170168
165 170 2.7091382e+08 0.0016447724 87001160 0.00052820158
170 175 2.8157909e+08 0.0017095234 91135815 0.0005533039
175 180 2.9227478e+08 0.0017744591 95315061 0.00057867695
180 185 3.0296121e+08 0.0018393386 99416096 0.00060357516
185 190 3.1352634e+08 0.0019034816 1.035398e+08 0.00062861101
190 195 3.2409996e+08 0.0019676762 1.0773611e+08 0.00065408764
195 200 3.345797e+08 0.0020313008 1.1195132e+08 0.00067967902
