0 5 194717 9.6793463e-07 9988.3307 4.9651808e-08
5 10 1336893 6.6456706e-06 31141.247 1.5480257e-07
10 15 3602515 1.7908036e-05 33603.904 1.6704439e-07
15 20 6964411 3.4619959e-05 65850.598 3.2734211e-07
20 25 11399027 5.6664354e-05 170046.33 8.4529718e-07
25 30 16847518 8.3748703e-05 345483.07 1.71739e-06
30 35 23327405 0.0001159601 587437.84 2.9201427e-06
35 40 30789147 0.00015305228 864419.03 4.2970111e-06
40 45 39152140 0.00019462457 1255904.7 6.243079e-06
45 50 48450043 0.00024084427 1752859.4 8.7134317e-06
50 55 58587029 0.00029123505 2254207.8 1.1205626e-05
55 60 69586982 0.00034591561 2910824.3 1.4469654e-05
60 65 81411048 0.00040469283 3583967 1.7815834e-05
65 70 94040473 0.00046747347 4343423.4 2.1591078e-05
70 75 1.0738216e+08 0.00053379473 5295164.1 2.6322164e-05
75 80 1.2151823e+08 0.0006040649 6280741 3.1221448e-05
80 85 1.3631755e+08 0.00067763203 7233970 3.5959932e-05
85 90 1.5180389e+08 0.00075461435 8204854.4 4.0786181e-05
90 95 1.6791592e+08 0.00083470698 9399059 4.672255e-05
95 100 1.8472177e+08 0.00091824851 10521371 5.2301544e-05
100 105 2.0209046e+08 0.001004588 11644424 5.7884219e-05
105 110 2.2002722e+08 0.0010937513 12975239 6.4499676e-05
110 115 2.3847773e+08 0.0011854684 14082262 7.0002667e-05
115 120 2.5747249e+08 0.001279891 15356540 7.6337079e-05
120 125 2.7703741e+08 0.0013771479 16460927 8.1826966e-05
125 130 2.9704834e+08 0.0014766219 17701641 8.7994534e-05
130 135 3.1741545e+08 0.0015778664 18885097 9.3877469e-05
135 140 3.3832395e+08 0.0016818022 20238460 0.00010060501
140 145 3.5955571e+08 0.0017873448 21498736 0.00010686982
145 150 3.8117084e+08 0.0018947932 22643808 0.00011256195
150 155 4.0311999e+08 0.0020039021 23820119 0.00011840938
155 160 4.2537947e+08 0.0021145536 25082425 0.00012468427
160 165 4.4786743e+08 0.0022263408 26295396 0.00013071393
165 170 4.7070461e+08 0.002339864 27408493 0.00013624712
170 175 4.9376446e+08 0.002454494 28868232 0.00014350345
175 180 5.1700103e+08 0.0025700026 29922338 0.00014874339
180 185 5.4037883e+08 0.0026862133 30856160 0.00015338541
185 190 5.6390518e+08 0.0028031623 32135731 0.00015974613
190 195 5.8755883e+08 0.0029207441 33335063 0.00016570799
195 200 6.1141672e+08 0.0030393413 34271170 0.00017036136
