0 5 197654 9.71876e-07 7758.1796 3.8147412e-08
5 10 1350192 6.6389712e-06 27559.31 1.355107e-07
10 15 3639956 1.7897871e-05 38407.689 1.888528e-07
15 20 7047171 3.4651342e-05 80944.498 3.9800872e-07
20 25 11526935 5.6678598e-05 166632.97 8.1934381e-07
25 30 17054046 8.3855718e-05 347142.87 1.7069213e-06
30 35 23593366 0.00011600993 563102.15 2.7688054e-06
35 40 31108790 0.0001529637 883817.06 4.3457789e-06
40 45 39588204 0.00019465746 1287847.6 6.3324202e-06
45 50 48983776 0.00024085602 1783524.1 8.76969e-06
50 55 59235013 0.00029126194 2316065.9 1.1388228e-05
55 60 70388692 0.00034610522 2980402.9 1.4654811e-05
60 65 82367908 0.00040500771 3738362.5 1.8381742e-05
65 70 95112366 0.00046767293 4585582.6 2.2547571e-05
70 75 1.086287e+08 0.00053413352 5466683.4 2.6879994e-05
75 80 1.2291872e+08 0.00060439837 6456910.2 3.1748996e-05
80 85 1.378974e+08 0.00067804938 7553832.9 3.7142628e-05
85 90 1.5358299e+08 0.00075517633 8547820 4.2030119e-05
90 95 1.6993392e+08 0.00083557478 9819469.6 4.8282893e-05
95 100 1.8690899e+08 0.00091904219 11009321 5.413346e-05
100 105 2.0447654e+08 0.0010054228 12212330 6.0048724e-05
105 110 2.2269219e+08 0.0010949902 13347542 6.5630628e-05
110 115 2.4139424e+08 0.0011869492 14444696 7.1025395e-05
115 120 2.607731e+08 0.0012822362 15834274 7.7858032e-05
120 125 2.8050861e+08 0.0013792769 17081543 8.3990924e-05
125 130 3.0074458e+08 0.0014787782 18430048 9.0621597e-05
130 135 3.2145701e+08 0.0015806225 19778838 9.7253674e-05
135 140 3.4260462e+08 0.0016846065 20947713 0.0001030011
140 145 3.6409075e+08 0.001790255 22257201 0.00010943993
145 150 3.8596547e+08 0.0018978143 23558759 0.00011583976
150 155 4.0810577e+08 0.0020066794 24921298 0.00012253944
155 160 4.306827e+08 0.0021176914 26161663 0.00012863839
160 165 4.5344781e+08 0.0022296288 27374814 0.00013460352
165 170 4.7649692e+08 0.0023429626 28604550 0.0001406502
170 175 4.9976651e+08 0.0024573805 29928003 0.0001471577
175 180 5.2316522e+08 0.0025724332 31045134 0.0001526507
180 185 5.4685879e+08 0.0026889359 32288074 0.00015876231
185 190 5.7067072e+08 0.0028060205 33374073 0.00016410222
190 195 5.9460311e+08 0.0029236974 34404785 0.00016917029
195 200 6.1873962e+08 0.0030423781 35525204 0.00017467946
