0 5 162101 9.8404841e-07 4647.2546 2.8211569e-08
5 10 1118398 6.7893336e-06 23452.514 1.4237055e-07
10 15 2983761 1.8113184e-05 79893.544 4.850008e-07
15 20 5721452 3.4732579e-05 167285.38 1.0155207e-06
20 25 9274292 5.6300407e-05 380719.35 2.3111904e-06
25 30 13560977 8.2323106e-05 754697.8 4.5814595e-06
30 35 18548520 0.00011260043 1323696.9 8.0356185e-06
35 40 24141301 0.0001465519 2086860.3 1.2668469e-05
40 45 30307797 0.00018398615 3091706.2 1.8768475e-05
45 50 37009632 0.00022467023 4284129.5 2.6007186e-05
50 55 44174460 0.00026816495 5684528.9 3.4508434e-05
55 60 51790351 0.00031439789 7320348.8 4.4438823e-05
60 65 59788290 0.00036295008 9184046.7 5.5752565e-05
65 70 68158672 0.00041376323 11250532 6.8297343e-05
70 75 76891833 0.00046677865 13510876 8.2018961e-05
75 80 85890174 0.00052140387 15903794 9.6545384e-05
80 85 95159474 0.00057767398 18639751 0.00011315425
85 90 1.0472184e+08 0.00063572317 21474000 0.00013035981
90 95 1.1451187e+08 0.0006951544 24474811 0.0001485765
95 100 1.2438582e+08 0.00075509509 27688977 0.00016808838
100 105 1.3443702e+08 0.0008161118 31179543 0.00018927816
105 110 1.4457143e+08 0.0008776336 34980222 0.00021235052
110 115 1.5486925e+08 0.00094014745 38829383 0.0002357172
115 120 1.6525886e+08 0.0010032185 42927511 0.00026059524
120 125 1.7568589e+08 0.0010665167 47056540 0.00028566087
125 130 1.8611377e+08 0.0011298201 51416658 0.00031212936
130 135 1.966033e+08 0.0011934977 55899147 0.0003393407
135 140 2.0715109e+08 0.001257529 60479266 0.00036714472
140 145 2.176873e+08 0.0013214899 64999857 0.00039458736
145 150 2.2827046e+08 0.001385736 69508245 0.00042195593
150 155 2.3894799e+08 0.0014505548 73902496 0.00044863161
155 160 2.4965328e+08 0.0015155422 78435043 0.00047614684
160 165 2.6027466e+08 0.0015800202 82755598 0.00050237515
165 170 2.7098161e+08 0.0016450178 86986141 0.00052805704
170 175 2.8162069e+08 0.0017096032 91306591 0.00055428471
175 180 2.9225306e+08 0.001774148 95519924 0.00057986212
180 185 3.0288491e+08 0.0018386895 99826133 0.00060600334
185 190 3.1343373e+08 0.0019027271 1.0404047e+08 0.00063158687
190 195 3.2392265e+08 0.001966401 1.0796754e+08 0.00065542645
195 200 3.3436753e+08 0.0020298076 1.1214602e+08 0.00068079228
