0 5 195790 9.7244633e-07 9434.7472 4.6860337e-08
5 10 1337152 6.641343e-06 25312.662 1.2572249e-07
10 15 3594891 1.7855041e-05 46071.725 2.2882823e-07
15 20 6957297 3.455538e-05 70880.161 3.5204634e-07
20 25 11389251 5.6567932e-05 187882.41 9.3317104e-07
25 30 16855542 8.371781e-05 352705.11 1.7518096e-06
30 35 23319924 0.00011582499 567524.49 2.8187706e-06
35 40 30756036 0.00015275854 856563.56 4.2543648e-06
40 45 39111296 0.0001942573 1272042.1 6.3179562e-06
45 50 48382583 0.00024030576 1729281.9 8.588967e-06
50 55 58525644 0.00029068414 2250223.8 1.1176372e-05
55 60 69517932 0.00034528044 2935657.5 1.4580772e-05
60 65 81332630 0.00040396148 3635084.5 1.8054674e-05
65 70 93911767 0.00046643931 4457639.5 2.2140125e-05
70 75 1.0729838e+08 0.00053292768 5352510.7 2.6584756e-05
75 80 1.2135279e+08 0.00060273288 6338595.8 3.1482426e-05
80 85 1.361048e+08 0.00067600293 7234767.5 3.5933516e-05
85 90 1.5156592e+08 0.00075279493 8264443.6 4.1047693e-05
90 95 1.6766316e+08 0.00083274642 9387147.9 4.6623921e-05
95 100 1.8445636e+08 0.00091615459 10611034 5.2702697e-05
100 105 2.0186884e+08 0.0010026386 11884590 5.9028171e-05
105 110 2.198019e+08 0.0010917082 13032190 6.4728054e-05
110 115 2.3837338e+08 0.0011839487 14305315 7.1051388e-05
115 120 2.5735943e+08 0.0012782483 15460623 7.6789549e-05
120 125 2.7688353e+08 0.0013752202 16661289 8.2752995e-05
125 130 2.96875e+08 0.0014745135 17840130 8.8608043e-05
130 135 3.1735996e+08 0.0015762579 19178193 9.5253914e-05
135 140 3.3829594e+08 0.0016802423 20590979 0.00010227091
140 145 3.5955591e+08 0.001785836 21821365 0.00010838197
145 150 3.8123866e+08 0.0018935295 23040470 0.000114437
150 155 4.0317656e+08 0.0020024902 24428932 0.00012133319
155 160 4.2551433e+08 0.0021134371 25745985 0.00012787471
160 165 4.4810218e+08 0.002225626 26942356 0.00013381682
165 170 4.7095644e+08 0.0023391381 28233668 0.00014023049
170 175 4.9397703e+08 0.0024534764 29511676 0.00014657807
175 180 5.1738572e+08 0.0025697423 30661777 0.00015229037
180 185 5.4084162e+08 0.0026862426 31981647 0.00015884588
185 190 5.6463958e+08 0.0028044419 33118267 0.00016449123
190 195 5.8840483e+08 0.0029224788 34270620 0.00017021471
195 200 6.123905e+08 0.0030416104 35331504 0.00017548389
