0 5 196972 9.6674294e-07 9387.2175 4.6072671e-08
5 10 1351884 6.6350766e-06 27136.647 1.3318726e-07
10 15 3635474 1.7842987e-05 50196.459 2.4636533e-07
15 20 7044440 3.4574268e-05 81551.603 4.0025708e-07
20 25 11531380 5.6596269e-05 147219.39 7.2255603e-07
25 30 17068700 8.3773558e-05 348047.41 1.7082244e-06
30 35 23617103 0.00011591327 545156.12 2.6756383e-06
35 40 31148215 0.00015287613 840031.51 4.1228933e-06
40 45 39608174 0.0001943978 1284767.2 6.3056657e-06
45 50 49013749 0.00024056057 1765508.1 8.6651531e-06
50 55 59284200 0.00029096817 2337626.6 1.1473123e-05
55 60 70424419 0.00034564461 2990882.8 1.4679319e-05
60 65 82387094 0.00040435768 3702449.9 1.8171706e-05
65 70 95157560 0.00046703541 4522461.2 2.219634e-05
70 75 1.0867676e+08 0.00053338796 5405426.5 2.6529953e-05
75 80 1.2294037e+08 0.00060339404 6357563 3.120306e-05
80 85 1.3795227e+08 0.00067707281 7481036.6 3.6717093e-05
85 90 1.5362731e+08 0.00075400625 8560649.4 4.2015857e-05
90 95 1.6999395e+08 0.00083433408 9694758.1 4.7582088e-05
95 100 1.8695963e+08 0.00091760201 10845809 5.3231472e-05
100 105 2.0457322e+08 0.0010040499 11997103 5.888205e-05
105 110 2.2275148e+08 0.0010932692 13244736 6.5005457e-05
110 115 2.4147123e+08 0.0011851461 14609210 7.1702325e-05
115 120 2.6071985e+08 0.0012796188 15782220 7.7459485e-05
120 125 2.8053435e+08 0.0013768688 17057909 8.3720594e-05
125 130 3.0073068e+08 0.0014759928 18296616 8.9800195e-05
130 135 3.2144425e+08 0.0015776555 19668538 9.6533618e-05
135 140 3.4257978e+08 0.0016813891 20917383 0.00010266298
140 145 3.6405935e+08 0.0017868114 22153435 0.00010872955
145 150 3.859511e+08 0.0018942566 23598271 0.00011582084
150 155 4.0809844e+08 0.0020029562 24789295 0.00012166641
155 160 4.3064508e+08 0.0021136156 25869660 0.00012696887
160 165 4.5341306e+08 0.0022253613 27442519 0.00013468849
165 170 4.7648964e+08 0.0023386217 28486920 0.00013981443
170 175 4.9972791e+08 0.0024526756 29561247 0.00014508725
175 180 5.2324422e+08 0.0025680942 30616502 0.00015026647
180 185 5.469212e+08 0.0026843014 31726087 0.00015571234
185 190 5.70708e+08 0.0028010475 32943927 0.00016168952
190 195 5.9477576e+08 0.0029191726 33865901 0.00016621459
195 200 6.188478e+08 0.0030373187 34838160 0.00017098646
