0 5 165614 9.9800007e-07 3539.9356 2.1331868e-08
5 10 1127617 6.7950888e-06 24505.255 1.4767016e-07
10 15 3011398 1.8146868e-05 68977.86 4.1566479e-07
15 20 5779625 3.4828373e-05 186086.87 1.1213709e-06
20 25 9374982 5.6494213e-05 388442.56 2.3407785e-06
25 30 13692930 8.2514432e-05 808465.35 4.8718615e-06
30 35 18702057 0.00011269974 1415119.5 8.5275963e-06
35 40 24336979 0.00014665612 2178141.6 1.3125614e-05
40 45 30547346 0.00018408017 3165955.9 1.9078243e-05
45 50 37284550 0.00022467897 4328276.2 2.6082457e-05
50 55 44485960 0.00026807511 5784513 3.4857828e-05
55 60 52153934 0.00031428279 7496080.4 4.5171838e-05
60 65 60189843 0.00036270767 9351836.5 5.6354737e-05
65 70 68618910 0.00041350174 11353908 6.8419342e-05
70 75 77397437 0.00046640168 13591059 8.1900552e-05
75 80 86440524 0.00052089587 16028160 9.6586671e-05
80 85 95805423 0.00057732932 18595638 0.00011205845
85 90 1.0541707e+08 0.00063524971 21515002 0.00012965071
90 95 1.152492e+08 0.00069449874 24435858 0.00014725197
95 100 1.2519436e+08 0.00075442885 27755005 0.00016725335
100 105 1.3535422e+08 0.00081565278 31176694 0.00018787266
105 110 1.456275e+08 0.00087756018 34819100 0.00020982202
110 115 1.559862e+08 0.00093998234 38716376 0.00023330724
115 120 1.6637617e+08 0.001002593 42830031 0.00025809638
120 125 1.7677591e+08 0.0010652624 47029368 0.00028340184
125 130 1.8728424e+08 0.0011285863 51408770 0.00030979238
130 135 1.9781041e+08 0.0011920176 55905799 0.00033689176
135 140 2.0837852e+08 0.0012557017 60705062 0.00036581241
140 145 2.1895057e+08 0.0013194095 65259905 0.00039326017
145 150 2.2960757e+08 0.0013836292 69877861 0.00042108825
150 155 2.4029879e+08 0.0014480552 74489142 0.00044887611
155 160 2.5093875e+08 0.0015121722 78770666 0.00047467684
160 165 2.6162654e+08 0.0015765775 83259992 0.00050172979
165 170 2.7230663e+08 0.0016409364 87540865 0.0005275266
170 175 2.8308195e+08 0.0017058691 91923636 0.00055393744
175 180 2.9373706e+08 0.0017700775 96054121 0.00057882799
180 185 3.0434682e+08 0.0018340125 1.0025358e+08 0.00060413421
185 190 3.1493598e+08 0.0018978234 1.043874e+08 0.00062904483
190 195 3.2548802e+08 0.0019614106 1.0853815e+08 0.00065405751
195 200 3.3594033e+08 0.0020243969 1.1252149e+08 0.00067806133
