0 5 198301 9.7486506e-07 6631.5278 3.2601171e-08
5 10 1351054 6.6418997e-06 32312.131 1.5884926e-07
10 15 3638819 1.7888753e-05 54170.855 2.6630866e-07
15 20 7042415 3.4621128e-05 84231.057 4.1408724e-07
20 25 11521338 5.6639905e-05 197852.17 9.7265857e-07
25 30 17047125 8.3805158e-05 358516.77 1.7624998e-06
30 35 23588936 0.00011596527 577359.39 2.8383493e-06
35 40 31103464 0.00015290735 856703.57 4.2116297e-06
40 45 39561876 0.00019448964 1213683.1 5.9665724e-06
45 50 48947201 0.00024062872 1748256.1 8.5945799e-06
50 55 59207504 0.00029106927 2354775.2 1.1576281e-05
55 60 70340738 0.00034580122 2983359.1 1.4666454e-05
60 65 82280713 0.00040449918 3710248.6 1.8239907e-05
65 70 94999251 0.00046702463 4473974.2 2.1994449e-05
70 75 1.0853607e+08 0.00053357282 5429164.1 2.6690246e-05
75 80 1.2280107e+08 0.00060370082 6404413.6 3.1484657e-05
80 85 1.3779222e+08 0.00067739862 7450805.5 3.6628811e-05
85 90 1.5338133e+08 0.00075403604 8374228 4.1168437e-05
90 95 1.6969933e+08 0.00083425675 9528868.6 4.6844751e-05
95 100 1.8663058e+08 0.00091749225 10705833 5.2630809e-05
100 105 2.04219e+08 0.0010039585 11914093 5.8570723e-05
105 110 2.223664e+08 0.0010931727 13129425 6.4545401e-05
110 115 2.4106553e+08 0.0011850992 14347030 7.0531256e-05
115 120 2.6033439e+08 0.0012798267 15535078 7.6371802e-05
120 125 2.8007266e+08 0.0013768617 16871926 8.2943865e-05
125 130 3.002903e+08 0.0014762534 18192900 8.9437886e-05
130 135 3.2093544e+08 0.0015777467 19548876 9.6103984e-05
135 140 3.4208306e+08 0.0016817102 20847908 0.00010249014
140 145 3.6363353e+08 0.0017876543 22213599 0.000109204
145 150 3.8549683e+08 0.0018951361 23619965 0.00011611781
150 155 4.076742e+08 0.002004162 24868713 0.00012225677
155 160 4.3014036e+08 0.0021146077 26385242 0.00012971216
160 165 4.5297239e+08 0.0022268519 27665749 0.00013600724
165 170 4.7598508e+08 0.0023399843 28867239 0.00014191387
170 175 4.992666e+08 0.0024544383 30124818 0.00014809624
175 180 5.2277698e+08 0.0025700173 31680725 0.00015574522
180 185 5.465654e+08 0.0026869633 32778746 0.00016114318
185 190 5.7050598e+08 0.0028046573 33939383 0.00016684898
190 195 5.9461106e+08 0.00292316 35188538 0.00017298993
195 200 6.1870674e+08 0.0030416165 36019945 0.0001770772
