0 5 164194 9.8565358e-07 7455.9091 4.4757686e-08
5 10 1129068 6.7777746e-06 30103.746 1.8071224e-07
10 15 3018981 1.8122888e-05 75086.448 4.5074257e-07
15 20 5785795 3.4732022e-05 178701.04 1.0727391e-06
20 25 9371395 5.6256313e-05 419412.65 2.5177265e-06
25 30 13719604 8.2358532e-05 809833.74 4.8614171e-06
30 35 18734302 0.00011246167 1384634.2 8.311934e-06
35 40 24367097 0.00014627524 2173483.1 1.3047379e-05
40 45 30567770 0.00018349776 3139993.3 1.8849322e-05
45 50 37330950 0.00022409701 4348213.5 2.6102246e-05
50 55 44567979 0.00026754076 5780620.1 3.4700957e-05
55 60 52226984 0.00031351763 7478334.6 4.4892306e-05
60 65 60297885 0.0003619671 9352609.7 5.6143545e-05
65 70 68769477 0.00041282191 11360607 6.8197519e-05
70 75 77568125 0.00046564004 13539845 8.1279443e-05
75 80 86691376 0.00052040675 15977076 9.5910097e-05
80 85 96065260 0.000576678 18590162 0.0001115964
85 90 1.0570834e+08 0.00063456524 21463997 0.00012884798
90 95 1.1555618e+08 0.00069368165 24444935 0.0001467425
95 100 1.2558786e+08 0.00075390165 27716911 0.00016638411
100 105 1.3580533e+08 0.00081523694 31124025 0.00018683695
105 110 1.4610409e+08 0.00087706019 34905692 0.00020953823
110 115 1.5646312e+08 0.00093924525 38788380 0.00023284593
115 120 1.6697339e+08 0.0010023382 42879780 0.00025740654
120 125 1.7750315e+08 0.0010655482 47113733 0.00028282288
125 130 1.8813619e+08 0.0011293781 51530654 0.00030933758
130 135 1.987008e+08 0.0011927973 56040416 0.00033640959
135 140 2.0934423e+08 0.0012566896 60626630 0.00036394055
140 145 2.2002829e+08 0.0013208258 65094612 0.00039076176
145 150 2.3076145e+08 0.0013852568 69647287 0.00041809139
150 155 2.4153293e+08 0.0014499177 74332925 0.00044621919
155 160 2.5233342e+08 0.0015147529 78724165 0.00047257973
160 165 2.6315658e+08 0.0015797241 83087125 0.00049877049
165 170 2.7398309e+08 0.0016447155 87422139 0.0005247935
170 175 2.8477493e+08 0.0017094987 91880160 0.00055155492
175 180 2.9551566e+08 0.0017739751 96079975 0.00057676633
180 185 3.0621813e+08 0.0018382219 1.0031005e+08 0.00060215939
185 190 3.1687e+08 0.0019021648 1.0460751e+08 0.00062795698
190 195 3.2739852e+08 0.0019653673 1.0875612e+08 0.00065286098
195 200 3.3791297e+08 0.0020284854 1.1313857e+08 0.00067916879
