0 5 163076 9.9232e-07 5845.2138 3.5568217e-08
5 10 1117260 6.7985445e-06 31136.641 1.8946694e-07
10 15 2978922 1.8126787e-05 85365.863 5.194526e-07
15 20 5712423 3.4760183e-05 182029.06 1.1076497e-06
20 25 9254649 5.6314683e-05 413099.44 2.5137165e-06
25 30 13533427 8.2351114e-05 817065.57 4.9718567e-06
30 35 18488965 0.00011250564 1374668.3 8.364878e-06
35 40 24074528 0.00014649388 2131267.9 1.2968798e-05
40 45 30227608 0.00018393547 3078069.3 1.8730099e-05
45 50 36898492 0.0002245279 4308633.4 2.6218102e-05
50 55 44048146 0.00026803365 5689546.7 3.462098e-05
55 60 51622979 0.00031412663 7302373.3 4.4435055e-05
60 65 59638510 0.00036290126 9173154.7 5.581879e-05
65 70 67961337 0.00041354579 11134526 6.7753766e-05
70 75 76715943 0.00046681771 13350565 8.1238393e-05
75 80 85725389 0.00052164033 15669178 9.5347192e-05
80 85 95026508 0.00057823778 18313760 0.00011143952
85 90 1.0453528e+08 0.0006360988 21191329 0.00012894957
90 95 1.1429635e+08 0.00069549505 24332621 0.00014806438
95 100 1.2421407e+08 0.00075584456 27520746 0.00016746417
100 105 1.3432342e+08 0.00081736008 30897127 0.0001880095
105 110 1.4452164e+08 0.00087941641 34551949 0.00021024915
110 115 1.5476814e+08 0.00094176654 38365932 0.00023345729
115 120 1.6515768e+08 0.0010049871 42404252 0.00025803053
120 125 1.7560116e+08 0.0010685358 46612836 0.00028363984
125 130 1.860676e+08 0.0011322242 50963344 0.00031011275
130 135 1.9659104e+08 0.0011962595 55373810 0.0003369505
135 140 2.0714727e+08 0.0012604944 59858385 0.00036423921
140 145 2.1770151e+08 0.0013247171 64517643 0.00039259086
145 150 2.2828127e+08 0.0013890951 69017049 0.00041996982
150 155 2.3893588e+08 0.0014539286 73389858 0.00044657843
155 160 2.4959174e+08 0.0015187696 77851557 0.00047372794
160 165 2.602537e+08 0.0015836478 82186504 0.00050010616
165 170 2.7089137e+08 0.0016483782 86463859 0.00052613393
170 175 2.8158046e+08 0.0017134215 90723550 0.00055205422
175 180 2.9218594e+08 0.001777956 94916005 0.00057756537
180 185 3.0284244e+08 0.001842801 99128389 0.00060319779
185 190 3.1336137e+08 0.0019068088 1.033483e+08 0.000628876
190 195 3.2380162e+08 0.0019703379 1.0732902e+08 0.00065309874
195 200 3.3427288e+08 0.0020340557 1.1125953e+08 0.00067701595
