0 5 164307 9.9343859e-07 8430.873 5.0975032e-08
5 10 1123990 6.7959067e-06 26854.424 1.6236814e-07
10 15 3005548 1.8172247e-05 82207.183 4.9704387e-07
15 20 5763643 3.4848335e-05 199247.64 1.2046979e-06
20 25 9333678 5.6433602e-05 412650.69 2.4949827e-06
25 30 13641367 8.2478899e-05 830685.01 5.022516e-06
30 35 18629197 0.00011263649 1404145.5 8.4897926e-06
35 40 24238246 0.00014655011 2179226 1.3176111e-05
40 45 30409500 0.00018386296 3207515.1 1.9393387e-05
45 50 37111042 0.00022438205 4372709.5 2.6438425e-05
50 55 44311526 0.00026791786 5783645 3.4969272e-05
55 60 51925162 0.00031395169 7433184 4.4942771e-05
60 65 59937155 0.00036239407 9323112.1 5.6369718e-05
65 70 68363381 0.00041334101 11339015 6.8558337e-05
70 75 77097654 0.00046615047 13641334 8.2478698e-05
75 80 86108628 0.00052063292 16101993 9.7356418e-05
80 85 95437089 0.00057703498 18782262 0.00011356195
85 90 1.049759e+08 0.00063470884 21571760 0.00013042791
90 95 1.1475289e+08 0.00069382285 24666779 0.00014914112
95 100 1.2466114e+08 0.00075373045 27974684 0.00016914149
100 105 1.3474059e+08 0.00081467314 31442756 0.00019011026
105 110 1.4494743e+08 0.00087638609 35073793 0.00021206436
110 115 1.552034e+08 0.00093839607 39035226 0.00023601612
115 120 1.6556716e+08 0.0010010578 43101058 0.00026059909
120 125 1.7596347e+08 0.0010639163 47428294 0.00028676257
125 130 1.8645204e+08 0.0011273327 51873440 0.00031363896
130 135 1.9688411e+08 0.0011904074 56247834 0.00034008757
135 140 2.0737542e+08 0.0012538403 60862803 0.00036799076
140 145 2.1785441e+08 0.0013171988 65365831 0.00039521712
145 150 2.2846821e+08 0.0013813723 69981086 0.00042312203
150 155 2.3910006e+08 0.0014456549 74502821 0.0004504615
155 160 2.4973e+08 0.001509926 78843104 0.00047670387
160 165 2.6036668e+08 0.0015742379 83093828 0.00050240474
165 170 2.7102256e+08 0.0016386658 87432139 0.00052863518
170 175 2.8167901e+08 0.0017030972 91702773 0.00055445644
175 180 2.9229772e+08 0.0017673004 95832283 0.00057942442
180 185 3.0289906e+08 0.0018313986 99759468 0.0006031691
185 190 3.1341892e+08 0.0018950042 1.0391086e+08 0.00062826936
190 195 3.2387339e+08 0.0019582143 1.0799466e+08 0.00065296101
195 200 3.3422104e+08 0.0020207787 1.1213634e+08 0.00067800258
