0 5 196888 9.6580058e-07 8377.9079 4.1096402e-08
5 10 1352584 6.6348707e-06 21468.58 1.0531047e-07
10 15 3640645 1.7858565e-05 68297.556 3.3502204e-07
15 20 7060768 3.4635396e-05 84400.474 4.1401216e-07
20 25 11557727 5.6694463e-05 162332.93 7.9629658e-07
25 30 17087445 8.3819554e-05 324911.4 1.5937976e-06
30 35 23646576 0.00011599426 563008.97 2.7617447e-06
35 40 31190822 0.00015300127 865956.09 4.2478003e-06
40 45 39663989 0.00019456495 1263645.6 6.1985982e-06
45 50 49086425 0.00024078511 1765273.8 8.6592502e-06
50 55 59375242 0.00029125515 2357753.8 1.156556e-05
55 60 70568245 0.00034616052 3012955.6 1.4779541e-05
60 65 82543906 0.00040490509 3687228.2 1.808707e-05
65 70 95311378 0.00046753375 4629311.5 2.27083e-05
70 75 1.0889767e+08 0.00053417901 5540350.5 2.7177247e-05
75 80 1.2316713e+08 0.00060417541 6504205.7 3.1905274e-05
80 85 1.3812522e+08 0.00067754978 7545536.6 3.7013346e-05
85 90 1.5385515e+08 0.00075471028 8752113.7 4.2932005e-05
90 95 1.7027004e+08 0.00083523072 9755787 4.7855353e-05
95 100 1.8727201e+08 0.00091863097 10992647 5.392256e-05
100 105 2.0487485e+08 0.0010049787 12173905 5.9717018e-05
105 110 2.2301544e+08 0.0010939643 13482577 6.6136488e-05
110 115 2.418329e+08 0.0011862701 14720517 7.220899e-05
115 120 2.6110206e+08 0.0012807917 15965659 7.8316822e-05
120 125 2.8091222e+08 0.0013779671 17263008 8.4680746e-05
125 130 3.0118421e+08 0.0014774079 18599384 9.1236112e-05
130 135 3.219521e+08 0.0015792813 19702675 9.6648119e-05
135 140 3.4306609e+08 0.0016828523 20950741 0.0001027703
140 145 3.6461003e+08 0.0017885325 22226972 0.00010903063
145 150 3.865447e+08 0.0018961293 23504585 0.00011529774
150 155 4.0877525e+08 0.0020051775 24878155 0.00012203555
155 160 4.3134816e+08 0.002115905 26081016 0.00012793599
160 165 4.5424854e+08 0.002228239 27237496 0.0001336089
165 170 4.7742311e+08 0.0023419178 28040919 0.00013754996
170 175 5.0075116e+08 0.0024563496 29445086 0.00014443786
175 180 5.2430236e+08 0.002571876 30535686 0.00014978761
180 185 5.4807682e+08 0.0026884976 31614656 0.00015508032
185 190 5.7205686e+08 0.0028061276 32920116 0.00016148403
190 195 5.9604578e+08 0.0029238012 33957960 0.00016657499
195 200 6.2031322e+08 0.0030428409 35006322 0.00017171756
