0 5 162092 9.918235e-07 4362.1218 2.6691354e-08
5 10 1113762 6.8149898e-06 23710.463 1.4508177e-07
10 15 2962838 1.8129287e-05 75780.838 4.6369479e-07
15 20 5684114 3.4780482e-05 159734.93 9.7740082e-07
20 25 9211119 5.6361846e-05 395410.24 2.4194727e-06
25 30 13453845 8.232263e-05 799530.3 4.8922399e-06
30 35 18369453 0.00011240071 1356070.7 8.2976509e-06
35 40 23912914 0.00014632055 2081149.1 1.2734327e-05
40 45 30027655 0.00018373599 3058624.7 1.8715395e-05
45 50 36659925 0.00022431814 4244266.8 2.5970212e-05
50 55 43772567 0.00026783963 5687475.8 3.4801052e-05
55 60 51286065 0.00031381391 7324339.5 4.4816845e-05
60 65 59214499 0.00036232715 9135898 5.5901577e-05
65 70 67522495 0.00041316288 11208260 6.8582134e-05
70 75 76150543 0.00046595698 13377059 8.1852785e-05
75 80 85067630 0.00052051967 15741837 9.6322604e-05
80 85 94295198 0.00057698217 18220361 0.00011148843
85 90 1.0376064e+08 0.00063490016 21023340 0.00012863956
90 95 1.1343076e+08 0.0006940706 24091383 0.00014741258
95 100 1.2325763e+08 0.00075420019 27279894 0.00016692274
100 105 1.3322765e+08 0.00081520566 30688765 0.00018778125
105 110 1.4337948e+08 0.00087732361 34249532 0.0002095692
110 115 1.5359828e+08 0.00093985137 38249654 0.00023404552
115 120 1.638451e+08 0.0010025505 42190973 0.00025816202
120 125 1.7422685e+08 0.0010660754 46296514 0.00028328339
125 130 1.8457884e+08 0.0011294181 50529807 0.00030918645
130 135 1.9499636e+08 0.0011931617 55045114 0.00033681513
135 140 2.0550238e+08 0.0012574469 59525097 0.00036422766
140 145 2.1603284e+08 0.0013218817 64066658 0.00039201699
145 150 2.2656432e+08 0.0013863227 68540027 0.00041938905
150 155 2.3707825e+08 0.0014506563 72991738 0.00044662859
155 160 2.476848e+08 0.0015155566 77229873 0.00047256128
160 165 2.5834085e+08 0.0015807598 81699059 0.00049990775
165 170 2.6889141e+08 0.0016453176 86078296 0.00052670383
170 175 2.7944024e+08 0.0017098647 90337083 0.00055276289
175 180 2.9002321e+08 0.0017746208 94533792 0.0005784421
180 185 3.0055362e+08 0.0018390552 98848320 0.00060484223
185 190 3.1107872e+08 0.0019034572 1.0302505e+08 0.00063039918
190 195 3.2145202e+08 0.0019669303 1.0724039e+08 0.00065619243
195 200 3.3161841e+08 0.0020291374 1.1140115e+08 0.00068165167
