0 5 198321 9.8207601e-07 12887.1 6.3816295e-08
5 10 1344353 6.6571711e-06 34734.068 1.7200143e-07
10 15 3607801 1.7865656e-05 60656.397 3.0036755e-07
15 20 6973687 3.4533361e-05 105641.67 5.2313244e-07
20 25 11420544 5.6553982e-05 185565.35 9.1891062e-07
25 30 16896650 8.3671394e-05 348399.31 1.7252565e-06
30 35 23379349 0.00011577341 554101.48 2.7438838e-06
35 40 30836874 0.00015270271 855091.37 4.2343711e-06
40 45 39231407 0.00019427203 1253315.5 6.206358e-06
45 50 48527095 0.00024030383 1789056.2 8.8593201e-06
50 55 58674017 0.0002905509 2401460.4 1.1891916e-05
55 60 69726532 0.00034528242 3090220.6 1.5302623e-05
60 65 81547981 0.00040382166 3736036.6 1.8500673e-05
65 70 94159475 0.00046627317 4513921.2 2.235272e-05
70 75 1.0755039e+08 0.00053258434 5443402.2 2.6955465e-05
75 80 1.2165392e+08 0.00060242433 6387770.7 3.1631932e-05
80 85 1.3653226e+08 0.00067610114 7436194.1 3.6823674e-05
85 90 1.5206856e+08 0.00075303616 8501900.8 4.2101002e-05
90 95 1.6821628e+08 0.00083299889 9682394.4 4.7946749e-05
95 100 1.8501524e+08 0.00091618651 10729749 5.3133201e-05
100 105 2.0242701e+08 0.0010024088 11950572 5.9178653e-05
105 110 2.2035163e+08 0.0010911706 13104439 6.4892546e-05
110 115 2.388844e+08 0.001182944 14333078 7.0976707e-05
115 120 2.5794054e+08 0.0012773091 15553458 7.701997e-05
120 125 2.7749186e+08 0.0013741263 16846456 8.3422838e-05
125 130 2.9759789e+08 0.0014736904 18173208 8.9992848e-05
130 135 3.180401e+08 0.0015749192 19435891 9.6245591e-05
135 140 3.3894017e+08 0.0016784153 20737586 0.00010269152
140 145 3.6021817e+08 0.001783783 21986163 0.00010887442
145 150 3.8200901e+08 0.0018916902 23306587 0.00011541309
150 155 4.0399196e+08 0.0020005487 24442198 0.00012103658
155 160 4.2639303e+08 0.0021114777 25752651 0.00012752589
160 165 4.489709e+08 0.0022232822 26910173 0.00013325788
165 170 4.7192749e+08 0.0023369621 27973067 0.00013852128
170 175 4.9505745e+08 0.0024515006 29142774 0.00014431361
175 180 5.1837214e+08 0.0025669538 30130826 0.0001492064
180 185 5.419306e+08 0.0026836141 31408143 0.00015553161
185 190 5.6559497e+08 0.002800799 32404441 0.00016046522
190 195 5.8944134e+08 0.002918885 33403093 0.0001654105
195 200 6.1330645e+08 0.0030370639 34310635 0.0001699046
