0 5 163995 9.9359855e-07 7712.4118 4.6727286e-08
5 10 1124332 6.8120043e-06 24812.412 1.5033127e-07
10 15 3000032 1.8176331e-05 82653.167 5.0077178e-07
15 20 5759685 3.4896275e-05 179498.66 1.0875308e-06
20 25 9332206 5.6541153e-05 407383.02 2.4682166e-06
25 30 13649351 8.2697493e-05 808889.03 4.9008261e-06
30 35 18625828 0.00011284854 1415485.9 8.5760218e-06
35 40 24220096 0.0001467426 2194059.7 1.3293177e-05
40 45 30404097 0.00018420968 3130226.2 1.8965141e-05
45 50 37107050 0.00022482095 4349303.6 2.635118e-05
50 55 44294232 0.00026836602 5765317 3.4930398e-05
55 60 51910476 0.00031451065 7499437.2 4.5436934e-05
60 65 59923531 0.00036305945 9282701 5.6241216e-05
65 70 68320094 0.00041393181 11263633 6.8243113e-05
70 75 77044618 0.00046679119 13560625 8.2159926e-05
75 80 86059715 0.00052141107 16029656 9.7119078e-05
80 85 95389174 0.00057793558 18725326 0.00011345137
85 90 1.0491687e+08 0.00063566114 21633060 0.00013106849
90 95 1.1468098e+08 0.00069481906 24662651 0.00014942391
95 100 1.246003e+08 0.00075491738 27991317 0.00016959134
100 105 1.3465446e+08 0.00081583268 31576976 0.00019131582
105 110 1.4482716e+08 0.00087746615 35171939 0.00021309667
110 115 1.5510364e+08 0.00093972839 39155640 0.00023723277
115 120 1.6546452e+08 0.0010025019 43249069 0.00026203368
120 125 1.7589559e+08 0.0010657008 47500390 0.0002877912
125 130 1.8630932e+08 0.0011287946 51802325 0.00031385539
130 135 1.9683192e+08 0.001192548 56352125 0.00034142133
135 140 2.0734251e+08 0.0012562286 60923633 0.00036911877
140 145 2.1791742e+08 0.001320299 65479718 0.00039672279
145 150 2.2851098e+08 0.0013844824 69946822 0.00042378768
150 155 2.3908506e+08 0.0014485476 74508062 0.00045142293
155 160 2.4976507e+08 0.0015132547 78965728 0.00047843064
160 165 2.6042485e+08 0.0015778393 83297106 0.00050467321
165 170 2.7104537e+08 0.0016421859 87633330 0.00053094515
170 175 2.8176278e+08 0.0017071197 91891090 0.0005567417
175 180 2.9239956e+08 0.0017715649 96079131 0.00058211583
180 185 3.0302931e+08 0.0018359675 1.0010753e+08 0.00060652274
185 190 3.135141e+08 0.0018994918 1.0422604e+08 0.00063147562
190 195 3.2391484e+08 0.0019625069 1.0834455e+08 0.00065642849
195 200 3.3436708e+08 0.002025834 1.124359e+08 0.00068121682
