0 5 165013 9.930637e-07 4643.9747 2.7947875e-08
5 10 1124649 6.7682431e-06 24890.458 1.4979311e-07
10 15 3002558 1.8069675e-05 73111.143 4.3998971e-07
15 20 5762746 3.4680745e-05 180040.19 1.0834988e-06
20 25 9341429 5.6217595e-05 417233.97 2.5109531e-06
25 30 13644728 8.2115252e-05 816590.44 4.9143178e-06
30 35 18654036 0.00011226174 1390046.7 8.3654315e-06
35 40 24266955 0.00014604081 2140085.8 1.2879237e-05
40 45 30458706 0.00018330335 3133989.3 1.8860641e-05
45 50 37175230 0.00022372402 4330322.7 2.6060288e-05
50 55 44369202 0.00026701802 5802949.2 3.4922692e-05
55 60 52017319 0.0003130451 7395116.2 4.4504502e-05
60 65 60044580 0.00036135391 9223350.3 5.5506986e-05
65 70 68461832 0.00041200972 11309859 6.8063789e-05
70 75 77251623 0.00046490751 13650864 8.2152178e-05
75 80 86286380 0.00051927952 16077638 9.6756729e-05
80 85 95593298 0.00057528942 18677351 0.00011240205
85 90 1.0519059e+08 0.0006330468 21634367 0.00013019765
90 95 1.1496522e+08 0.00069187147 24657504 0.00014839117
95 100 1.2492388e+08 0.00075180363 27891314 0.00016785254
100 105 1.3502479e+08 0.00081259184 31434088 0.00018917329
105 110 1.4523957e+08 0.00087406534 35164770 0.00021162488
110 115 1.5556928e+08 0.0009362305 39019683 0.00023482411
115 120 1.6595515e+08 0.00099873367 43042296 0.00025903257
120 125 1.7640441e+08 0.0010616182 47351495 0.00028496573
125 130 1.8687382e+08 0.0011246241 51914078 0.00031242379
130 135 1.973448e+08 0.0011876395 56340992 0.00033906537
135 140 2.0789292e+08 0.0012511191 60931276 0.00036669013
140 145 2.1844256e+08 0.0013146078 65426619 0.00039374352
145 150 2.2911594e+08 0.0013788412 70018479 0.00042137777
150 155 2.3975818e+08 0.0014428872 74552450 0.00044866363
155 160 2.5042916e+08 0.0015071061 79022490 0.00047556475
160 165 2.6113738e+08 0.0015715492 83399793 0.00050190777
165 170 2.7188631e+08 0.0016362373 87820106 0.00052850963
170 175 2.8254125e+08 0.0017003597 91958366 0.00055341407
175 180 2.9318637e+08 0.001764423 96199612 0.00057893828
180 185 3.0390414e+08 0.0018289236 1.003407e+08 0.00060385976
185 190 3.1442896e+08 0.0018922629 1.0429468e+08 0.00062765513
190 195 3.2503751e+08 0.0019561062 1.083124e+08 0.00065183416
195 200 3.3545684e+08 0.0020188107 1.1240999e+08 0.00067649387
