0 5 161715 9.896645e-07 4499.164 2.7534013e-08
5 10 1109119 6.7875936e-06 18581.043 1.1371239e-07
10 15 2962518 1.8130037e-05 77389.628 4.7360954e-07
15 20 5686653 3.4801216e-05 186650.39 1.1422642e-06
20 25 9191213 5.6248445e-05 428750.37 2.6238693e-06
25 30 13438071 8.2238394e-05 824441.02 5.0454195e-06
30 35 18358759 0.00011235205 1368516.7 8.3750573e-06
35 40 23894267 0.00014622829 2121344.3 1.2982217e-05
40 45 30009561 0.00018365271 3112301.7 1.9046684e-05
45 50 36625277 0.00022413961 4304091.8 2.6340209e-05
50 55 43695180 0.00026740604 5697484 3.4867499e-05
55 60 51177407 0.00031319583 7327634.5 4.4843705e-05
60 65 59090744 0.00036162392 9203310.1 5.6322476e-05
65 70 67375354 0.00041232413 11200190 6.8542997e-05
70 75 75974296 0.00046494799 13443035 8.2268775e-05
75 80 84878343 0.00051943903 15837891 9.692483e-05
80 85 94047418 0.000575552 18470415 0.00011303536
85 90 1.0348418e+08 0.00063330318 21347735 0.00013064401
90 95 1.1311387e+08 0.00069223499 24424194 0.00014947134
95 100 1.2288727e+08 0.00075204633 27627244 0.00016907338
100 105 1.3280467e+08 0.00081273886 30958176 0.00018945805
105 110 1.4282471e+08 0.00087405959 34660607 0.00021211621
110 115 1.5293656e+08 0.00093594212 38465664 0.00023540242
115 120 1.6312549e+08 0.00099829641 42546222 0.00026037464
120 125 1.7331913e+08 0.0010606796 46812175 0.00028648145
125 130 1.836656e+08 0.0011239979 51202376 0.00031334863
130 135 1.9401239e+08 0.0011873183 55515494 0.00033974408
135 140 2.0432407e+08 0.0012504238 60010828 0.00036725465
140 145 2.1470044e+08 0.0013139251 64567489 0.00039514054
145 150 2.2511192e+08 0.0013776414 69027626 0.00042243571
150 155 2.3553434e+08 0.0014414246 73458207 0.00044955001
155 160 2.4602489e+08 0.0015056247 77798005 0.00047610874
160 165 2.5650302e+08 0.0015697489 82087670 0.00050236065
165 170 2.6694135e+08 0.0016336294 86412145 0.00052882561
170 175 2.7742932e+08 0.0016978137 90415372 0.00055332458
175 180 2.8779886e+08 0.0017612734 94557905 0.00057867608
180 185 2.9828444e+08 0.0018254431 98626750 0.00060357662
185 190 3.0866238e+08 0.001888954 1.028341e+08 0.0006293248
190 195 3.1891956e+08 0.001951726 1.0674432e+08 0.00065325458
195 200 3.291665e+08 0.0020144353 1.1066966e+08 0.0006772769
