0 5 163469 9.9440257e-07 4869.35 2.9620871e-08
5 10 1116872 6.7940734e-06 16126.519 9.809965e-08
10 15 2981851 1.8138976e-05 64144.948 3.9020182e-07
15 20 5726994 3.4838028e-05 172808.3 1.0512147e-06
20 25 9269172 5.6385544e-05 385766.4 2.3466657e-06
25 30 13550374 8.2428636e-05 776108.16 4.721164e-06
30 35 18523868 0.00011268303 1330898.7 8.096025e-06
35 40 24119728 0.00014672335 2085455.4 1.2686089e-05
40 45 30276901 0.00018417821 3052090.5 1.8566252e-05
45 50 36974597 0.00022492114 4272463.2 2.5989933e-05
50 55 44101713 0.00026827629 5729966.3 3.4856109e-05
55 60 51697746 0.00031448392 7328102.2 4.4577771e-05
60 65 59672580 0.00036299584 9155921 5.5696624e-05
65 70 68034778 0.00041386415 11278681 6.8609641e-05
70 75 76736958 0.00046680061 13545903 8.2401438e-05
75 80 85764506 0.00052171632 15912356 9.6796872e-05
80 85 95060979 0.00057826794 18590264 0.00011308693
85 90 1.045779e+08 0.00063616055 21411138 0.00013024666
90 95 1.1429296e+08 0.0006952585 24412015 0.00014850137
95 100 1.2420611e+08 0.00075556145 27589021 0.0001678275
100 105 1.3426111e+08 0.0008167273 30980877 0.00018846059
105 110 1.444394e+08 0.00087864311 34617101 0.0002105802
110 115 1.5471274e+08 0.00094113715 38496059 0.00023417639
115 120 1.6506779e+08 0.0010041282 42532968 0.00025873341
120 125 1.7546269e+08 0.0010673617 46795302 0.00028466173
125 130 1.8596993e+08 0.0011312786 51134604 0.00031105825
130 135 1.9644232e+08 0.0011949834 55394082 0.0003369692
135 140 2.0698709e+08 0.0012591286 59890124 0.00036431919
140 145 2.1759792e+08 0.0013236756 64290497 0.00039108721
145 150 2.281688e+08 0.0013879796 68680696 0.00041779335
150 155 2.3875192e+08 0.0014523581 73101686 0.00044468679
155 160 2.4942566e+08 0.0015172878 77417873 0.0004709427
160 165 2.6007913e+08 0.0015820942 81647107 0.00049666966
165 170 2.7071712e+08 0.0016468064 85979485 0.00052302407
170 175 2.8139987e+08 0.0017117909 90153198 0.00054841329
175 180 2.919306e+08 0.0017758507 94425913 0.00057440475
180 185 3.025268e+08 0.0018403088 98475617 0.00059903962
185 190 3.1306502e+08 0.0019044141 1.026669e+08 0.00062453574
190 195 3.2355622e+08 0.0019682334 1.0665463e+08 0.0006487936
195 200 3.3391191e+08 0.0020312283 1.1071154e+08 0.00067347231
