0 5 163367 9.9055948e-07 4641.1152 2.8140938e-08
5 10 1115869 6.7659602e-06 20706.078 1.2554924e-07
10 15 2980515 1.8072055e-05 73272.087 4.4427798e-07
15 20 5732564 3.4758829e-05 171341.41 1.0389115e-06
20 25 9278993 5.6262247e-05 428060.12 2.5954997e-06
25 30 13565470 8.2252872e-05 828394.4 5.0228866e-06
30 35 18520379 0.00011229647 1407858.2 8.5364076e-06
35 40 24072848 0.00014596331 2173930.4 1.318141e-05
40 45 30209948 0.000183175 3167984 1.9208754e-05
45 50 36864000 0.00022352118 4400763.1 2.6683587e-05
50 55 43998848 0.00026678262 5799425.8 3.5164239e-05
55 60 51564792 0.00031265796 7466023 4.5269484e-05
60 65 59539153 0.0003610097 9265688.7 5.6181577e-05
65 70 67875178 0.00041155436 11238975 6.81464e-05
70 75 76570909 0.00046428005 13609814 8.2521745e-05
75 80 85523905 0.00051856565 15984252 9.6918912e-05
80 85 94782388 0.00057470354 18652361 0.00011309673
85 90 1.042842e+08 0.00063231685 21313628 0.00012923305
90 95 1.1400009e+08 0.00069122817 24368753 0.0001477575
95 100 1.2389187e+08 0.00075120599 27586506 0.00016726802
100 105 1.338969e+08 0.00081187047 31098451 0.00018856235
105 110 1.4405941e+08 0.00087348982 34810901 0.00021107242
110 115 1.5424835e+08 0.00093526944 38548977 0.00023373787
115 120 1.6456429e+08 0.00099781914 42652440 0.00025861881
120 125 1.7491913e+08 0.0010606047 46863046 0.00028414939
125 130 1.8536086e+08 0.0011239171 51223323 0.0003105875
130 135 1.958194e+08 0.0011873314 55603298 0.00033714504
135 140 2.0629659e+08 0.0012508588 60050480 0.00036411008
140 145 2.1683311e+08 0.0013147459 64496665 0.00039106909
145 150 2.2739582e+08 0.0013787919 69047576 0.00041866308
150 155 2.3802936e+08 0.0014432672 73382552 0.00044494777
155 160 2.486116e+08 0.0015074316 77716238 0.00047122464
160 165 2.5926488e+08 0.0015720267 81919408 0.00049671014
165 170 2.6993413e+08 0.0016367186 86122882 0.00052219749
170 175 2.8055317e+08 0.0017011061 90333938 0.00054773081
175 180 2.9122035e+08 0.0017657855 94344728 0.00057204983
180 185 3.0176729e+08 0.0018297358 98231896 0.00059561928
185 190 3.1226246e+08 0.0018933722 1.0232468e+08 0.00062043547
190 195 3.2275576e+08 0.0019569973 1.0632846e+08 0.000644712
195 200 3.3319875e+08 0.0020203173 1.1015067e+08 0.0006678876
