0 5 161652 9.9287918e-07 4819.4926 2.9601699e-08
5 10 1104065 6.7812532e-06 24908.307 1.5298876e-07
10 15 2951134 1.8126095e-05 82455.791 5.0644989e-07
15 20 5658494 3.4754911e-05 175478.07 1.0778e-06
20 25 9165313 5.6294066e-05 404304.63 2.4832705e-06
25 30 13410184 8.2366395e-05 783440.42 4.8119521e-06
30 35 18330843 0.00011258947 1349260.9 8.2872657e-06
35 40 23869484 0.00014660823 2103620.6 1.2920602e-05
40 45 29928755 0.00018382474 3064215.5 1.8820651e-05
45 50 36545605 0.00022446595 4245050.1 2.6073428e-05
50 55 43617236 0.00026790046 5708178.7 3.5060078e-05
55 60 51115432 0.00031395497 7303216.5 4.4856925e-05
60 65 59006797 0.00036242434 9153168.2 5.6219472e-05
65 70 67255781 0.00041309025 11155230 6.8516292e-05
70 75 75866474 0.00046597779 13398896 8.2297063e-05
75 80 84754463 0.00052056851 15788420 9.6973703e-05
80 85 93941874 0.00057699831 18425327 0.00011316979
85 90 1.0332621e+08 0.00063463761 21205958 0.00013024865
90 95 1.1294056e+08 0.00069368974 24257435 0.00014899106
95 100 1.2273882e+08 0.00075387136 27423846 0.0001684394
100 105 1.32622e+08 0.00081457463 30890216 0.00018973011
105 110 1.4264869e+08 0.00087615939 34488867 0.00021183331
110 115 1.5279959e+08 0.00093850701 38458680 0.00023621621
115 120 1.6297679e+08 0.0010010161 42386254 0.00026033967
120 125 1.7322664e+08 0.0010639715 46666871 0.00028663156
125 130 1.8351655e+08 0.001127173 50912812 0.00031271046
130 135 1.9385593e+08 0.0011906782 55411795 0.00034034356
135 140 2.0415248e+08 0.0012539205 59910517 0.00036797506
140 145 2.1449e+08 0.0013174143 64433933 0.00039575824
145 150 2.2494734e+08 0.0013816441 68952385 0.00042351092
150 155 2.3533919e+08 0.0014454717 73451431 0.00045114441
155 160 2.4575629e+08 0.0015094543 77837627 0.00047808477
160 165 2.5619516e+08 0.0015735706 82098756 0.00050425696
165 170 2.6669618e+08 0.0016380687 86240713 0.00052969718
170 175 2.7710349e+08 0.0017019912 90456272 0.00055558947
175 180 2.8751952e+08 0.0017659673 94503474 0.0005804477
180 185 2.9791552e+08 0.0018298203 98739596 0.00060646629
185 190 3.08194e+08 0.0018929516 1.0289489e+08 0.0006319884
190 195 3.1844994e+08 0.0019559443 1.0693993e+08 0.0006568334
195 200 3.2863553e+08 0.002018505 1.1085156e+08 0.00068085893
