0 5 197836 9.7066498e-07 11065.568 5.4292239e-08
5 10 1353360 6.6401421e-06 28092.646 1.3783411e-07
10 15 3646670 1.7892066e-05 54334.024 2.6658512e-07
15 20 7062123 3.4649687e-05 81621.612 4.0046928e-07
20 25 11562661 5.6731182e-05 164064.35 8.0496732e-07
25 30 17099427 8.3896839e-05 340689.52 1.6715632e-06
30 35 23656896 0.00011607048 556597.87 2.7308986e-06
35 40 31184600 0.0001530045 892740.31 4.380152e-06
40 45 39653725 0.00019455752 1233898.2 6.0540133e-06
45 50 49070185 0.00024075856 1676609.8 8.226139e-06
50 55 59364343 0.00029126594 2300999.1 1.128965e-05
55 60 70508277 0.00034594268 2954585.8 1.4496416e-05
60 65 82505293 0.00040480498 3695358.6 1.8130953e-05
65 70 95276666 0.0004674666 4521941.7 2.218651e-05
70 75 1.088315e+08 0.00053397221 5405765.4 2.6522914e-05
75 80 1.2309868e+08 0.00060397286 6368181.5 3.1244924e-05
80 85 1.3811101e+08 0.00067762955 7439190.1 3.6499734e-05
85 90 1.5377384e+08 0.00075447787 8585729 4.2125126e-05
90 95 1.7014289e+08 0.00083479116 9588522.4 4.7045244e-05
95 100 1.8713745e+08 0.00091817349 10823480 5.3104457e-05
100 105 2.04728e+08 0.00100448 11933551 5.8550919e-05
105 110 2.229833e+08 0.001094048 13155562 6.4546613e-05
110 115 2.4168734e+08 0.0011858177 14407050 7.0686925e-05
115 120 2.6094012e+08 0.0012802798 15672155 7.6894052e-05
120 125 2.8075506e+08 0.0013775 16783878 8.2348624e-05
125 130 3.0099209e+08 0.0014767913 17970586 8.8171103e-05
130 135 3.217002e+08 0.0015783938 19287884 9.4634309e-05
135 140 3.4275497e+08 0.0016816972 20435249 0.00010026376
140 145 3.6431496e+08 0.0017874794 21604086 0.00010599855
145 150 3.8619945e+08 0.0018948537 22845940 0.0001120916
150 155 4.0843591e+08 0.0020039549 24061171 0.00011805402
155 160 4.3093144e+08 0.0021143273 25247905 0.00012387663
160 165 4.5375177e+08 0.0022262932 26326172 0.00012916705
165 170 4.7684088e+08 0.0023395779 27462284 0.00013474129
170 175 5.0012749e+08 0.0024538316 28707066 0.0001408487
175 180 5.2359659e+08 0.0025689807 29761272 0.00014602107
180 185 5.4724538e+08 0.0026850114 30887700 0.00015154779
185 190 5.7112746e+08 0.0028021868 32101808 0.00015750471
190 195 5.9516044e+08 0.0029201025 33101393 0.00016240908
195 200 6.1923272e+08 0.003038211 34147806 0.00016754321
