0 5 164900 1.0051224e-06 7913.2413 4.8233938e-08
5 10 1118826 6.8196308e-06 36875.725 2.2477028e-07
10 15 2978655 1.8155931e-05 78421.933 4.7800876e-07
15 20 5714578 3.4832326e-05 205521.62 1.2527252e-06
20 25 9251472 5.6390916e-05 421052.78 2.5664621e-06
25 30 13522754 8.2425855e-05 842656.01 5.1362794e-06
30 35 18478135 0.00011263061 1413910.7 8.6182739e-06
35 40 24051906 0.00014660467 2170032.9 1.32271e-05
40 45 30179682 0.00018395558 3123835.6 1.9040857e-05
45 50 36794259 0.00022427371 4348537 2.6505835e-05
50 55 43924025 0.0002677321 5742997.1 3.500555e-05
55 60 51479085 0.0003137828 7391991.1 4.5056738e-05
60 65 59404582 0.00036209144 9332719.2 5.6886146e-05
65 70 67753697 0.00041298218 11375092 6.933511e-05
70 75 76395546 0.00046565723 13623272 8.3038545e-05
75 80 85381556 0.00052043006 15968222 9.7331824e-05
80 85 94598735 0.00057661195 18568541 0.00011318167
85 90 1.0411631e+08 0.00063462485 21347157 0.00013011829
90 95 1.1380068e+08 0.00069365443 24318892 0.00014823204
95 100 1.2368875e+08 0.00075392563 27600272 0.00016823319
100 105 1.3369937e+08 0.00081494381 30954175 0.00018867639
105 110 1.4380983e+08 0.00087657058 34668929 0.00021131909
110 115 1.5400355e+08 0.00093870481 38564289 0.00023506266
115 120 1.6423092e+08 0.0010010441 42687022 0.00026019214
120 125 1.7455459e+08 0.0010639705 46870757 0.00028569345
125 130 1.8492795e+08 0.0011271997 51192332 0.00031203494
130 135 1.953514e+08 0.0011907343 55634573 0.00033911193
135 140 2.0583483e+08 0.0012546343 60181726 0.0003668284
140 145 2.1633863e+08 0.0013186587 64675573 0.00039421995
145 150 2.2686971e+08 0.0013828492 69243173 0.00042206105
150 155 2.3735835e+08 0.0014467811 73603742 0.00044864022
155 160 2.4793429e+08 0.0015112451 77947402 0.00047511633
160 165 2.5856241e+08 0.0015760272 82240456 0.00050128398
165 170 2.6914615e+08 0.0016405387 86516811 0.00052734983
170 175 2.7966722e+08 0.0017046683 90840335 0.00055370321
175 180 2.9024292e+08 0.0017691308 94904167 0.00057847367
180 185 3.0082126e+08 0.0018336095 99000278 0.00060344088
185 190 3.1123569e+08 0.001897089 1.0322454e+08 0.00062918924
190 195 3.2163475e+08 0.0019604748 1.0724974e+08 0.0006537242
195 200 3.319543e+08 0.0020233761 1.1131736e+08 0.00067851774
