0 5 164656 9.9065063e-07 4937.4396 2.970604e-08
5 10 1130118 6.7993399e-06 27246.968 1.6393102e-07
10 15 3018709 1.8162023e-05 67440.007 4.0575191e-07
15 20 5781971 3.4787152e-05 185978.96 1.1189399e-06
20 25 9369286 5.6370185e-05 406166.67 2.4436963e-06
25 30 13683526 8.2326752e-05 806160.56 4.8502543e-06
30 35 18693494 0.00011246916 1391454.8 8.3716691e-06
35 40 24329612 0.00014637879 2170961.8 1.3061563e-05
40 45 30525938 0.0001836589 3110664.3 1.871527e-05
45 50 37287512 0.00022433982 4325378.8 2.6023584e-05
50 55 44528608 0.00026790578 5825308.6 3.5047892e-05
55 60 52180332 0.00031394227 7497123.6 4.5106345e-05
60 65 60236361 0.00036241126 9373088.2 5.6393061e-05
65 70 68662766 0.00041310862 11460213 6.8950217e-05
70 75 77452613 0.00046599262 13648844 8.211809e-05
75 80 86543934 0.00052069043 16084637 9.6773002e-05
80 85 95945563 0.0005772552 18796025 0.00011308604
85 90 1.0558943e+08 0.00063527743 21594873 0.00012992527
90 95 1.1542171e+08 0.0006944332 24595864 0.00014798069
95 100 1.2549626e+08 0.00075504658 27781743 0.00016714849
100 105 1.3566851e+08 0.00081624776 31166104 0.00018751045
105 110 1.4593484e+08 0.00087801501 34807334 0.00020941786
110 115 1.5635954e+08 0.00094073507 38776189 0.00023329643
115 120 1.6687837e+08 0.0010040215 42777181 0.00025736834
120 125 1.774631e+08 0.0010677044 47012591 0.00028285063
125 130 1.8803819e+08 0.0011313293 51241261 0.00030829237
130 135 1.9867878e+08 0.0011953483 55882588 0.00033621685
135 140 2.093901e+08 0.0012597928 60407883 0.00036344322
140 145 2.2011033e+08 0.0013242908 64931895 0.00039066189
145 150 2.3083167e+08 0.0013887957 69526423 0.0004183048
150 155 2.4160617e+08 0.0014536203 73977182 0.00044508273
155 160 2.5240708e+08 0.0015186039 78383591 0.00047159383
160 165 2.6326235e+08 0.0015839144 82823052 0.00049830379
165 170 2.7406173e+08 0.0016488888 87266402 0.00052503715
170 175 2.8482384e+08 0.0017136388 91410439 0.00054996969
175 180 2.9561945e+08 0.0017785905 95731919 0.00057596982
180 185 3.0636619e+08 0.0018432481 1.0012337e+08 0.00060239091
185 190 3.1705197e+08 0.001907539 1.0439638e+08 0.00062809946
190 195 3.2762693e+08 0.0019711631 1.087072e+08 0.0006540354
195 200 3.3809169e+08 0.0020341242 1.1285132e+08 0.00067896846
