0 5 194993 9.7480799e-07 9673.5973 4.8360197e-08
5 10 1328758 6.6427201e-06 29639.912 1.4817569e-07
10 15 3583389 1.791406e-05 56634.894 2.8312887e-07
15 20 6936771 3.4678269e-05 69187.821 3.4588339e-07
20 25 11359972 5.6790713e-05 166379.77 8.3176488e-07
25 30 16798171 8.3977329e-05 341260.96 1.70603e-06
30 35 23255549 0.00011625902 572301.61 2.8610472e-06
35 40 30651066 0.00015323065 862237.38 4.3104926e-06
40 45 39011038 0.00019502378 1268910.1 6.3435289e-06
45 50 48262078 0.00024127153 1757646.5 8.7868171e-06
50 55 58403027 0.00029196811 2353766.2 1.1766936e-05
55 60 69338232 0.00034663533 2999408.5 1.4994627e-05
60 65 81139012 0.00040562973 3773440.4 1.8864164e-05
65 70 93674379 0.00046829647 4593468.7 2.2963645e-05
70 75 1.0702006e+08 0.0005350141 5470497.7 2.7348084e-05
75 80 1.2106973e+08 0.00060525116 6495229.2 3.2470916e-05
80 85 1.3580902e+08 0.00067893577 7579063.7 3.7889216e-05
85 90 1.5127479e+08 0.00075625215 8683452.4 4.341027e-05
90 95 1.6738415e+08 0.00083678596 9653560.1 4.8260027e-05
95 100 1.8408832e+08 0.00092029338 10901302 5.4497733e-05
100 105 2.0138884e+08 0.0010067821 12090720 6.0443862e-05
105 110 2.1933162e+08 0.0010964815 13246094 6.6219803e-05
110 115 2.3780485e+08 0.0011888328 14586657 7.2921537e-05
115 120 2.5673151e+08 0.0012834508 15859619 7.9285325e-05
120 125 2.7623243e+08 0.0013809397 17176790 8.5870118e-05
125 130 2.9626739e+08 0.0014810984 18410559 9.2037971e-05
130 135 3.1663372e+08 0.0015829137 19662766 9.8297998e-05
135 140 3.3740926e+08 0.0016867746 20879824 0.00010438231
140 145 3.5872316e+08 0.001793327 22280715 0.00011138563
145 150 3.8024384e+08 0.001900913 23556231 0.00011776219
150 155 4.0207272e+08 0.0020100399 24675052 0.00012335539
155 160 4.2428335e+08 0.0021210751 25953555 0.00012974688
160 165 4.4683354e+08 0.0022338079 27156620 0.00013576124
165 170 4.6960822e+08 0.0023476629 28429015 0.00014212219
170 175 4.925668e+08 0.0024624374 29555919 0.0001477558
175 180 5.1583223e+08 0.0025787458 30577688 0.00015286382
180 185 5.3918164e+08 0.0026954741 31663276 0.00015829088
185 190 5.6260356e+08 0.0028125648 32732383 0.00016363556
190 195 5.8637742e+08 0.0029314149 33724955 0.00016859762
195 200 6.1014013e+08 0.0030502094 34621817 0.00017308121
