0 5 197058 9.718264e-07 9012.5917 4.4447191e-08
5 10 1345046 6.6333324e-06 24399.464 1.2033027e-07
10 15 3621637 1.7860744e-05 42148.754 2.0786404e-07
15 20 7014037 3.4590965e-05 66714.878 3.2901623e-07
20 25 11483708 5.6633938e-05 170260.99 8.3967222e-07
25 30 16983191 8.3755612e-05 337556.57 1.66472e-06
30 35 23487379 0.00011583217 562259.29 2.7728812e-06
35 40 30979376 0.00015278028 855721.9 4.220144e-06
40 45 39419816 0.0001944058 1281790.8 6.3213783e-06
45 50 48738086 0.0002403605 1771028.3 8.7341395e-06
50 55 58971176 0.00029082679 2259461 1.1142932e-05
55 60 70028802 0.00034535943 2993781.2 1.4764362e-05
60 65 81931917 0.00040406175 3663444.2 1.8066924e-05
65 70 94627180 0.00046667069 4466537.8 2.2027521e-05
70 75 1.0808922e+08 0.00053306109 5302150.3 2.6148493e-05
75 80 1.2232014e+08 0.0006032434 6196382.7 3.0558558e-05
80 85 1.3719453e+08 0.00067659913 7232655.7 3.5669122e-05
85 90 1.5277741e+08 0.00075344884 8209995.5 4.0489046e-05
90 95 1.6906995e+08 0.00083379838 9444489.2 4.657717e-05
95 100 1.8596031e+08 0.00091709619 10619682 5.2372843e-05
100 105 2.0343953e+08 0.0010032981 11763351 5.8013047e-05
105 110 2.2154033e+08 0.0010925653 12930057 6.3766863e-05
110 115 2.4016642e+08 0.0011844232 14142487 6.9746178e-05
115 120 2.5929804e+08 0.0012787742 15354934 7.5725576e-05
120 125 2.7900658e+08 0.0013759703 16407667 8.0917316e-05
125 130 2.9917486e+08 0.0014754338 17801090 8.7789225e-05
130 135 3.1976668e+08 0.001576986 19146938 9.4426513e-05
135 140 3.4081924e+08 0.0016808104 20564299 0.00010141648
140 145 3.6218674e+08 0.001786188 21904032 0.00010802361
145 150 3.8394526e+08 0.001893494 23172037 0.000114277
150 155 4.0605344e+08 0.0020025244 24447590 0.00012056762
155 160 4.2848155e+08 0.0021131326 25776851 0.0001271231
160 165 4.5121198e+08 0.0022252318 27223251 0.00013425628
165 170 4.7413678e+08 0.0023382895 28557705 0.00014083738
170 175 4.9734546e+08 0.0024527472 29872004 0.00014731907
175 180 5.2073532e+08 0.0025680984 31051012 0.00015313356
180 185 5.4431224e+08 0.0026843721 32417826 0.00015987424
185 190 5.6799818e+08 0.0028011836 33399710 0.00016471658
190 195 5.9181605e+08 0.0029186456 34517303 0.00017022819
195 200 6.1576919e+08 0.0030367748 35589088 0.00017551389
