0 5 166607 1.0136967e-06 9331.1322 5.6773952e-08
5 10 1120653 6.8184544e-06 37526.15 2.2832254e-07
10 15 2981077 1.8137941e-05 89671.888 5.455959e-07
15 20 5720918 3.4808115e-05 187203.48 1.1390131e-06
20 25 9255946 5.6316492e-05 422564.91 2.5710363e-06
25 30 13535446 8.2354503e-05 805695.82 4.9021421e-06
30 35 18500438 0.00011256329 1376610.7 8.3757927e-06
35 40 24078581 0.00014650271 2149152.9 1.3076216e-05
40 45 30231659 0.00018394025 3103887.3 1.8885162e-05
45 50 36899892 0.00022451216 4309336.7 2.6219549e-05
50 55 44028845 0.00026788727 5682802.2 3.4576205e-05
55 60 51605564 0.00031398674 7341583.3 4.4668823e-05
60 65 59573009 0.00036246353 9163903.8 5.5756474e-05
65 70 67897075 0.00041311013 11175342 6.7994784e-05
70 75 76639696 0.00046630337 13449800 8.1833401e-05
75 80 85688857 0.00052136171 15758807 9.5882227e-05
80 85 94980755 0.00057789695 18345264 0.00011161916
85 90 1.0453978e+08 0.00063605746 21096437 0.00012835828
90 95 1.1429757e+08 0.00069542738 24030835 0.00014621221
95 100 1.2419165e+08 0.00075562651 27236582 0.00016571712
100 105 1.3429471e+08 0.00081709715 30830196 0.00018758196
105 110 1.4448976e+08 0.00087912744 34536609 0.0002101331
110 115 1.5473154e+08 0.00094144211 38387792 0.00023356508
115 120 1.6512654e+08 0.001004689 42457572 0.00025832708
120 125 1.754823e+08 0.0010676972 46647313 0.00028381897
125 130 1.8593749e+08 0.0011313103 50922184 0.00030982881
130 135 1.9644942e+08 0.0011952686 55473733 0.00033752207
135 140 2.0697526e+08 0.0012593116 60084960 0.00036557843
140 145 2.1754789e+08 0.0013236393 64602324 0.00039306369
145 150 2.281506e+08 0.00138815 69236065 0.00042125703
150 155 2.3877342e+08 0.001452783 73705390 0.00044845
155 160 2.4945383e+08 0.0015177665 78157947 0.00047554095
160 165 2.6009054e+08 0.001582484 82506800 0.00050200094
165 170 2.7067882e+08 0.0016469069 86904931 0.00052876074
170 175 2.8134716e+08 0.001711817 91114535 0.00055437348
175 180 2.9196529e+08 0.0017764214 95393380 0.0005804075
180 185 3.0251707e+08 0.0018406222 99352664 0.00060449721
185 190 3.130152e+08 0.0019044967 1.0366155e+08 0.00063071401
190 195 3.2348958e+08 0.0019682265 1.0771666e+08 0.00065538674
195 200 3.338198e+08 0.0020310793 1.1177128e+08 0.00068005653
