0 5 195926 9.7195951e-07 7919.919 3.928953e-08
5 10 1339487 6.6449942e-06 33632.044 1.6684353e-07
10 15 3601655 1.786727e-05 41158.863 2.0418295e-07
15 20 6974453 3.4599216e-05 76618.101 3.8009091e-07
20 25 11413080 5.6618579e-05 179503.72 8.9049104e-07
25 30 16868113 8.3680179e-05 345640.85 1.7146724e-06
30 35 23343355 0.00011580288 559701.92 2.7765973e-06
35 40 30809702 0.00015284231 868923.77 4.3106005e-06
40 45 39184878 0.0001943903 1234295.6 6.1231554e-06
45 50 48457581 0.00024039079 1711502.8 8.4905088e-06
50 55 58625919 0.00029083439 2265778 1.1240185e-05
55 60 69635066 0.00034544912 2905415.9 1.4413333e-05
60 65 81432510 0.00040397447 3679367 1.8252788e-05
65 70 94047094 0.00046655353 4546645.1 2.2555225e-05
70 75 1.0741788e+08 0.00053288401 5441436.3 2.699415e-05
75 80 1.2151755e+08 0.00060283033 6435861.8 3.1927345e-05
80 85 1.3637085e+08 0.00067651536 7478993.8 3.7102167e-05
85 90 1.5182389e+08 0.00075317557 8565458.9 4.2491957e-05
90 95 1.6797728e+08 0.00083331011 9650130.7 4.7872851e-05
95 100 1.8473041e+08 0.00091641989 10818226 5.3667595e-05
100 105 2.021316e+08 0.0010027446 11988428 5.9472796e-05
105 110 2.201137e+08 0.001091951 13263138 6.5796439e-05
110 115 2.3862864e+08 0.0011838009 14515178 7.200762e-05
115 120 2.5770869e+08 0.0012784542 15643516 7.7605135e-05
120 125 2.7723458e+08 0.0013753192 16821511 8.3448995e-05
125 130 2.9728739e+08 0.0014747982 18121152 8.989632e-05
130 135 3.1778665e+08 0.0015764919 19455187 9.6514265e-05
135 140 3.386859e+08 0.00168017 20864863 0.00010350746
140 145 3.5993049e+08 0.0017855612 22128941 0.00010977836
145 150 3.8159363e+08 0.0018930288 23389101 0.00011602983
150 155 4.0359883e+08 0.0020021933 24738331 0.00012272315
155 160 4.2584405e+08 0.0021125485 26078588 0.00012937196
160 165 4.4839232e+08 0.0022244071 27366484 0.00013576102
165 170 4.7118387e+08 0.0023374725 28666027 0.00014220786
170 175 4.9431468e+08 0.002452221 30076013 0.00014920259
175 180 5.175963e+08 0.0025677176 31256944 0.00015506101
180 185 5.4099273e+08 0.0026837838 32397532 0.0001607193
185 190 5.6460252e+08 0.0028009084 33437108 0.00016587648
190 195 5.8842744e+08 0.0029191003 34460053 0.00017095115
195 200 6.1222466e+08 0.0030371547 35679672 0.0001770015
