0 5 162209 9.804576e-07 8001.5183 4.8364452e-08
5 10 1113821 6.7323901e-06 27513.894 1.6630524e-07
10 15 2976702 1.7992405e-05 79226.506 4.7887743e-07
15 20 5718719 3.4566279e-05 175218.73 1.0590937e-06
20 25 9287692 5.6138612e-05 422137.02 2.5515689e-06
25 30 13574656 8.2050778e-05 820982.36 4.9623535e-06
30 35 18520190 0.00011194361 1384680 8.3695725e-06
35 40 24099944 0.00014566993 2159280 1.3051572e-05
40 45 30260336 0.00018290586 3125530.1 1.8891984e-05
45 50 36912194 0.00022311241 4339022.5 2.6226828e-05
50 55 44045660 0.00026623 5752267.6 3.476906e-05
55 60 51616293 0.00031199 7409350.4 4.4785147e-05
60 65 59602110 0.00036025955 9220498.8 5.5732469e-05
65 70 67954136 0.00041074262 11241234 6.794662e-05
70 75 76646414 0.0004632823 13550482 8.190466e-05
75 80 85620842 0.00051752742 15976533 9.6568703e-05
80 85 94879860 0.00057349271 18600603 0.00011242966
85 90 1.043969e+08 0.00063101761 21450799 0.00012965741
90 95 1.1405154e+08 0.00068937417 24447403 0.00014777011
95 100 1.2395834e+08 0.00074925496 27763187 0.00016781207
100 105 1.3392791e+08 0.00080951514 31186870 0.00018850621
105 110 1.4408099e+08 0.00087088448 34870549 0.00021077188
110 115 1.5428835e+08 0.00093258197 38761042 0.0002342876
115 120 1.645876e+08 0.00099483485 42811298 0.00025876901
120 125 1.7488652e+08 0.0010570857 46950401 0.00028378744
125 130 1.8534447e+08 0.0011202978 51367287 0.00031048491
130 135 1.9574017e+08 0.0011831337 55805212 0.00033730955
135 140 2.0619349e+08 0.0012463179 60232052 0.00036406718
140 145 2.1665368e+08 0.0013095436 64873622 0.00039212273
145 150 2.2722701e+08 0.0013734531 69377741 0.00041934746
150 155 2.377474e+08 0.0014370426 73913820 0.00044676538
155 160 2.4832749e+08 0.001500993 78378495 0.00047375171
160 165 2.5895769e+08 0.0015652463 82707836 0.00049992002
165 170 2.6960854e+08 0.0016296244 86966803 0.00052566296
170 175 2.8017114e+08 0.001693469 91270298 0.00055167505
175 180 2.9077035e+08 0.0017575351 95472827 0.00057707685
180 185 3.013235e+08 0.0018213226 99678681 0.00060249875
185 190 3.1181026e+08 0.0018847088 1.0388175e+08 0.0006279038
190 195 3.2228909e+08 0.0019480472 1.0789559e+08 0.00065216514
195 200 3.3260332e+08 0.0020103906 1.1207183e+08 0.00067740799
