0 5 198328 9.7002441e-07 8130.51 3.9766413e-08
5 10 1356942 6.6368181e-06 34742.611 1.6992649e-07
10 15 3657034 1.7886593e-05 57946.045 2.8341474e-07
15 20 7087082 3.4662995e-05 77658.45 3.7982833e-07
20 25 11614487 5.6806583e-05 134512.18 6.5790056e-07
25 30 17166248 8.3960306e-05 300002.98 1.4673178e-06
30 35 23748698 0.00011615514 554989.29 2.7144587e-06
35 40 31322826 0.00015320028 892303.83 4.3642678e-06
40 45 39844420 0.00019487949 1300272.5 6.359647e-06
45 50 49290960 0.00024108262 1747463.1 8.5468609e-06
50 55 59624300 0.0002916231 2302295.9 1.1260554e-05
55 60 70872288 0.00034663713 2969158.2 1.4522185e-05
60 65 82920677 0.00040556594 3683571.3 1.8016387e-05
65 70 95761832 0.00046837217 4486799.4 2.1944985e-05
70 75 1.0937055e+08 0.00053493255 5388219.1 2.6353839e-05
75 80 1.2370664e+08 0.00060505055 6383984.8 3.1224139e-05
80 85 1.3878389e+08 0.00067879351 7412589.3 3.6255055e-05
85 90 1.5450989e+08 0.00075570954 8375391.5 4.0964131e-05
90 95 1.709889e+08 0.00083630858 9661067.6 4.7252387e-05
95 100 1.8806712e+08 0.00091983835 10837088 5.3004317e-05
100 105 2.0576781e+08 0.0010064126 11939561 5.8396524e-05
105 110 2.24073e+08 0.0010959435 13168677 6.4408142e-05
110 115 2.4295771e+08 0.0011883088 14426082 7.0558125e-05
115 120 2.6233567e+08 0.0012830866 15695176 7.6765277e-05
120 125 2.8223739e+08 0.0013804261 16925831 8.2784426e-05
125 130 3.0259666e+08 0.0014800036 18253671 8.9278904e-05
130 135 3.2344088e+08 0.0015819529 19511078 9.5428897e-05
135 140 3.4477569e+08 0.0016863017 20923013 0.00010233468
140 145 3.6639978e+08 0.0017920653 22174870 0.00010845753
145 150 3.8844956e+08 0.001899911 23481123 0.00011484643
150 155 4.1084084e+08 0.002009427 24713243 0.00012087274
155 160 4.335997e+08 0.0021207409 26150481 0.00012790229
160 165 4.5662912e+08 0.002233378 27302912 0.00013353884
165 170 4.7983498e+08 0.0023468781 28543959 0.00013960882
170 175 5.0333297e+08 0.002461807 29669541 0.00014511405
175 180 5.270214e+08 0.0025776674 30746310 0.00015038054
180 185 5.5093144e+08 0.0026946117 32071035 0.00015685978
185 190 5.7497032e+08 0.0028121861 33305380 0.00016289698
190 195 5.9920319e+08 0.0029307094 34417688 0.00016833729
195 200 6.2361215e+08 0.0030500938 35565036 0.00017394898
