0 5 162603 9.8992302e-07 5549.6888 3.3786368e-08
5 10 1115025 6.7882444e-06 18817.853 1.1456262e-07
10 15 2965238 1.8052295e-05 75106.952 4.5724925e-07
15 20 5705208 3.4733164e-05 174691.76 1.0635191e-06
20 25 9233774 5.6214986e-05 436674.58 2.6584639e-06
25 30 13512895 8.2266168e-05 794682.03 4.8380044e-06
30 35 18457197 0.00011236696 1392058.1 8.474815e-06
35 40 24036121 0.00014633131 2107710 1.2831686e-05
40 45 30170009 0.00018367426 3082954.9 1.8768952e-05
45 50 36825442 0.00022419237 4290256 2.6118972e-05
50 55 43947160 0.00026754922 5676935.9 3.4561044e-05
55 60 51468899 0.00031334138 7337587.8 4.4671052e-05
60 65 59431969 0.00036182035 9215971.5 5.6106605e-05
65 70 67790667 0.00041270789 11189128 6.8119135e-05
70 75 76458248 0.00046547591 13429104 8.1756049e-05
75 80 85401712 0.0005199235 15844204 9.6459118e-05
80 85 94650504 0.00057622991 18494569 0.00011259448
85 90 1.0413397e+08 0.000633965 21335910 0.00012989249
90 95 1.138067e+08 0.00069285234 24365690 0.00014833772
95 100 1.2364592e+08 0.00075275326 27665564 0.00016842727
100 105 1.3363297e+08 0.00081355422 31076855 0.00018919512
105 110 1.4376198e+08 0.00087521936 34787949 0.00021178817
110 115 1.5397706e+08 0.00093740848 38663840 0.0002353845
115 120 1.6425638e+08 0.00099998878 42624283 0.00025949557
120 125 1.745918e+08 0.0010629105 46675012 0.00028415631
125 130 1.8498597e+08 0.00112619 51029776 0.000310668
130 135 1.9539734e+08 0.0011895741 55506617 0.0003379229
135 140 2.0582078e+08 0.0012530318 60057974 0.00036563145
140 145 2.1629786e+08 0.001316816 64407101 0.00039210883
145 150 2.2682624e+08 0.0013809125 68936818 0.00041968563
150 155 2.3734604e+08 0.0014449568 73401116 0.00044686417
155 160 2.4786804e+08 0.0015090144 77746336 0.00047331776
160 165 2.5850654e+08 0.0015737814 82014302 0.00049930103
165 170 2.6909075e+08 0.0016382178 86197225 0.00052476656
170 175 2.7967087e+08 0.0017026293 90502780 0.00055097867
175 180 2.9018441e+08 0.0017666355 94560316 0.00057568085
180 185 3.0070411e+08 0.0018306791 98506950 0.00059970786
185 190 3.1106305e+08 0.0018937441 1.0269148e+08 0.00062518316
190 195 3.2148704e+08 0.0019572051 1.0683051e+08 0.0006503815
195 200 3.3182882e+08 0.0020201656 1.1071454e+08 0.00067402734
