0 5 164054 9.9161618e-07 5632.738 3.4046803e-08
5 10 1119132 6.7645373e-06 21648.509 1.3085333e-07
10 15 2988437 1.8063458e-05 75701.674 4.5757498e-07
15 20 5733650 3.465676e-05 176917.69 1.0693701e-06
20 25 9288444 5.6143534e-05 399665.4 2.4157575e-06
25 30 13573313 8.204321e-05 782101.12 4.727371e-06
30 35 18534463 0.00011203063 1361146.1 8.2273796e-06
35 40 24112959 0.00014574957 2144343.8 1.2961379e-05
40 45 30288164 0.00018307529 3084568.9 1.8644522e-05
45 50 36969805 0.00022346213 4324309.3 2.6138071e-05
50 55 44100347 0.00026656234 5742610 3.4710918e-05
55 60 51723592 0.00031264066 7332787 4.4322664e-05
60 65 59737668 0.00036108134 9144694 5.5274645e-05
65 70 68142641 0.00041188478 11232251 6.7892779e-05
70 75 76832773 0.00046441185 13435449 8.1209899e-05
75 80 85861241 0.00051898397 15849776 9.5803179e-05
80 85 95203442 0.00057545244 18435998 0.00011143547
85 90 1.0478236e+08 0.00063335172 21188015 0.0001280699
90 95 1.1456592e+08 0.00069248796 24141372 0.00014592131
95 100 1.245202e+08 0.00075265614 27528841 0.0001663967
100 105 1.3463417e+08 0.0008137895 30931895 0.00018696629
105 110 1.4489592e+08 0.00087581613 34554741 0.0002088644
110 115 1.5521648e+08 0.00093819826 38444305 0.00023237468
115 120 1.6560135e+08 0.0010009691 42410280 0.00025634681
120 125 1.7603025e+08 0.001064006 46729974 0.00028245699
125 130 1.8656041e+08 0.001127655 51077401 0.00030873479
130 135 1.9717325e+08 0.0011918038 55615753 0.00033616664
135 140 2.0775129e+08 0.0012557422 60087358 0.00036319502
140 145 2.1838308e+08 0.0013200056 64574662 0.00039031831
145 150 2.2902462e+08 0.0013843278 69080943 0.0004175563
150 155 2.3972995e+08 0.0014490357 73567457 0.00044467481
155 160 2.5040098e+08 0.0015135362 78106174 0.00047210886
160 165 2.611807e+08 0.0015786937 82450417 0.00049836742
165 170 2.7191236e+08 0.0016435606 86787416 0.00052458219
170 175 2.8265592e+08 0.0017084996 91047432 0.00055033164
175 180 2.9336442e+08 0.0017732265 95365221 0.0005764303
180 185 3.0398643e+08 0.0018374307 99506687 0.00060146319
185 190 3.1459902e+08 0.001901578 1.0366065e+08 0.00062657162
190 195 3.2512078e+08 0.0019651763 1.0790132e+08 0.00065220411
195 200 3.3546556e+08 0.0020277047 1.1211721e+08 0.00067768686
