0 5 163101 9.9392164e-07 6174.5044 3.7626829e-08
5 10 1118172 6.8140315e-06 24980.13 1.5222648e-07
10 15 2985072 1.8190739e-05 80093.476 4.8808185e-07
15 20 5725506 3.4890677e-05 186035.15 1.1336801e-06
20 25 9276468 5.6529894e-05 403923.09 2.461468e-06
25 30 13557262 8.2616637e-05 811782.4 4.946923e-06
30 35 18532540 0.0001129355 1367311.9 8.3322657e-06
35 40 24128710 0.00014703801 2085094.2 1.2706361e-05
40 45 30295174 0.00018461585 3065312.4 1.8679716e-05
45 50 36962964 0.00022524871 4287197.6 2.6125765e-05
50 55 44123704 0.00026888556 5715370 3.4828909e-05
55 60 51708545 0.00031510685 7417129.3 4.5199265e-05
60 65 59679712 0.00036368236 9162868.8 5.5837632e-05
65 70 68075007 0.00041484247 11224560 6.840138e-05
70 75 76792829 0.00046796803 13516082 8.2365691e-05
75 80 85823997 0.00052300309 15930586 9.7079445e-05
80 85 95075821 0.00057938281 18539005 0.00011297489
85 90 1.0460717e+08 0.00063746594 21297596 0.00012978548
90 95 1.1431502e+08 0.0006966246 24334418 0.00014829158
95 100 1.2423086e+08 0.00075705079 27685519 0.00016871286
100 105 1.3425253e+08 0.00081812186 31107731 0.00018956749
105 110 1.4438491e+08 0.00087986762 34877804 0.00021254194
110 115 1.5464822e+08 0.00094241122 38758899 0.00023619296
115 120 1.6494996e+08 0.001005189 42906353 0.00026146715
120 125 1.7531711e+08 0.0010683654 47203993 0.00028765655
125 130 1.8573001e+08 0.0011318206 51608045 0.00031449441
130 135 1.9614882e+08 0.0011953118 56207914 0.00034252556
135 140 2.0660983e+08 0.0012590602 60660186 0.00036965728
140 145 2.1716695e+08 0.0013233943 65090766 0.0003966568
145 150 2.2765438e+08 0.0013873037 69523354 0.00042366856
150 155 2.3819001e+08 0.0014515068 74056635 0.00045129393
155 160 2.4878856e+08 0.0015160933 78520380 0.00047849556
160 165 2.5935009e+08 0.0015804543 82847993 0.00050486762
165 170 2.6996267e+08 0.0016451263 87089171 0.00053071294
170 175 2.805407e+08 0.0017095878 91127968 0.00055532498
175 180 2.9112327e+08 0.0017740769 95185954 0.00058005395
180 185 3.0173004e+08 0.0018387135 99318324 0.00060523621
185 190 3.1211517e+08 0.0019019995 1.0344145e+08 0.00063036212
190 195 3.2253997e+08 0.0019655272 1.0730429e+08 0.00065390194
195 200 3.3285909e+08 0.002028411 1.1114536e+08 0.000677309
