0 5 197421 9.7256136e-07 10278.225 5.0633945e-08
5 10 1347485 6.6381583e-06 27164.326 1.3382048e-07
10 15 3628175 1.7873594e-05 39539.838 1.9478636e-07
15 20 7023276 3.4598988e-05 72373.69 3.5653681e-07
20 25 11485697 5.6582355e-05 149678.46 7.3736578e-07
25 30 16996334 8.3729581e-05 316322.14 1.5583078e-06
30 35 23505704 0.0001157969 568332.99 2.7997969e-06
35 40 30999849 0.00015271554 934778.71 4.6050301e-06
40 45 39411899 0.00019415609 1287342.2 6.3418749e-06
45 50 48772740 0.0002402707 1788706.8 8.8117633e-06
50 55 58983085 0.00029057025 2340653.9 1.1530838e-05
55 60 70104217 0.00034535664 3017695.3 1.4866169e-05
60 65 81970506 0.00040381391 3755248 1.8499598e-05
65 70 94715963 0.00046660226 4582977.6 2.2577269e-05
70 75 1.0813863e+08 0.00053272679 5504456.7 2.711678e-05
75 80 1.2232432e+08 0.00060261017 6392599.7 3.1492067e-05
80 85 1.3725066e+08 0.00067614229 7396425.3 3.6437246e-05
85 90 1.5288682e+08 0.00075317121 8514624.1 4.1945864e-05
90 95 1.6910989e+08 0.00083309144 9750553.1 4.803446e-05
95 100 1.8598037e+08 0.00091620102 10826947 5.3337135e-05
100 105 2.0346337e+08 0.0010023281 11986430 5.9049133e-05
105 110 2.2157519e+08 0.0010915529 13310369 6.5571295e-05
110 115 2.4022416e+08 0.0011834239 14591736 7.1883735e-05
115 120 2.5939587e+08 0.0012778701 15845187 7.8058652e-05
120 125 2.7911656e+08 0.0013750208 17184390 8.4656006e-05
125 130 2.9920442e+08 0.0014739803 18381787 9.0554785e-05
130 135 3.1978948e+08 0.0015753891 19592733 9.6520307e-05
135 140 3.4079308e+08 0.0016788598 20770255 0.00010232117
140 145 3.6222556e+08 0.0017844433 22152561 0.00010913087
145 150 3.8394408e+08 0.0018914359 23649674 0.00011650614
150 155 4.0600113e+08 0.0020000963 24880737 0.00012257077
155 160 4.2839428e+08 0.0021104124 26356159 0.00012983918
160 165 4.5105233e+08 0.0022220335 27476609 0.00013535889
165 170 4.7403875e+08 0.0023352722 29019254 0.00014295848
170 175 4.9714809e+08 0.0024491165 30123292 0.00014839733
175 180 5.2054008e+08 0.0025643532 31381130 0.00015459386
180 185 5.4407485e+08 0.0026802933 32681542 0.00016100012
185 190 5.6773194e+08 0.0027968359 34164240 0.00016830438
190 195 5.9147633e+08 0.0029138087 35296145 0.00017388052
195 200 6.1549136e+08 0.0030321147 36318832 0.00017891862
