0 5 163190 9.906793e-07 6666.122 4.0468099e-08
5 10 1117879 6.7863201e-06 24703.874 1.4997007e-07
10 15 2983748 1.8113471e-05 87187.503 5.2929012e-07
15 20 5724133 3.4749556e-05 176767 1.0731013e-06
20 25 9276059 5.6312272e-05 408432.93 2.4794782e-06
25 30 13551641 8.2268094e-05 777541.11 4.7202273e-06
30 35 18514008 0.00011239319 1372516.5 8.3321507e-06
35 40 24103337 0.00014632439 2144804.7 1.3020489e-05
40 45 30252641 0.00018365504 3097287.3 1.8802736e-05
45 50 36928632 0.00022418305 4298177.1 2.609299e-05
50 55 44106018 0.00026775488 5733451 3.4806123e-05
55 60 51666157 0.0003136503 7361794.3 4.4691324e-05
60 65 59620058 0.00036193613 9200379 5.585284e-05
65 70 67988595 0.0004127391 11201769 6.8002697e-05
70 75 76671349 0.00046544959 13373455 8.1186376e-05
75 80 85666641 0.0005200574 15784302 9.582193e-05
80 85 94955639 0.00057644823 18422558 0.00011183802
85 90 1.0444736e+08 0.00063406973 21269820 0.00012912292
90 95 1.1421132e+08 0.00069334393 24197187 0.00014689413
95 100 1.2408211e+08 0.00075326663 27391408 0.00016628531
100 105 1.3410375e+08 0.0008141051 30753658 0.00018669657
105 110 1.4433638e+08 0.00087622442 34511232 0.00020950771
110 115 1.5457922e+08 0.00093840575 38177934 0.00023176719
115 120 1.649067e+08 0.0010011009 42309065 0.0002568461
120 125 1.7527143e+08 0.0010640222 46380238 0.00028156102
125 130 1.8567835e+08 0.0011271996 50768047 0.00030819813
130 135 1.9612416e+08 0.001190613 55174939 0.0003349511
135 140 2.0662096e+08 0.0012543361 59679215 0.00036229525
140 145 2.1712533e+08 0.0013181051 64289305 0.00039028178
145 150 2.276833e+08 0.0013821995 68809551 0.00041772289
150 155 2.3829627e+08 0.0014466278 73322625 0.00044512045
155 160 2.4888853e+08 0.0015109303 77712183 0.00047176819
160 165 2.5948039e+08 0.0015752304 81928451 0.00049736394
165 170 2.7007023e+08 0.0016395183 86053988 0.00052240888
170 175 2.807081e+08 0.0017040977 90273537 0.00054802454
175 180 2.9128249e+08 0.0017682918 94290804 0.0005724122
180 185 3.0183832e+08 0.0018323731 98548455 0.00059825917
185 190 3.1233889e+08 0.0018961191 1.0254955e+08 0.00062254869
190 195 3.2279415e+08 0.0019595899 1.0660337e+08 0.00064715822
195 200 3.3318424e+08 0.0020226651 1.1055044e+08 0.00067111975
