0 5 163095 9.9414723e-07 6384.547 3.8917071e-08
5 10 1106933 6.7473214e-06 19141.98 1.1668013e-07
10 15 2957755 1.8029026e-05 72926.195 4.4452237e-07
15 20 5679145 3.4617286e-05 169675.87 1.034261e-06
20 25 9216157 5.6177179e-05 382474.3 2.331376e-06
25 30 13476434 8.2145741e-05 770413.12 4.696061e-06
30 35 18394959 0.00011212666 1390468.6 8.4756156e-06
35 40 23937384 0.00014591057 2087399.3 1.2723764e-05
40 45 30062220 0.00018324457 3079404.9 1.8770544e-05
45 50 36658587 0.00022345279 4307368.6 2.6255609e-05
50 55 43753694 0.00026670109 5718458.1 3.485692e-05
55 60 51248052 0.00031238302 7365601.3 4.4897098e-05
60 65 59121487 0.00036037563 9217225 5.6183689e-05
65 70 67378008 0.00041070333 11316776 6.8981523e-05
70 75 76028198 0.00046343066 13577497 8.2761773e-05
75 80 84909017 0.00051756378 16043876 9.7795608e-05
80 85 94027149 0.00057314344 18755818 0.00011432628
85 90 1.0340813e+08 0.0006303253 21589283 0.0001315977
90 95 1.1297229e+08 0.00068862374 24714218 0.00015064577
95 100 1.2272053e+08 0.00074804424 27896704 0.00017004464
100 105 1.3262684e+08 0.00080842825 31496180 0.00019198529
105 110 1.4261344e+08 0.00086930169 35150514 0.00021426031
110 115 1.5274848e+08 0.00093107995 39061805 0.00023810163
115 120 1.6295317e+08 0.00099328273 43068765 0.00026252609
120 125 1.7316114e+08 0.0010555055 47208317 0.00028775878
125 130 1.8349824e+08 0.0011185154 51623731 0.00031467298
130 135 1.9378333e+08 0.0011812083 56070388 0.00034177762
135 140 2.041532e+08 0.0012444179 60431258 0.00036835935
140 145 2.1450887e+08 0.001307541 64867609 0.00039540117
145 150 2.2499311e+08 0.0013714478 69426454 0.00042318966
150 155 2.3547554e+08 0.0014353435 73728171 0.00044941082
155 160 2.4597717e+08 0.0014993563 78062404 0.00047583018
160 165 2.5656535e+08 0.0015638967 82383188 0.00050216756
165 170 2.67121e+08 0.0016282388 86549448 0.00052756304
170 175 2.7761914e+08 0.0016922303 90576354 0.00055210909
175 180 2.8817827e+08 0.0017565936 94731140 0.00057743463
180 185 2.9872353e+08 0.0018208723 98679209 0.00060150012
185 190 3.0916757e+08 0.0018845341 1.0260462e+08 0.00062542751
190 195 3.1962876e+08 0.0019483004 1.0650902e+08 0.00064922682
195 200 3.3000938e+08 0.0020115755 1.1053502e+08 0.00067376735
