0 5 168083 1.0087506e-06 11662.611 6.9993194e-08
5 10 1135333 6.813704e-06 33092.062 1.986021e-07
10 15 3021038 1.8130768e-05 89176.185 5.3519111e-07
15 20 5799100 3.4803314e-05 200388.41 1.2026316e-06
20 25 9384445 5.6320772e-05 415451.84 2.4933353e-06
25 30 13704955 8.2250324e-05 808358.94 4.8513683e-06
30 35 18735465 0.00011244094 1407642.7 8.4479716e-06
35 40 24388801 0.00014636945 2208001.4 1.3251326e-05
40 45 30608885 0.00018369931 3114133.9 1.8689483e-05
45 50 37355267 0.00022418773 4338943.7 2.6040182e-05
50 55 44608267 0.00026771663 5758634.4 3.456046e-05
55 60 52272420 0.00031371307 7448905.1 4.4704624e-05
60 65 60359355 0.00036224683 9330297.6 5.5995806e-05
65 70 68845776 0.00041317811 11404587 6.8444658e-05
70 75 77631010 0.00046590271 13645195 8.1891677e-05
75 80 86754285 0.00052065607 16102814 9.6641084e-05
80 85 96160993 0.00057711046 18788983 0.00011276213
85 90 1.0580422e+08 0.00063498433 21560788 0.00012939713
90 95 1.1562296e+08 0.0006939115 24708949 0.00014829082
95 100 1.2566682e+08 0.00075418976 28018435 0.00016815271
100 105 1.3585584e+08 0.00081533917 31581133 0.00018953426
105 110 1.461311e+08 0.00087700621 35194785 0.0002112216
110 115 1.565242e+08 0.00093938044 39136365 0.000234877
115 120 1.6697271e+08 0.0010020871 43262300 0.00025963881
120 125 1.7747389e+08 0.00106511 47536102 0.00028528804
125 130 1.8805284e+08 0.0011285996 51975186 0.00031192922
130 135 1.9865435e+08 0.0011922246 56615295 0.00033977684
135 140 2.0931964e+08 0.0012562324 61315526 0.00036798529
140 145 2.1996018e+08 0.0013200916 65999091 0.00039609372
145 150 2.3066815e+08 0.0013843555 70504519 0.00042313306
150 155 2.4137975e+08 0.0014486412 75101754 0.00045072338
155 160 2.5213834e+08 0.0015132089 79563420 0.00047750008
160 165 2.6287006e+08 0.0015776154 84099276 0.00050472203
165 170 2.7366634e+08 0.0016424093 88533162 0.00053133201
170 175 2.8443702e+08 0.0017070496 92755205 0.00055667061
175 180 2.9516985e+08 0.0017714627 96997654 0.00058213168
180 185 3.0579491e+08 0.001835229 1.0119125e+08 0.00060729956
185 190 3.1648305e+08 0.0018993739 1.0541911e+08 0.0006326731
190 195 3.2712524e+08 0.001963243 1.0968543e+08 0.00065827738
195 200 3.3763207e+08 0.0020262998 1.1370048e+08 0.00068237376
