0 5 197411 9.6579774e-07 9959.9983 4.8727496e-08
5 10 1355273 6.6304289e-06 25319.743 1.2387228e-07
10 15 3647851 1.7846454e-05 48780.129 2.3864799e-07
15 20 7069576 3.4586626e-05 53712.073 2.6277663e-07
20 25 11572160 5.6614707e-05 173039.43 8.4656421e-07
25 30 17107534 8.3695527e-05 318569.27 1.5585428e-06
30 35 23662670 0.00011576535 558478.05 2.7322532e-06
35 40 31208907 0.00015268395 900190.21 4.4040184e-06
40 45 39697853 0.00019421459 1292848.4 6.325028e-06
45 50 49128608 0.00024035286 1696473.7 8.299692e-06
50 55 59434462 0.00029077239 2342140.5 1.14585e-05
55 60 70605240 0.00034542341 3026275 1.4805505e-05
60 65 82599376 0.00040410256 3794550.5 1.8564154e-05
65 70 95386165 0.00046665962 4601528.8 2.251215e-05
70 75 1.0895793e+08 0.00053305705 5462053.5 2.6722112e-05
75 80 1.2327504e+08 0.00060310094 6458672.5 3.1597891e-05
80 85 1.3828438e+08 0.00067653138 7522243 3.6801218e-05
85 90 1.5402117e+08 0.0007535208 8729859.4 4.2709263e-05
90 95 1.7037222e+08 0.00083351538 9938133 4.8620524e-05
95 100 1.8738474e+08 0.00091674608 11175333 5.4673303e-05
100 105 2.0502948e+08 0.0010030698 12338803 6.036537e-05
105 110 2.2322197e+08 0.0010920733 13580528 6.6440288e-05
110 115 2.4202116e+08 0.0011840449 14841772 7.2610694e-05
115 120 2.6131937e+08 0.0012784579 16117586 7.8852386e-05
120 125 2.8116464e+08 0.0013755473 17560314 8.5910673e-05
125 130 3.0143801e+08 0.0014747311 18701938 9.1495861e-05
130 135 3.2214041e+08 0.0015760139 20022056 9.7954299e-05
135 140 3.4332678e+08 0.0016796644 21242102 0.00010392315
140 145 3.6491497e+08 0.0017852807 22524601 0.00011019755
145 150 3.8677705e+08 0.001892237 23692572 0.00011591164
150 155 4.0914262e+08 0.0020016565 25089948 0.00012274805
155 160 4.316727e+08 0.0021118809 26430266 0.00012930531
160 165 4.5456993e+08 0.0022239015 27684303 0.00013544046
165 170 4.7774472e+08 0.0023372799 28848719 0.00014113716
170 175 5.0113004e+08 0.0024516884 30199275 0.00014774451
175 180 5.2475411e+08 0.0025672649 31430893 0.00015376998
180 185 5.4845949e+08 0.0026832392 32561882 0.00015930314
185 190 5.7234066e+08 0.0028000735 33814368 0.0001654307
190 195 5.9642493e+08 0.0029179015 34741521 0.00016996663
195 200 6.2066799e+08 0.0030365063 35936288 0.00017581181
