0 5 195577 9.6648084e-07 10295.463 5.0876983e-08
5 10 1345593 6.649503e-06 30389.684 1.5017639e-07
10 15 3613177 1.7855199e-05 50344.138 2.4878511e-07
15 20 6993249 3.4558466e-05 71228.126 3.5198729e-07
20 25 11448674 5.6575794e-05 165084.96 8.1579865e-07
25 30 16914555 8.3586481e-05 328931.54 1.6254776e-06
30 35 23387370 0.00011557312 603771.15 2.9836497e-06
35 40 30861099 0.00015250597 877172.75 4.3347155e-06
40 45 39269307 0.00019405673 1249578.8 6.1750306e-06
45 50 48586144 0.00024009764 1724311.6 8.5210127e-06
50 55 58776083 0.00029045316 2279855.6 1.1266339e-05
55 60 69793670 0.00034489866 2930648.3 1.4482354e-05
60 65 81654751 0.00040351244 3683148 1.8200974e-05
65 70 94284245 0.00046592348 4449145.2 2.1986295e-05
70 75 1.0768444e+08 0.00053214306 5385246.1 2.6612215e-05
75 80 1.2180229e+08 0.00060190913 6298556.8 3.1125513e-05
80 85 1.3667405e+08 0.00067540074 7389013.1 3.6514209e-05
85 90 1.521646e+08 0.00075195023 8546022.4 4.2231791e-05
90 95 1.6826876e+08 0.00083153197 9567029.5 4.727729e-05
95 100 1.851118e+08 0.00091476509 10821825 5.34781e-05
100 105 2.0251968e+08 0.0010007894 11935189 5.8979999e-05
105 110 2.2053634e+08 0.0010898221 13307233 6.5760217e-05
110 115 2.390863e+08 0.0011814903 14551770 7.1910329e-05
115 120 2.5816684e+08 0.0012757804 15787094 7.8014918e-05
120 125 2.7777489e+08 0.0013726773 16893477 8.3482322e-05
125 130 2.9785067e+08 0.0014718856 18205713 8.9966984e-05
130 135 3.1827494e+08 0.001572816 19449232 9.6112069e-05
135 140 3.3924515e+08 0.0016764442 20855096 0.00010305941
140 145 3.6057069e+08 0.0017818285 21947668 0.00010845857
145 150 3.822777e+08 0.0018890977 23303849 0.00011516039
150 155 4.0435725e+08 0.001998208 24615609 0.0001216427
155 160 4.2671022e+08 0.0021086695 25698677 0.00012699488
160 165 4.4937062e+08 0.0022206501 26999482 0.00013342306
165 170 4.7232309e+08 0.0023340741 28275262 0.00013972757
170 175 4.9544341e+08 0.0024483276 29259890 0.00014459329
175 180 5.1880864e+08 0.0025637913 30314451 0.00014980461
180 185 5.4239836e+08 0.0026803644 31372805 0.00015503467
185 190 5.6618261e+08 0.0027978987 32641315 0.00016130325
190 195 5.9006751e+08 0.0029159305 33715579 0.00016661193
195 200 6.1411717e+08 0.0030347765 34865539 0.00017229467
