0 5 164883 9.9821369e-07 4870.9176 2.948889e-08
5 10 1124215 6.8060795e-06 26680.927 1.6152828e-07
10 15 3000110 1.8162884e-05 74615.391 4.5172701e-07
15 20 5755848 3.4846323e-05 177695.12 1.0757792e-06
20 25 9318284 5.641357e-05 394798.54 2.3901391e-06
25 30 13610034 8.2396137e-05 788616.56 4.7743421e-06
30 35 18583017 0.00011250294 1353736.9 8.1956217e-06
35 40 24209053 0.00014656337 2125978.7 1.287083e-05
40 45 30390445 0.00018398597 3091904.1 1.8718613e-05
45 50 37085493 0.00022451828 4347156 2.6317999e-05
50 55 44252260 0.0002679064 5822568 3.5250251e-05
55 60 51869404 0.00031402115 7498815.2 4.5398373e-05
60 65 59856287 0.00036237432 9305278.6 5.6334834e-05
65 70 68272557 0.00041332703 11391066 6.8962345e-05
70 75 77012142 0.00046623712 13653492 8.2659235e-05
75 80 86033301 0.00052085187 16017820 9.6973051e-05
80 85 95346672 0.0005772357 18697420 0.00011319554
85 90 1.0493841e+08 0.00063530478 21505931 0.00013019847
90 95 1.1467919e+08 0.00069427617 24607071 0.000148973
95 100 1.2461909e+08 0.00075445305 27872969 0.00016874498
100 105 1.3465476e+08 0.00081520971 31293906 0.00018945559
105 110 1.4487816e+08 0.00087710295 35072075 0.0002123289
110 115 1.5517633e+08 0.00093944881 38998208 0.00023609799
115 120 1.655112e+08 0.0010020168 43169817 0.00026135322
120 125 1.7593469e+08 0.0010651214 47454697 0.00028729419
125 130 1.8632136e+08 0.0011280031 51675236 0.00031284564
130 135 1.9680756e+08 0.0011914873 56250850 0.00034054674
135 140 2.0734064e+08 0.0012552553 60851176 0.00036839745
140 145 2.1787031e+08 0.0013190027 65503437 0.00039656258
145 150 2.2846541e+08 0.0013831462 70085350 0.00042430181
150 155 2.390559e+08 0.0014472618 74531511 0.00045121919
155 160 2.4970138e+08 0.0015117104 78965908 0.00047806536
160 165 2.6035825e+08 0.0015762278 83221823 0.00050383097
165 170 2.7096174e+08 0.0016404221 87447466 0.00052941332
170 175 2.815398e+08 0.0017044625 91723923 0.00055530331
175 180 2.9221273e+08 0.0017690772 96110248 0.00058185844
180 185 3.0285179e+08 0.0018334868 1.0027064e+08 0.00060704575
185 190 3.1336136e+08 0.0018971125 1.0442507e+08 0.00063219697
190 195 3.2384872e+08 0.0019606037 1.0849084e+08 0.00065681145
195 200 3.3425719e+08 0.0020236174 1.1237411e+08 0.00068032104
