0 5 160720 9.8001506e-07 6343.3491 3.8679552e-08
5 10 1107046 6.7503843e-06 19328.838 1.1786058e-07
10 15 2962828 1.8066302e-05 68111.472 4.1532024e-07
15 20 5683077 3.4653441e-05 169032.87 1.0307041e-06
20 25 9219940 5.6220011e-05 387590.51 2.3633931e-06
25 30 13480162 8.2197373e-05 760451.59 4.6369712e-06
30 35 18413799 0.00011228099 1324463 8.0761178e-06
35 40 23964392 0.00014612659 2097027.3 1.2786948e-05
40 45 30091535 0.00018348779 3037779 1.8523328e-05
45 50 36698626 0.00022377555 4257091.7 2.5958275e-05
50 55 43820431 0.00026720186 5635587.3 3.4363866e-05
55 60 51354571 0.00031314244 7239323 4.4142892e-05
60 65 59291737 0.00036154054 9078876.5 5.5359854e-05
65 70 67604904 0.00041223136 11043911 6.7341953e-05
70 75 76252046 0.00046495865 13329744 8.1280177e-05
75 80 85231991 0.00051971525 15704389 9.5759943e-05
80 85 94441176 0.00057586968 18292379 0.00011154061
85 90 1.0387922e+08 0.00063341965 20982107 0.00012794164
90 95 1.1357821e+08 0.00069256069 23968782 0.00014615335
95 100 1.23435e+08 0.00075266399 27195268 0.00016582736
100 105 1.3341945e+08 0.00081354572 30587213 0.00018651026
105 110 1.4356007e+08 0.00087537971 34184452 0.00020844499
110 115 1.5375653e+08 0.00093755425 38052333 0.00023202999
115 120 1.6399353e+08 0.00099997593 42072406 0.00025654301
120 125 1.7433405e+08 0.0010630288 46300279 0.00028232312
125 130 1.8465028e+08 0.0011259336 50556925 0.00030827867
130 135 1.9510639e+08 0.0011896914 54823986 0.00033429774
135 140 2.0550921e+08 0.0012531242 59190785 0.00036092497
140 145 2.1588809e+08 0.001316411 63642567 0.0003880704
145 150 2.2642625e+08 0.0013806691 68009672 0.0004146995
150 155 2.3695257e+08 0.001444855 72442364 0.00044172852
155 160 2.4755361e+08 0.0015094964 76775246 0.00046814894
160 165 2.5810703e+08 0.0015738476 80849739 0.00049299379
165 170 2.687241e+08 0.0016385867 85054580 0.00051863346
170 175 2.7924492e+08 0.0017027391 89026996 0.00054285588
175 180 2.8982382e+08 0.0017672456 93046941 0.00056736812
180 185 3.0034011e+08 0.0018313703 97158789 0.00059244075
185 190 3.1083024e+08 0.0018953355 1.0087506e+08 0.00061510127
190 195 3.2118859e+08 0.0019584971 1.0472713e+08 0.00063858989
195 200 3.3154277e+08 0.0020216333 1.08598e+08 0.00066219308
