0 5 196389 9.693697e-07 7932.9017 3.9156544e-08
5 10 1347994 6.6536544e-06 32253.593 1.5920268e-07
10 15 3626813 1.7901831e-05 43974.584 2.1705711e-07
15 20 7015220 3.4626897e-05 58175.255 2.8715116e-07
20 25 11479717 5.6663509e-05 176734.1 8.7235374e-07
25 30 16993809 8.3880887e-05 327842.08 1.6182178e-06
30 35 23502070 0.00011600545 595741.89 2.9405625e-06
35 40 31001565 0.00015302271 863508.52 4.2622499e-06
40 45 39435833 0.00019465399 1288843.8 6.3616907e-06
45 50 48783988 0.00024079617 1694756.2 8.3652614e-06
50 55 59016477 0.00029130341 2327384.1 1.1487892e-05
55 60 70103173 0.00034602698 3025236.5 1.4932469e-05
60 65 82011206 0.00040480464 3751819.4 1.8518858e-05
65 70 94662907 0.00046725302 4571002.8 2.2562321e-05
70 75 1.0812787e+08 0.00053371562 5500249.6 2.7149053e-05
75 80 1.2232526e+08 0.00060379347 6485969.7 3.2014535e-05
80 85 1.3718848e+08 0.00067715786 7513148.2 3.7084654e-05
85 90 1.527238e+08 0.00075383968 8555944.2 4.2231862e-05
90 95 1.6896795e+08 0.0008340203 9758649.3 4.8168375e-05
95 100 1.8583438e+08 0.00091727241 10940342 5.400117e-05
100 105 2.0329917e+08 0.0010034781 12182001 6.0129957e-05
105 110 2.2131868e+08 0.0010924218 13643539 6.7344063e-05
110 115 2.399644e+08 0.0011844565 14871369 7.3404592e-05
115 120 2.5907853e+08 0.0012788032 16150484 7.9718263e-05
120 125 2.7868206e+08 0.0013755655 17463079 8.6197189e-05
125 130 2.9880705e+08 0.0014749018 18711003 9.2356902e-05
130 135 3.1931244e+08 0.0015761158 20013768 9.8787308e-05
135 140 3.4028955e+08 0.0016796581 21426691 0.00010576145
140 145 3.6172059e+08 0.001785441 22681283 0.00011195407
145 150 3.8347017e+08 0.0018927962 23953477 0.00011823358
150 155 4.0556919e+08 0.0020018763 25173411 0.00012425514
155 160 4.2789278e+08 0.0021120648 26583462 0.0001312151
160 165 4.5059768e+08 0.0022241354 27968455 0.00013805138
165 170 4.735664e+08 0.0023375083 29247030 0.00014436238
170 175 4.9662279e+08 0.0024513139 30441348 0.0001502575
175 180 5.1997593e+08 0.0025665842 31496852 0.00015546743
180 185 5.436473e+08 0.0026834253 32848168 0.00016213749
185 190 5.6733917e+08 0.0028003676 33781247 0.00016674313
190 195 5.9114534e+08 0.0029178741 34692508 0.00017124109
195 200 6.1515082e+08 0.0030363644 35900129 0.00017720187
