0 5 162950 9.8347882e-07 3869.1478 2.3352101e-08
5 10 1118876 6.7529355e-06 26448.767 1.5963057e-07
10 15 2997843 1.8093373e-05 75092.865 4.5322027e-07
15 20 5757918 3.4751705e-05 181830.28 1.0974301e-06
20 25 9331069 5.6317329e-05 426401.17 2.5735288e-06
25 30 13635375 8.2295811e-05 791338.03 4.776092e-06
30 35 18625384 0.00011241283 1368282.2 8.2582178e-06
35 40 24248420 0.00014635046 2115733.7 1.2769434e-05
40 45 30447232 0.00018376316 3108317.5 1.8760137e-05
45 50 37168432 0.00022432872 4275999.9 2.5807642e-05
50 55 44350403 0.00026767525 5683689.9 3.4303704e-05
55 60 52009773 0.0003139031 7337213.2 4.4283484e-05
60 65 60047297 0.00036241328 9193507.6 5.5487081e-05
65 70 68440981 0.00041307306 11286775 6.812092e-05
70 75 77170276 0.0004657584 13543224 8.1739636e-05
75 80 86221492 0.00052038669 16023313 9.6708125e-05
80 85 95530127 0.00057656862 18635016 0.00011247096
85 90 1.0513789e+08 0.0006345559 21507501 0.00012980774
90 95 1.1494346e+08 0.0006937371 24509031 0.00014792337
95 100 1.2493422e+08 0.00075403592 27739621 0.00016742147
100 105 1.3504863e+08 0.0008150811 31209727 0.00018836518
105 110 1.4532931e+08 0.00087712976 34959940 0.00021099945
110 115 1.5565221e+08 0.00093943325 38725184 0.00023372444
115 120 1.6609297e+08 0.0010024481 42805932 0.00025835365
120 125 1.7659946e+08 0.0010658597 46991631 0.00028361629
125 130 1.8715156e+08 0.0011295464 51316466 0.00030971867
130 135 1.9768634e+08 0.0011931287 55926040 0.00033753959
135 140 2.0828091e+08 0.0012570719 60403843 0.0003645652
140 145 2.1898626e+08 0.0013216836 64851695 0.00039141005
145 150 2.2960347e+08 0.0013857634 69400232 0.00041886259
150 155 2.4035709e+08 0.0014506665 73850647 0.0004457229
155 160 2.5104654e+08 0.0015151823 78209669 0.00047203162
160 165 2.6178608e+08 0.0015800004 82687671 0.00049905844
165 170 2.7253126e+08 0.0016448525 87020291 0.00052520781
170 175 2.8322525e+08 0.0017093957 91140454 0.00055007491
175 180 2.9389824e+08 0.0017738122 95240998 0.00057482359
180 185 3.0456044e+08 0.0018381635 99410903 0.0005999909
185 190 3.1518155e+08 0.0019022668 1.0359945e+08 0.00062527075
190 195 3.2578882e+08 0.0019662866 1.0761056e+08 0.0006494796
195 200 3.3626478e+08 0.0020295139 1.1170977e+08 0.00067422028
