0 5 163586 9.8862825e-07 5892.6105 3.5611857e-08
5 10 1120752 6.7732391e-06 27510.221 1.6625739e-07
10 15 2989503 1.8066993e-05 78951.183 4.7713967e-07
15 20 5742771 3.4706305e-05 168213.87 1.0165967e-06
20 25 9302641 5.6220298e-05 422445.27 2.5530383e-06
25 30 13608825 8.2244623e-05 819573.52 4.9530738e-06
30 35 18621020 0.00011253571 1352680.4 8.1748929e-06
35 40 24233727 0.00014645598 2170009.2 1.3114401e-05
40 45 30394471 0.00018368829 3172990.9 1.9175898e-05
45 50 37086166 0.0002241294 4362625.3 2.6365426e-05
50 55 44263829 0.00026750744 5845294 3.53259e-05
55 60 51880863 0.00031354081 7426572 4.4882318e-05
60 65 59895559 0.00036197744 9230295.1 5.5783077e-05
65 70 68315628 0.00041286394 11364137 6.8678899e-05
70 75 77077757 0.00046581766 13613788 8.2274614e-05
75 80 86094383 0.00052030944 16038715 9.6929608e-05
80 85 95432891 0.00057674649 18623502 0.00011255071
85 90 1.0499195e+08 0.00063451643 21377843 0.00012919651
90 95 1.1475177e+08 0.00069349969 24417030 0.00014756376
95 100 1.2472364e+08 0.00075376449 27754038 0.00016773089
100 105 1.3481923e+08 0.00081477695 31188950 0.00018848971
105 110 1.4502612e+08 0.00087646206 34919209 0.00021103344
110 115 1.5535189e+08 0.00093886561 38750944 0.00023419044
115 120 1.6577504e+08 0.0010018577 42862790 0.00025904029
120 125 1.7622467e+08 0.0010650098 47086888 0.00028456853
125 130 1.867067e+08 0.0011283577 51489048 0.00031117288
130 135 1.9720221e+08 0.0011917871 55954938 0.00033816239
135 140 2.0769463e+08 0.0012551977 60576467 0.00036609249
140 145 2.1827093e+08 0.0013191154 65098099 0.00039341887
145 150 2.2891398e+08 0.0013834364 69681944 0.00042112124
150 155 2.3956174e+08 0.0014477859 74126162 0.00044797977
155 160 2.5029783e+08 0.0015126692 78541799 0.00047466557
160 165 2.6093526e+08 0.0015769563 82938553 0.00050123725
165 170 2.71626e+08 0.0016415655 87219801 0.00052711087
170 175 2.8218882e+08 0.0017054017 91576718 0.0005534418
175 180 2.9286375e+08 0.0017699154 95893750 0.00057953169
180 185 3.0337921e+08 0.0018334653 1.0012641e+08 0.00060511167
185 190 3.138699e+08 0.0018968656 1.044367e+08 0.00063116078
190 195 3.2433019e+08 0.0019600821 1.0868509e+08 0.00065683583
195 200 3.3464887e+08 0.0020224428 1.1291866e+08 0.00068242136
