0 5 196571 9.7700325e-07 14924.368 7.4177557e-08
5 10 1342302 6.6715508e-06 29980.764 1.4901132e-07
10 15 3596983 1.7877836e-05 64498.615 3.20573e-07
15 20 6964599 3.4615665e-05 117893.76 5.8595921e-07
20 25 11413848 5.6729459e-05 195076.77 9.6957658e-07
25 30 16861443 8.3805264e-05 340994.22 1.69482e-06
30 35 23332464 0.00011596773 615692.32 3.060133e-06
35 40 30767833 0.00015292323 933796.24 4.6411829e-06
40 45 39139039 0.00019453006 1317468.5 6.5481226e-06
45 50 48404290 0.0002405805 1782640.3 8.8601336e-06
50 55 58568293 0.00029109794 2342232 1.1641434e-05
55 60 69589389 0.00034587533 2990482.8 1.486339e-05
60 65 81416946 0.00040466102 3697561.6 1.8377735e-05
65 70 94013354 0.00046726807 4556480.6 2.264676e-05
70 75 1.0744686e+08 0.00053403568 5431630.2 2.6996456e-05
75 80 1.2148524e+08 0.00060380967 6324411.4 3.1433785e-05
80 85 1.3629288e+08 0.00067740705 7364756.9 3.6604542e-05
85 90 1.5176382e+08 0.00075430125 8472653.3 4.2111043e-05
90 95 1.6791007e+08 0.0008345518 9526947.2 4.7351127e-05
95 100 1.8469242e+08 0.00091796397 10647335 5.2919711e-05
100 105 2.0204574e+08 0.001004214 11797444 5.8636021e-05
105 110 2.2004298e+08 0.0010936644 12964017 6.4434157e-05
110 115 2.3861567e+08 0.001185975 14225833 7.0705672e-05
115 120 2.5763168e+08 0.0012804889 15536537 7.7220173e-05
120 125 2.7718594e+08 0.0013776781 16846087 8.3728942e-05
125 130 2.9721193e+08 0.0014772119 18089898 8.9910968e-05
130 135 3.1765061e+08 0.0015787969 19314688 9.5998456e-05
135 140 3.3850862e+08 0.001682466 20751043 0.00010313747
140 145 3.5986336e+08 0.001788604 22000598 0.00010934805
145 150 3.8150965e+08 0.001896191 23162945 0.00011512519
150 155 4.0347839e+08 0.0020053807 24557841 0.00012205814
155 160 4.2579286e+08 0.0021162888 25891723 0.00012868784
160 165 4.4840568e+08 0.0022286798 26901022 0.00013370429
165 170 4.7127768e+08 0.0023423589 28178916 0.00014005572
170 175 4.9435892e+08 0.002457078 29436061 0.00014630402
175 180 5.17548e+08 0.002572333 30540275 0.00015179222
180 185 5.4087409e+08 0.0026882691 31635896 0.00015723771
185 190 5.6442782e+08 0.0028053366 32786757 0.00016295775
190 195 5.8830443e+08 0.0029240088 33721054 0.00016760142
195 200 6.121272e+08 0.0030424135 34643417 0.00017218578
