0 5 349196 1.2148706e-05 -265.83789 -9.2486353e-09
5 10 513484 1.7864369e-05 -18578.917 -6.4636995e-07
10 15 712982 2.4805006e-05 -16380.302 -5.6987901e-07
15 20 966318 3.3618694e-05 -33583.323 -1.1683809e-06
20 25 1345814 4.6821552e-05 -16286.843 -5.6662753e-07
25 30 1972946 6.8639793e-05 33650.06 1.1707027e-06
30 35 3062764 0.00010655511 157466.19 5.4783285e-06
35 40 4184190 0.00014557009 344902.61 1.1999337e-05
40 45 5206946 0.00018115229 544234.71 1.8934202e-05
45 50 6282712 0.00021857874 699060.87 2.4320683e-05
50 55 7470090 0.00025988822 908511.95 3.1607592e-05
55 60 8710052 0.00030302713 1169388.4 4.0683615e-05
60 65 10032780 0.00034904551 1377106.5 4.7910233e-05
65 70 11454504 0.00039850801 1757157.5 6.1132401e-05
70 75 12888652 0.00044840275 2141603 7.4507457e-05
75 80 14398050 0.00050091547 2439015.5 8.4854589e-05
80 85 15961008 0.00055529157 2842542.7 9.8893505e-05
85 90 17585906 0.0006118226 3292821.2 0.00011455892
90 95 19201210 0.00066801984 3870190.7 0.0001346459
95 100 20847390 0.00072529128 4323738.8 0.00015042507
100 105 22578314 0.00078551101 4789450.5 0.00016662742
105 110 24288654 0.0008450146 5309411.9 0.00018471714
110 115 26019294 0.00090522445 5899385.7 0.00020524262
115 120 27692928 0.00096345102 6478444.6 0.00022538837
120 125 29437402 0.0010241422 7136790.2 0.00024829255
125 130 31202012 0.0010855338 7790607.8 0.0002710392
130 135 32972136 0.0011471173 8483700.4 0.00029515224
135 140 34738000 0.0012085527 9118131 0.00031722441
140 145 36465356 0.0012686482 9749248.9 0.00033918132
145 150 38223026 0.0013297985 10449680 0.00036354967
150 155 39987246 0.0013911766 11023509 0.00038351349
155 160 41756156 0.0014527179 11769750 0.00040947558
160 165 43482270 0.0015127702 12443419 0.00043291287
165 170 45219514 0.0015732098 13012496 0.00045271133
170 175 47006674 0.0016353861 13588670 0.00047275672
175 180 48754454 0.0016961922 14168060 0.00049291399
180 185 50501398 0.0017569693 14622615 0.00050872819
185 190 52240234 0.0018174643 15331394 0.00053338697
190 195 53972300 0.0018777237 16010945 0.0005570289
195 200 55663518 0.001936562 16580566 0.0005768463
