0 5 413814 1.1527333e-05 14579.237 4.0612382e-07
5 10 607716 1.6928729e-05 -14177.051 -3.949204e-07
10 15 860042 2.3957601e-05 -30935.365 -8.6174529e-07
15 20 1192430 3.3216706e-05 -43737.188 -1.2183569e-06
20 25 1694896 4.7213558e-05 -72267.55 -2.0131077e-06
25 30 2523646 7.0299479e-05 -78378.667 -2.1833409e-06
30 35 3943380 0.00010984804 -56973.05 -1.5870592e-06
35 40 5432664 0.000151334 82284.375 2.2921395e-06
40 45 6850140 0.00019081966 191800.81 5.3428638e-06
45 50 8393128 0.00023380162 278654.76 7.7622948e-06
50 55 10086506 0.00028097289 296828.51 8.2685486e-06
55 60 11958206 0.00033311156 338179.83 9.4204442e-06
60 65 13961402 0.00038891322 499397.68 1.3911379e-05
65 70 16036158 0.00044670828 594637.3 1.6564404e-05
70 75 18324176 0.00051044403 737403.64 2.0541348e-05
75 80 20702888 0.00057670618 835317.4 2.3268865e-05
80 85 23207652 0.00064647968 1090052.9 3.0364858e-05
85 90 25854678 0.00072021607 1206231.1 3.3601153e-05
90 95 28609432 0.00079695337 1353011.9 3.7689926e-05
95 100 31412640 0.00087504041 1494319.5 4.1626235e-05
100 105 34356516 0.00095704595 1606135.1 4.4741008e-05
105 110 37421402 0.0010424224 1775652.4 4.9463133e-05
110 115 40524446 0.0011288618 1991330.8 5.5471138e-05
115 120 43664292 0.0012163263 2046359.1 5.7004025e-05
120 125 46932148 0.0013073567 2163311.6 6.026189e-05
125 130 50275454 0.0014004889 2265019.8 6.3095107e-05
130 135 53707980 0.0014961064 2471930.6 6.8858879e-05
135 140 57175360 0.0015926949 2525647.1 7.0355223e-05
140 145 60724674 0.0016915657 2725385.9 7.5919209e-05
145 150 64409732 0.0017942178 2899055.6 8.0757008e-05
150 155 68022354 0.0018948522 3065268.4 8.5387084e-05
155 160 71718374 0.0019978097 3030512.9 8.4418925e-05
160 165 75510414 0.0021034419 3011654.3 8.3893593e-05
165 170 79321682 0.0022096098 3094347.9 8.6197132e-05
170 175 83223392 0.0023182971 3213293.2 8.951051e-05
175 180 87121422 0.0024268818 3146048.8 8.7637328e-05
180 185 91041532 0.0025360816 3115688.8 8.679161e-05
185 190 94924362 0.002644243 3091265.5 8.6111266e-05
190 195 98848100 0.0027535439 2916248.1 8.1235926e-05
195 200 1.0281121e+08 0.0028639414 2953474.5 8.2272917e-05
