0 5 408086 1.1674681e-05 3404.7616 9.7404724e-08
5 10 592880 1.6961338e-05 -2387.3444 -6.8298064e-08
10 15 840200 2.4036763e-05 -28969.282 -8.2876432e-07
15 20 1167836 3.3409899e-05 -61639.814 -1.7634154e-06
20 25 1649044 4.7176482e-05 -58784.095 -1.6817179e-06
25 30 2461876 7.0430291e-05 -55649.791 -1.5920505e-06
30 35 3876660 0.00011090497 -13812.721 -3.9515961e-07
35 40 5333098 0.00015257131 72645.183 2.0782612e-06
40 45 6739014 0.00019279229 151800.93 4.3427792e-06
45 50 8233130 0.00023553654 199613.6 5.7106224e-06
50 55 9898450 0.00028317865 291240.77 8.3319276e-06
55 60 11699894 0.00033471505 368423.7 1.0540006e-05
60 65 13681020 0.00039139186 500037.15 1.4305254e-05
65 70 15776728 0.00045134668 635102.28 1.8169249e-05
70 75 18009852 0.00051523274 773823.58 2.2137841e-05
75 80 20335352 0.00058176154 897371.15 2.5672337e-05
80 85 22746752 0.00065074779 1086464.5 3.1081992e-05
85 90 25278618 0.00072318038 1306740.1 3.738372e-05
90 95 27986562 0.00080065028 1331785.2 3.8100221e-05
95 100 30810658 0.0008814431 1492407.7 4.269537e-05
100 105 33721448 0.0009647161 1719730.8 4.9198716e-05
105 110 36661788 0.0010488345 1823808.6 5.2176214e-05
110 115 39709504 0.0011360247 1769501.3 5.0622572e-05
115 120 42875228 0.0012265909 1918027.4 5.4871661e-05
120 125 46091254 0.0013185962 2007536.9 5.7432386e-05
125 130 49362218 0.0014121732 2110016.3 6.0364155e-05
130 135 52731152 0.001508553 2279022.2 6.5199139e-05
135 140 56123508 0.0016056028 2397011.9 6.8574634e-05
140 145 59671654 0.0017071095 2290602.3 6.5530427e-05
145 150 63326258 0.0018116618 2308155.1 6.6032585e-05
150 155 66931272 0.0019147955 2491691.5 7.1283264e-05
155 160 70556710 0.0020185134 2794422.7 7.9943916e-05
160 165 74312418 0.0021259581 2751770 7.8723691e-05
165 170 78081632 0.0022337892 2709968.1 7.7527805e-05
170 175 81830342 0.0023410338 2740327.8 7.8396347e-05
175 180 85649238 0.0024502862 2873335.1 8.2201472e-05
180 185 89541274 0.0025616311 2803409.5 8.0201012e-05
185 190 93346332 0.0026704876 2957092.4 8.4597631e-05
190 195 97147552 0.0027792344 2862549.1 8.18929e-05
195 200 1.0103744e+08 0.0028905177 2932527.7 8.3894877e-05
