0 5 344970 1.2376951e-05 -2292.2407 -8.2241792e-08
5 10 499304 1.7914199e-05 -6500.4703 -2.3322609e-07
10 15 685456 2.4593024e-05 -10718.306 -3.8455503e-07
15 20 945668 3.3928999e-05 -6804.9361 -2.4414982e-07
20 25 1313812 4.7137395e-05 -5667.4799 -2.0333978e-07
25 30 1945868 6.9814516e-05 42430.316 1.5223294e-06
30 35 3005594 0.00010783573 159443.93 5.7205837e-06
35 40 4084906 0.00014655965 324235.56 1.1633034e-05
40 45 5062674 0.00018164035 483857.34 1.7359999e-05
45 50 6107812 0.00021913816 624665.47 2.2411961e-05
50 55 7269410 0.00026081437 869476.42 3.1195372e-05
55 60 8479064 0.00030421475 1114503.5 3.9986538e-05
60 65 9745822 0.00034966393 1400317.3 5.0241061e-05
65 70 11070136 0.00039717812 1690949.2 6.0668454e-05
70 75 12459184 0.00044701485 1974148.5 7.0829172e-05
75 80 13953464 0.00050062714 2304321.9 8.2675246e-05
80 85 15448022 0.0005542494 2723314.9 9.7708022e-05
85 90 17006064 0.00061014937 3155117.6 0.00011320038
90 95 18568156 0.00066619464 3572047.1 0.00012815912
95 100 20130446 0.00072224701 4053417.1 0.00014542988
100 105 21753514 0.00078048 4660525.6 0.00016721193
105 110 23396084 0.00083941269 5144239.3 0.00018456677
110 115 25081462 0.00089988125 5655304.1 0.00020290293
115 120 26776610 0.00096070035 6214147.7 0.00022295331
120 125 28504916 0.0010227091 6872713.2 0.00024658155
125 130 30194260 0.00108332 7401867.9 0.00026556674
130 135 31872936 0.0011435481 8131546.1 0.00029174639
135 140 33528836 0.001202959 8793430.8 0.00031549371
140 145 35249720 0.0012647015 9532829 0.00034202209
145 150 36920210 0.0013246359 10007789 0.00035906286
150 155 38624156 0.0013857706 10635545 0.00038158572
155 160 40313494 0.0014463813 11298029 0.00040535453
160 165 42013248 0.0015073656 11916528 0.00042754526
165 170 43698062 0.001567814 12451405 0.00044673574
170 175 45397038 0.0016287704 12823330 0.00046007982
175 180 47111432 0.00169028 13396065 0.0004806286
180 185 48844302 0.0017524525 14053348 0.00050421081
185 190 50553494 0.0018137755 14625549 0.00052474044
190 195 52168772 0.001871729 15144796 0.00054337015
195 200 53857950 0.0019323339 15689586 0.00056291631
