0 5 347842 1.2223284e-05 -6781.9538 -2.3832012e-07
5 10 507042 1.7817625e-05 -16541.881 -5.8128722e-07
10 15 702334 2.4680251e-05 -22700.808 -7.9771395e-07
15 20 957318 3.3640474e-05 -30328.29 -1.0657462e-06
20 25 1341608 4.7144552e-05 -17006.215 -5.9760405e-07
25 30 1974340 6.9378966e-05 37093.607 1.3034817e-06
30 35 3035986 0.00010668556 135677.28 4.7677448e-06
35 40 4130766 0.00014515649 299780.28 1.0534379e-05
40 45 5152192 0.00018104974 508782.81 1.7878798e-05
45 50 6197248 0.00021777336 714890.49 2.512149e-05
50 55 7354646 0.00025844471 962564.42 3.3824835e-05
55 60 8628306 0.00030320155 1124748.7 3.9524045e-05
60 65 9939224 0.00034926764 1410560.9 4.956758e-05
65 70 11309278 0.0003974118 1795932.6 6.310967e-05
70 75 12742546 0.00044777731 2184507.7 7.676433e-05
75 80 14220432 0.00049971072 2550295 8.9618216e-05
80 85 15763904 0.00055394884 2945135 0.00010349302
85 90 17330548 0.00060900123 3335494.5 0.00011721039
90 95 18965816 0.0006664651 3832956.5 0.00013469137
95 100 20627738 0.00072486559 4369636.8 0.00015355049
100 105 22313032 0.00078408738 4858374.9 0.00017072491
105 110 23974738 0.00084248028 5522238.2 0.00019405329
110 115 25652478 0.00090143663 6067438.7 0.00021321182
115 120 27363184 0.00096155141 6630304.2 0.0002329911
120 125 29103868 0.0010227196 7310755.5 0.00025690238
125 130 30774510 0.0010814265 8032353.1 0.00028225956
130 135 32523376 0.0011428823 8725398.2 0.0003066134
135 140 34237830 0.0012031288 9309607.5 0.00032714271
140 145 35973898 0.0012641348 9966840.2 0.00035023809
145 150 37691750 0.0013245007 10579044 0.00037175114
150 155 39428580 0.0013855334 11235895 0.00039483309
155 160 41135998 0.0014455327 12074691 0.00042430865
160 165 42853338 0.0015058806 12682418 0.00044566441
165 170 44615978 0.0015678203 13264382 0.00046611479
170 175 46389706 0.0016301497 13790787 0.00048461287
175 180 48131778 0.0016913667 14295421 0.00050234585
180 185 49844916 0.001751567 15071449 0.00052961574
185 190 51527918 0.0018107082 15569505 0.00054711758
190 195 53252456 0.0018713091 16104155 0.00056590537
195 200 54980448 0.0019320313 16603750 0.00058346131
