0 5 341334 1.243887e-05 -7076.3068 -2.5787429e-07
5 10 499884 1.8216739e-05 -26439.839 -9.635188e-07
10 15 686448 2.5015491e-05 -22320.669 -8.134083e-07
15 20 936014 3.4110158e-05 -24934.253 -9.0865233e-07
20 25 1298164 4.7307604e-05 -16260.365 -5.9255911e-07
25 30 1916108 6.9826677e-05 20601.325 7.5075209e-07
30 35 2946880 0.00010739 127359.37 4.6412214e-06
35 40 4012630 0.00014622799 278017.37 1.013149e-05
40 45 5001870 0.0001822778 479375.7 1.7469376e-05
45 50 6029038 0.00021970979 632693.91 2.3056588e-05
50 55 7138988 0.00026015851 873740.66 3.1840797e-05
55 60 8343738 0.00030406193 1154086.6 4.2057144e-05
60 65 9629334 0.00035091153 1397353.6 5.0922264e-05
65 70 10968808 0.00039972455 1720997.8 6.2716483e-05
70 75 12345738 0.00044990254 2048803.4 7.4662352e-05
75 80 13752112 0.00050115353 2432295.1 8.8637531e-05
80 85 15219312 0.00055462113 2790768.5 0.000101701
85 90 16719256 0.00060928198 3266599.3 0.00011904119
90 95 18264706 0.00066560117 3719943.3 0.00013556192
95 100 19892150 0.00072490837 4145267.8 0.00015106157
100 105 21497952 0.0007834269 4654111.8 0.00016960483
105 110 23154664 0.00084380068 5281322.9 0.00019246161
110 115 24758346 0.00090224195 5859125.2 0.00021351784
115 120 26380406 0.00096135295 6498692.5 0.00023682491
120 125 28057854 0.0010224824 7081053.9 0.00025804728
125 130 29727688 0.0010833344 7681509.6 0.00027992905
130 135 31343358 0.0011422125 8177093.2 0.00029798907
135 140 32992414 0.0012023073 8774491.9 0.00031975943
140 145 34669128 0.00126341 9473257.6 0.00034522381
145 150 36360998 0.001325065 10164190 0.00037040271
150 155 38090122 0.0013880776 10804129 0.00039372332
155 160 39786298 0.0014498896 11604114 0.00042287633
160 165 41439122 0.0015101217 12216222 0.00044518274
165 170 43070244 0.0015695629 12808059 0.00046675043
170 175 44668638 0.0016278115 13290149 0.00048431871
175 180 46298502 0.0016872068 13847323 0.00050462321
180 185 47969718 0.0017481092 14269164 0.00051999588
185 190 49650444 0.0018093581 14742590 0.00053724846
190 195 51307068 0.0018697287 15418690 0.00056188685
195 200 52883594 0.0019271803 15906072 0.00057964801
