0 5 335736 1.2432815e-05 -6643.9394 -2.460352e-07
5 10 491772 1.8211066e-05 -14881.716 -5.5109263e-07
10 15 676074 2.503605e-05 -23322.07 -8.6365179e-07
15 20 918474 3.4012491e-05 -8097.2682 -2.9985417e-07
20 25 1285340 4.7598098e-05 3318.1069 1.2287455e-07
25 30 1885688 6.9829899e-05 14093.175 5.2189173e-07
30 35 2894398 0.00010718397 126951.65 4.7012129e-06
35 40 3942902 0.00014601167 232370.51 8.6050338e-06
40 45 4913550 0.00018195624 462377.22 1.7122533e-05
45 50 5917730 0.00021914256 621272.84 2.300668e-05
50 55 7020632 0.0002599847 899997.43 3.3328275e-05
55 60 8210676 0.00030405384 1143651.2 4.2351145e-05
60 65 9441654 0.00034963883 1376172.4 5.0961758e-05
65 70 10774920 0.0003990117 1635047.5 6.0548301e-05
70 75 12141756 0.00044962772 1964367.6 7.2743522e-05
75 80 13553280 0.0005018986 2233435.2 8.2707508e-05
80 85 14964636 0.00055416326 2603893.3 9.6426137e-05
85 90 16498544 0.00061096621 3098597.3 0.00011474578
90 95 18019454 0.00066728783 3577355.6 0.00013247493
95 100 19560864 0.00072436859 3969098 0.00014698175
100 105 21170190 0.00078396438 4378340.6 0.00016213662
105 110 22775502 0.00084341153 4930283.6 0.00018257591
110 115 24366166 0.00090231624 5528754.2 0.00020473819
115 120 25984242 0.00096223606 6175683.5 0.00022869496
120 125 27594516 0.001021867 6677745.7 0.00024728709
125 130 29229848 0.0010824258 7236785.3 0.00026798918
130 135 30868142 0.0011430943 7782745.6 0.00028820692
135 140 32548372 0.0012053158 8517632.3 0.0003154209
140 145 34239402 0.0012679372 9175665 0.00033978885
145 150 35900510 0.0013294506 9729267.2 0.00036028958
150 155 37557886 0.0013908257 10356018 0.0003834991
155 160 39222682 0.0014524757 10890034 0.00040327453
160 165 40922508 0.0015154228 11520741 0.00042663058
165 170 42568004 0.001576358 12005135 0.00044456844
170 175 44190266 0.0016364329 12625078 0.00046752585
175 180 45861242 0.0016983116 13205242 0.00048901023
180 185 47584086 0.0017621112 13699619 0.00050731776
185 190 49221894 0.0018227617 14171384 0.00052478795
190 195 50863636 0.0018835579 14737405 0.00054574857
195 200 52448212 0.0019422372 15245513 0.00056456457
