0 5 342836 1.2308791e-05 -7713.7415 -2.7694533e-07
5 10 496932 1.7841277e-05 -18705.583 -6.7158381e-07
10 15 685798 2.4622105e-05 -20142.539 -7.2317461e-07
15 20 935258 3.3578431e-05 -7667.9496 -2.7530127e-07
20 25 1309602 4.7018448e-05 -11456.399 -4.113174e-07
25 30 1946002 6.9867024e-05 36877.545 1.3240091e-06
30 35 2986614 0.00010722796 117893.75 4.2327221e-06
35 40 4047248 0.00014530775 281889.51 1.0120638e-05
40 45 5083632 0.00018251689 424557.42 1.5242823e-05
45 50 6156514 0.00022103642 599335.68 2.1517861e-05
50 55 7288976 0.00026169503 808498.31 2.9027396e-05
55 60 8521466 0.00030594494 1085115.8 3.8958752e-05
60 65 9811140 0.00035224792 1368604.4 4.9136801e-05
65 70 11159974 0.00040067491 1701040.1 6.1072194e-05
70 75 12571308 0.00045134582 2025539.6 7.2722649e-05
75 80 14058756 0.00050474945 2334484.6 8.3814657e-05
80 85 15578356 0.00055930743 2707900.4 9.722135e-05
85 90 17193402 0.00061729219 3163219.6 0.00011356861
90 95 18767958 0.00067382324 3621282.2 0.00013001436
95 100 20390466 0.0007320759 4109826.1 0.00014755448
100 105 21993560 0.00078963155 4580510.5 0.0001644534
105 110 23640850 0.00084877396 5156993.9 0.00018515079
110 115 25278882 0.00090758399 5767625.9 0.00020707423
115 120 26968338 0.00096824028 6329141.2 0.00022723423
120 125 28703154 0.0010305251 7070355.5 0.00025384593
125 130 30418738 0.0010921195 7749410.8 0.00027822596
130 135 32156630 0.0011545148 8417383.2 0.00030220807
135 140 33858578 0.0012156196 9020845.9 0.00032387411
140 145 35551480 0.0012763996 9676885.9 0.00034742781
145 150 37249518 0.001337364 10240596 0.00036766662
150 155 38970140 0.0013991392 10920914 0.00039209196
155 160 40637998 0.0014590201 11627675 0.00041746672
160 165 42299844 0.0015186851 12277310 0.00044079046
165 170 44025844 0.0015806534 12835984 0.00046084845
170 175 45758050 0.0016428445 13595437 0.00048811496
175 180 47430456 0.0017028887 14034783 0.00050388874
180 185 49139434 0.0017642459 14634343 0.00052541465
185 190 50822236 0.0018246633 15147067 0.00054382291
190 195 52484508 0.0018843436 15748598 0.0005654196
195 200 54148656 0.0019440912 16338975 0.00058661582
