0 5 346190 1.2279101e-05 -14229.371 -5.0470518e-07
5 10 503836 1.7870687e-05 -29987.562 -1.0636365e-06
10 15 698770 2.478485e-05 -33657.811 -1.1938174e-06
15 20 954350 3.3850082e-05 -31293.452 -1.1099554e-06
20 25 1328302 4.7113881e-05 -28000.795 -9.931673e-07
25 30 1955782 6.9370128e-05 6718.0433 2.3828398e-07
30 35 3022394 0.00010720206 129366.76 4.5885424e-06
35 40 4107584 0.00014569294 320482.27 1.1367267e-05
40 45 5133390 0.00018207751 496132.99 1.7597467e-05
45 50 6196434 0.00021978289 722608.19 2.5630373e-05
50 55 7348204 0.00026063531 946430 3.3569166e-05
55 60 8585202 0.00030451071 1194075.9 4.235298e-05
60 65 9912442 0.00035158692 1372457.3 4.8680037e-05
65 70 11288862 0.00040040751 1595681.1 5.6597617e-05
70 75 12730878 0.00045155474 1921469.4 6.8153084e-05
75 80 14203382 0.00050378336 2324871.7 8.2461462e-05
80 85 15716564 0.00055745479 2782840.1 9.8705261e-05
85 90 17320712 0.00061435273 3264771.2 0.000115799
90 95 18923518 0.00067120306 3702444.5 0.00013132294
95 100 20574416 0.00072975918 4181191.7 0.00014830375
100 105 22251968 0.0007892607 4669696.1 0.00016563064
105 110 23917238 0.00084832658 5211568.9 0.00018485046
110 115 25609136 0.00090833694 5675948 0.00020132164
115 120 27338574 0.00096967881 6303162.6 0.00022356847
120 125 29003848 0.0010287448 6984235.3 0.00024772561
125 130 30751112 0.001090719 7489903.2 0.00026566128
130 135 32524574 0.0011536224 8204458.5 0.00029100602
135 140 34217736 0.0012136776 8939363.7 0.00031707256
140 145 35994610 0.001276702 9546119.4 0.00033859373
145 150 37738788 0.0013385666 10254961 0.00036373581
150 155 39419930 0.0013981955 10832240 0.00038421146
155 160 41176202 0.0014604892 11433830 0.00040554942
160 165 42940494 0.0015230673 11989227 0.00042524894
165 170 44724068 0.0015863293 12749999 0.00045223296
170 175 46413380 0.0016462479 13333484 0.00047292874
175 180 48082386 0.0017054463 13896980 0.00049291551
180 185 49782570 0.0017657506 14482183 0.00051367223
185 190 51588228 0.0018297959 15088207 0.00053516742
190 195 53318448 0.0018911656 15634874 0.0005545573
195 200 55021134 0.0019515586 16162723 0.00057327971
