0 5 407406 1.1798927e-05 3630.7538 1.0515063e-07
5 10 596286 1.72691e-05 -21912.889 -6.3462143e-07
10 15 835202 2.4188371e-05 -24429.247 -7.0749794e-07
15 20 1166078 3.3770904e-05 -45085.871 -1.3057365e-06
20 25 1652252 4.7851039e-05 -69090.932 -2.0009496e-06
25 30 2455422 7.1111728e-05 -66965.918 -1.9394068e-06
30 35 3825154 0.00011078068 -38084.246 -1.1029617e-06
35 40 5292248 0.00015326934 32536.526 9.4229366e-07
40 45 6696678 0.00019394318 129849.89 3.7605958e-06
45 50 8192628 0.00023726754 244918.98 7.0931237e-06
50 55 9857730 0.00028549073 362931.64 1.05109e-05
55 60 11679252 0.00033824401 395447.47 1.1452595e-05
60 65 13618786 0.00039441506 508320.6 1.4721525e-05
65 70 15715958 0.00045515147 653806.96 1.893497e-05
70 75 17938814 0.00051952783 729258.45 2.1120129e-05
75 80 20235500 0.00058604239 909641.13 2.634421e-05
80 85 22683112 0.00065692793 1082315.7 3.1345056e-05
85 90 25274202 0.00073196875 1140434.4 3.3028237e-05
90 95 27934108 0.00080900256 1259365.9 3.6472624e-05
95 100 30703526 0.00088920796 1317466.1 3.8155271e-05
100 105 33546014 0.00097152955 1540559.8 4.4616311e-05
105 110 36510548 0.0010573857 1658555.5 4.8033597e-05
110 115 39564926 0.0011458439 1790990.7 5.1869064e-05
115 120 42712792 0.0012370095 1985157.1 5.7492338e-05
120 125 45877244 0.0013286556 2061495 5.9703167e-05
125 130 49124692 0.0014227052 2250383 6.5173572e-05
130 135 52505296 0.0015206113 2367696.8 6.8571108e-05
135 140 55927544 0.0016197233 2392184.3 6.9280295e-05
140 145 59436010 0.0017213324 2397209.3 6.9425825e-05
145 150 63013594 0.0018249431 2437461.3 7.0591566e-05
150 155 66559436 0.0019276346 2497341.6 7.2325767e-05
155 160 70151810 0.0020316737 2732070.5 7.9123774e-05
160 165 73848102 0.0021387224 2924332.5 8.4691893e-05
165 170 77632096 0.0022483111 3062150.5 8.8683254e-05
170 175 81353930 0.0023560995 3023755 8.7571279e-05
175 180 85049436 0.0024631254 2967754.8 8.594945e-05
180 185 88982658 0.0025770359 3000289.5 8.6891691e-05
185 190 92766130 0.0026866094 2931051.9 8.4886495e-05
190 195 96639614 0.0027987898 3090325.3 8.9499227e-05
195 200 1.0051745e+08 0.0029110962 2973525.3 8.6116571e-05
