0 5 343116 1.2397013e-05 -4321.6981 -1.5614587e-07
5 10 495954 1.7919153e-05 -13647.816 -4.9310481e-07
10 15 688650 2.4881389e-05 -14056.365 -5.0786594e-07
15 20 936900 3.3850829e-05 -24305.995 -8.78192e-07
20 25 1306396 4.7200969e-05 -26573.267 -9.6011008e-07
25 30 1919162 6.9340618e-05 1920.6539 6.9394521e-08
30 35 2949410 0.00010656417 111949.4 4.0448072e-06
35 40 4029486 0.00014558805 290204.24 1.0485275e-05
40 45 5002976 0.0001807609 476369.42 1.7211549e-05
45 50 6033662 0.00021800028 676554.92 2.4444386e-05
50 55 7178484 0.00025936347 888628.1 3.2106733e-05
55 60 8422344 0.00030430497 1110734.6 4.0131589e-05
60 65 9724552 0.00035135462 1353901.9 4.8917389e-05
65 70 11057230 0.00039950518 1601795.9 5.7873965e-05
70 75 12451818 0.00044989259 1959711.9 7.0805712e-05
75 80 13905158 0.00050240274 2293595.2 8.2869141e-05
80 85 15415040 0.0005569558 2646478.8 9.5619065e-05
85 90 16980424 0.00061351418 3088169.8 0.00011157766
90 95 18578858 0.00067126667 3620199.9 0.00013080026
95 100 20184390 0.00072927563 4123972.8 0.00014900192
100 105 21836904 0.00078898207 4595546.4 0.00016604019
105 110 23530442 0.00085017074 5073833.1 0.00018332101
110 115 25217726 0.00091113345 5653475 0.00020426387
115 120 26869996 0.00097083108 6216635.3 0.00022461123
120 125 28536980 0.0010310603 6879522.9 0.00024856181
125 130 30194736 0.0010909562 7543974.4 0.00027256888
130 135 31912468 0.001153019 8050175.6 0.00029085828
135 140 33634660 0.001215243 8684012.5 0.00031375923
140 145 35297186 0.0012753111 9527430.5 0.00034423249
145 150 37057614 0.0013389166 10267465 0.00037097044
150 155 38789754 0.0014015 10849693 0.00039200671
155 160 40522106 0.001464091 11451881 0.00041376418
160 165 42181130 0.0015240327 12054917 0.00043555228
165 170 43908708 0.0015864512 12470501 0.00045056763
170 175 45607950 0.001647846 13126772 0.00047427913
175 180 47333408 0.001710188 13771984 0.00049759108
180 185 49063660 0.0017727031 14328528 0.00051769939
185 190 50755646 0.0018338357 14757610 0.00053320242
190 195 52466946 0.0018956662 15295799 0.00055264752
195 200 54107666 0.0019549465 15980827 0.00057739806
