0 5 406488 1.1611196e-05 8460.4015 2.4166858e-07
5 10 595042 1.6997178e-05 -8322.712 -2.3773552e-07
10 15 842312 2.4060364e-05 -16190.775 -4.6248415e-07
15 20 1165984 3.3305948e-05 -40645.017 -1.1610115e-06
20 25 1662088 4.7476995e-05 -38731.682 -1.1063577e-06
25 30 2474140 7.0672993e-05 -46144.784 -1.3181105e-06
30 35 3863752 0.0001103668 8182.5981 2.3373321e-07
35 40 5316860 0.00015187435 60017.52 1.7143807e-06
40 45 6717172 0.0001918738 156455.45 4.4690984e-06
45 50 8223538 0.00023490265 295750.4 8.4480127e-06
50 55 9906600 0.00028297876 366612.55 1.0472167e-05
55 60 11740894 0.00033537476 430679.47 1.2302217e-05
60 65 13709276 0.00039160095 451195.51 1.2888251e-05
65 70 15790270 0.00045104385 496613.36 1.4185597e-05
70 75 18000280 0.00051417206 656287.15 1.8746626e-05
75 80 20352370 0.00058135874 842917.14 2.407765e-05
80 85 22859060 0.00065296151 979259.53 2.7972225e-05
85 90 25433128 0.00072648891 1082228.5 3.0913499e-05
90 95 28161268 0.00080441733 1317511 3.7634267e-05
95 100 30970304 0.00088465652 1322314.2 3.777147e-05
100 105 33924322 0.00096903707 1507027.2 4.3047735e-05
105 110 36909184 0.0010542987 1655480 4.728824e-05
110 115 39936134 0.0011407625 1763905.7 5.0385384e-05
115 120 42965028 0.0012272819 1901102.5 5.4304367e-05
120 125 46199864 0.0013196839 2044037.2 5.8387249e-05
125 130 49519364 0.0014145043 2117184.9 6.0476689e-05
130 135 52945232 0.0015123631 2118621.9 6.0517735e-05
135 140 56403448 0.0016111459 2216998.5 6.3327831e-05
140 145 59933812 0.0017119896 2513090.4 7.1785598e-05
145 150 63521720 0.001814477 2681228.5 7.6588409e-05
150 155 67151502 0.0019181605 2559662.2 7.3115907e-05
155 160 70828108 0.0020231815 2518099.7 7.1928688e-05
160 165 74543010 0.0021292965 2596125.8 7.4157477e-05
165 170 78194198 0.0022335915 2592677.2 7.4058969e-05
170 175 82018320 0.0023428263 2714113.3 7.7527752e-05
175 180 85779360 0.0024502591 2700680 7.7144033e-05
180 185 89700432 0.0025622633 2510827.5 7.172096e-05
185 190 93549988 0.0026722245 2732322.3 7.8047885e-05
190 195 97472934 0.0027842822 2832711.6 8.0915473e-05
195 200 1.0135608e+08 0.002895203 2784094.5 7.952674e-05
