0 5 415256 1.1702996e-05 14327.395 4.0378333e-07
5 10 602912 1.6991631e-05 -2502.5601 -7.0528663e-08
10 15 850336 2.3964684e-05 -28140.272 -7.9306618e-07
15 20 1187148 3.3456923e-05 -48977.682 -1.3803187e-06
20 25 1673574 4.7165675e-05 -74056.148 -2.0870952e-06
25 30 2496378 7.0354435e-05 -86816.435 -2.4467133e-06
30 35 3907298 0.00011011784 -17149.548 -4.8331893e-07
35 40 5379910 0.00015161988 96521.009 2.7202135e-06
40 45 6783940 0.0001911891 173894.9 4.9008114e-06
45 50 8322954 0.00023456253 299951.23 8.453407e-06
50 55 10004376 0.00028194938 298346.62 8.4081851e-06
55 60 11845550 0.00033383846 410767.68 1.1576503e-05
60 65 13829992 0.0003897652 496890.88 1.4003679e-05
65 70 15925240 0.00044881475 665197.35 1.8746994e-05
70 75 18207548 0.00051313614 737065.64 2.077243e-05
75 80 20572436 0.00057978484 885491.25 2.495545e-05
80 85 23023110 0.00064885122 1073331.2 3.024927e-05
85 90 25602148 0.00072153523 1258606.1 3.5470798e-05
90 95 28331448 0.00079845401 1267149.3 3.5711569e-05
95 100 31196798 0.00087920704 1426750.1 4.0209534e-05
100 105 34189052 0.00096353655 1673187.2 4.7154774e-05
105 110 37167862 0.0010474872 1884981.9 5.31237e-05
110 115 40216780 0.0011334136 1904756.3 5.3680994e-05
115 120 43394840 0.0012229796 1907192.6 5.3749656e-05
120 125 46636060 0.0013143257 2075142.1 5.848291e-05
125 130 49950302 0.0014077296 2245969.6 6.3297274e-05
130 135 53381120 0.001504419 2362426.3 6.6579329e-05
135 140 56881208 0.0016030606 2571270.2 7.2465091e-05
140 145 60498154 0.0017049956 2471046 6.9640514e-05
145 150 64105696 0.0018066655 2582493.7 7.27814e-05
150 155 67670358 0.001907127 2672320.7 7.5312958e-05
155 160 71400280 0.0020122459 2852561.3 8.0392609e-05
160 165 75165038 0.0021183466 2852160.4 8.038131e-05
165 170 78963894 0.0022254082 2916552.4 8.2196046e-05
170 175 82706862 0.0023308948 2873022.7 8.0969264e-05
175 180 86515400 0.0024382294 2798845.8 7.8878767e-05
180 185 90485296 0.0025501114 3188848.6 8.9870062e-05
185 190 94353982 0.002659141 3062922.5 8.6321135e-05
190 195 98293000 0.0027701528 2923958.8 8.2404776e-05
195 200 1.0227859e+08 0.002882477 3043425.5 8.577166e-05
