0 5 408532 1.1659111e-05 14336.707 4.0915586e-07
5 10 599064 1.7096711e-05 -451.94643 -1.2898117e-08
10 15 851018 2.4287236e-05 -5145.3358 -1.4684294e-07
15 20 1183284 3.3769789e-05 -35178.659 -1.0039651e-06
20 25 1673730 4.7766646e-05 -58833.858 -1.6790618e-06
25 30 2484766 7.0912835e-05 -74363.509 -2.1222631e-06
30 35 3875438 0.00011060128 -39040.02 -1.1141647e-06
35 40 5344180 0.00015251776 99042.031 2.8265644e-06
40 45 6780200 0.0001935004 233812.93 6.6727964e-06
45 50 8302350 0.00023694109 316851.84 9.0426473e-06
50 55 10013204 0.00028576722 370807.39 1.0582487e-05
55 60 11808388 0.00033700005 329428.11 9.4015618e-06
60 65 13775308 0.00039313406 360415.79 1.028592e-05
65 70 15900526 0.00045378574 468005.17 1.3356418e-05
70 75 18129288 0.00051739247 678166.79 1.9354229e-05
75 80 20466394 0.00058409123 838796.84 2.3938456e-05
80 85 22940500 0.00065469983 972914.37 2.7766042e-05
85 90 25555708 0.00072933536 1137076.4 3.2451069e-05
90 95 28323494 0.00080832531 1263919.1 3.6071036e-05
95 100 31140046 0.000888707 1378947.1 3.9353825e-05
100 105 34075804 0.00097249071 1459608.4 4.1655823e-05
105 110 37028228 0.0010567501 1635609.5 4.6678725e-05
110 115 40156108 0.0011460167 1689496.5 4.8216608e-05
115 120 43362448 0.0012375226 1894356.2 5.4063106e-05
120 125 46572236 0.0013291269 2123013.9 6.0588778e-05
125 130 49881630 0.0014235738 2264941.3 6.4639248e-05
130 135 53274820 0.0015204122 2315470.5 6.6081304e-05
135 140 56771738 0.0016202109 2441897.8 6.9689417e-05
140 145 60334948 0.0017219015 2447315.8 6.9844042e-05
145 150 63912530 0.0018240022 2466223.9 7.0383662e-05
150 155 67494184 0.0019262192 2688914.8 7.6739045e-05
155 160 71214818 0.0020324025 2666525.2 7.6100066e-05
160 165 75017486 0.002140927 2563573.3 7.3161919e-05
165 170 78851060 0.0022503335 2802594.7 7.9983361e-05
170 175 82658602 0.0023589971 2898085.3 8.2708571e-05
175 180 86496576 0.0024685292 3085585 8.8059631e-05
180 185 90307720 0.0025772956 2948013.3 8.4133467e-05
185 190 94275702 0.002690538 3044841.1 8.689684e-05
190 195 98236944 0.002803588 2835791.3 8.093076e-05
195 200 1.0220961e+08 0.0029169641 2995000.9 8.5474449e-05
