0 5 352990 1.243616e-05 -12449.097 -4.3859309e-07
5 10 509998 1.7967696e-05 -23939.273 -8.4340249e-07
10 15 705048 2.4839486e-05 -35138.521 -1.2379622e-06
15 20 954462 3.3626569e-05 -42356.684 -1.4922647e-06
20 25 1330656 4.6880228e-05 -42911.587 -1.5118145e-06
25 30 1954204 6.8848394e-05 13258.453 4.6710743e-07
30 35 3029828 0.00010674361 126118.98 4.4432869e-06
35 40 4128690 0.00014545752 332626.96 1.1718752e-05
40 45 5149162 0.00018140969 507386.31 1.7875684e-05
45 50 6237832 0.00021976452 697244.56 2.4564563e-05
50 55 7420868 0.00026144396 901152.46 3.1748425e-05
55 60 8650106 0.00030475114 1074319.6 3.7849262e-05
60 65 9970766 0.0003512792 1415849.7 4.9881679e-05
65 70 11329036 0.0003991323 1788129.6 6.2997439e-05
70 75 12787970 0.00045053188 2119246 7.4662973e-05
75 80 14248248 0.0005019788 2447407.9 8.622442e-05
80 85 15752236 0.00055496568 2827920.2 9.9630216e-05
85 90 17364096 0.00061175298 3263204.4 0.00011496567
90 95 18972952 0.00066843445 3645320.4 0.00012842797
95 100 20626776 0.00072670018 4229379.7 0.00014900492
100 105 22306568 0.00078588079 4757329.8 0.00016760508
105 110 24004336 0.00084569471 5341696.5 0.00018819285
110 115 25696474 0.00090531027 5981926 0.00021074872
115 120 27434494 0.00096654231 6604427.6 0.00023268002
120 125 29121684 0.0010259836 7155568.1 0.00025209721
125 130 30863600 0.0010873528 7816370.6 0.00027537788
130 135 32513200 0.0011454698 8575242.6 0.00030211364
135 140 34263974 0.0012071511 9268437 0.00032653551
140 145 36031028 0.0012694061 10067544 0.00035468877
145 150 37740694 0.0013296392 10787610 0.00038005736
150 155 39467958 0.0013904922 11469250 0.00040407216
155 160 41210372 0.0014518791 12134807 0.00042752036
160 165 42961404 0.0015135695 12843291 0.00045248087
165 170 44681872 0.0015741832 13561275 0.0004777761
170 175 46389132 0.0016343315 14058460 0.00049529241
175 180 48152980 0.0016964735 14713047 0.0005183541
180 185 49847106 0.0017561591 15307361 0.00053929233
185 190 51610146 0.0018182726 15955480 0.00056212614
190 195 53303254 0.0018779224 16587029 0.00058437619
195 200 54942246 0.0019356656 17089341 0.00060207311
