0 5 351756 1.2297611e-05 -12888.373 -4.5058564e-07
5 10 508294 1.7770278e-05 -21235.62 -7.4241066e-07
10 15 706080 2.4685001e-05 -19152.787 -6.6959348e-07
15 20 972126 3.3986137e-05 -16018.716 -5.600244e-07
20 25 1359326 4.7522893e-05 -17457.281 -6.1031753e-07
25 30 1998420 6.9866021e-05 -6639.2194 -2.3211129e-07
30 35 3065862 0.00010718447 86982.709 3.0409703e-06
35 40 4161614 0.00014549265 269920.68 9.4365968e-06
40 45 5202258 0.00018187421 457841.12 1.6006414e-05
45 50 6302004 0.00022032203 621761.26 2.1737165e-05
50 55 7470198 0.00026116283 884057.52 3.0907208e-05
55 60 8739512 0.00030553884 1182239.5 4.1331837e-05
60 65 10039742 0.0003509957 1432947.9 5.0096761e-05
65 70 11426924 0.00039949246 1758846.7 6.1490389e-05
70 75 12869568 0.0004499282 2130558.6 7.4485669e-05
75 80 14335642 0.00050118307 2543724.1 8.8930197e-05
80 85 15878506 0.00055512257 2918899.4 0.00010204656
85 90 17483310 0.00061122752 3315775.9 0.00011592161
90 95 19122044 0.0006685187 3771800.7 0.00013186453
95 100 20748602 0.00072538419 4266485.9 0.00014915903
100 105 22419328 0.00078379382 4800731.2 0.00016783658
105 110 24110638 0.00084292308 5293623.3 0.0001850684
110 115 25824194 0.00090283008 5919969.5 0.00020696586
115 120 27523684 0.00096224532 6532666 0.00022838611
120 125 29259102 0.0010229166 7017798 0.00024534664
125 130 30962414 0.0010824655 7692525.3 0.00026893553
130 135 32706418 0.001143437 8416187 0.0002942352
135 140 34452330 0.0012044751 9109693.4 0.00031848062
140 145 36220506 0.0012662917 9766892 0.00034145669
145 150 37904536 0.0013251664 10267991 0.00035897543
150 155 39652712 0.0013862838 10957508 0.00038308139
155 160 41378182 0.0014466073 11598315 0.0004054844
160 165 43128936 0.0015078148 12340654 0.00043143702
165 170 44882400 0.001569117 12862463 0.00044967979
170 175 46688800 0.0016322698 13402794 0.0004685701
175 180 48431104 0.0016931819 13984015 0.00048888998
180 185 50199528 0.0017550071 14627561 0.00051138873
185 190 51924394 0.0018153095 15115609 0.00052845122
190 195 53522322 0.0018711741 15813027 0.00055283339
195 200 55293618 0.0019330997 16295198 0.00056969037
