0 5 348160 1.2284801e-05 -15174.522 -5.3543192e-07
5 10 510020 1.7996019e-05 -32576.02 -1.1494425e-06
10 15 703836 2.4834803e-05 -41168.656 -1.4526331e-06
15 20 959622 3.3860193e-05 -12175.066 -4.2959633e-07
20 25 1338606 4.7232616e-05 -14065.959 -4.9631634e-07
25 30 1960108 6.916227e-05 10309.576 3.6377265e-07
30 35 3033260 0.00010702836 141607.87 4.9966237e-06
35 40 4121294 0.00014541956 354409.84 1.2505326e-05
40 45 5145892 0.00018157243 536713.14 1.8937885e-05
45 50 6206772 0.0002190055 731816.33 2.5822087e-05
50 55 7344456 0.0002591486 948413.3 3.3464695e-05
55 60 8632376 0.00030459277 1203500.8 4.2465439e-05
60 65 9939896 0.00035072852 1463050.5 5.162363e-05
65 70 11308466 0.00039901841 1735957.7 6.1253142e-05
70 75 12751918 0.00044995051 2114867.8 7.4622959e-05
75 80 14262008 0.00050323393 2541971.5 8.9693281e-05
80 85 15793878 0.00055728585 2858011.9 0.00010084474
85 90 17360356 0.00061255891 3278121.8 0.00011566829
90 95 18926300 0.00066781313 3736013.7 0.00013182497
95 100 20601764 0.00072693176 4232938.7 0.00014935894
100 105 22272838 0.00078589549 4786435.2 0.00016888902
105 110 23984928 0.00084630646 5208761.3 0.00018379077
110 115 25630350 0.00090436506 5754870 0.00020306017
115 120 27336122 0.0009645531 6494525.7 0.00022915887
120 125 29054774 0.0010251956 7124672.4 0.00025139355
125 130 30740046 0.0010846603 7851490.7 0.00027703928
130 135 32461670 0.0011454077 8577180.3 0.00030264519
135 140 34177506 0.0012059508 9196529 0.00032449886
140 145 35963436 0.0012689673 9826044 0.00034671126
145 150 37709672 0.0013305831 10512088 0.00037091827
150 155 39418500 0.0013908789 11028933 0.0003891551
155 160 41157738 0.0014522478 11714808 0.00041335617
160 165 42892990 0.0015134761 12450692 0.00043932178
165 170 44613616 0.0015741882 13204271 0.00046591174
170 175 46313416 0.0016341656 13818130 0.00048757172
175 180 48008106 0.0016939626 14203112 0.00050115577
180 185 49813024 0.001757649 14888431 0.00052533722
185 190 51612534 0.0018211446 15406911 0.00054363174
190 195 53268010 0.0018795579 15988459 0.00056415164
195 200 54959434 0.0019392397 16526191 0.00058312544
