0 5 347300 1.2544865e-05 -8370.3484 -3.0234637e-07
5 10 507022 1.8314203e-05 -23796.914 -8.5957121e-07
10 15 694170 2.5074198e-05 -20241.832 -7.3115768e-07
15 20 941418 3.4005073e-05 -32224.068 -1.1639695e-06
20 25 1305858 4.7169055e-05 -31007.409 -1.1200224e-06
25 30 1916278 6.9218109e-05 -7017.0118 -2.5346233e-07
30 35 2963796 0.00010705563 105138.33 3.7977142e-06
35 40 4040290 0.0001459398 263174.83 9.5061697e-06
40 45 5057878 0.00018269622 451530.07 1.6309772e-05
45 50 6133680 0.0002215554 688783.71 2.4879639e-05
50 55 7247136 0.00026177467 871922.88 3.1494832e-05
55 60 8470772 0.00030597378 1133755.4 4.0952515e-05
60 65 9769860 0.00035289829 1423255.8 5.1409596e-05
65 70 11130934 0.00040206181 1756867.1 6.346001e-05
70 75 12511364 0.00045192449 2061271.2 7.4455425e-05
75 80 13967050 0.0005045055 2442105.5 8.8211589e-05
80 85 15479898 0.00055915127 2771875.9 0.00010012327
85 90 17069574 0.00061657214 3276210.8 0.00011834041
90 95 18715202 0.00067601407 3814182 0.00013777253
95 100 20339008 0.00073466776 4210930.2 0.00015210352
100 105 21981804 0.0007940074 4836634.3 0.00017470465
105 110 23662200 0.00085470518 5377054.5 0.00019422523
110 115 25323338 0.00091470735 5950310.2 0.00021493187
115 120 26938918 0.00097306391 6480498 0.00023408285
120 125 28606986 0.0010333164 6991581.8 0.00025254377
125 130 30281438 0.0010937995 7649755.5 0.00027631774
130 135 31987468 0.0011554232 8408459 0.00030372296
135 140 33705596 0.0012174839 9049044.7 0.00032686164
140 145 35462782 0.0012809554 9795142.6 0.00035381153
145 150 37155176 0.0013420866 10459032 0.00037779195
150 155 38844832 0.0014031189 11166115 0.0004033326
155 160 40528460 0.0014639334 11726563 0.0004235766
160 165 42205320 0.0015245035 12408371 0.00044820426
165 170 43893330 0.0015854763 12948714 0.00046772206
170 175 45659562 0.0016492746 13435868 0.0004853186
175 180 47384484 0.0017115807 14226447 0.00051387523
180 185 49071962 0.0017725343 14695041 0.00053080135
185 190 50714936 0.0018318803 15275325 0.00055176185
190 195 52453998 0.0018946972 15813093 0.00057118663
195 200 54012698 0.0019509992 16422814 0.00059321046
