0 5 415270 1.1533048e-05 13403.482 3.7224697e-07
5 10 610210 1.6947001e-05 -3532.2411 -9.8098842e-08
10 15 857388 2.381173e-05 -24498.914 -6.8039385e-07
15 20 1191242 3.3083659e-05 -47368.348 -1.3155331e-06
20 25 1691868 4.6987249e-05 -65124.837 -1.8086736e-06
25 30 2522968 7.0068898e-05 -93115.787 -2.5860497e-06
30 35 3953636 0.00010980199 -2737.2977 -7.6021349e-08
35 40 5435860 0.00015096692 98221.137 2.7278375e-06
40 45 6857816 0.00019045807 161405.36 4.4826156e-06
45 50 8411890 0.00023361844 246389.23 6.8428225e-06
50 55 10145538 0.00028176603 325417.11 9.0376168e-06
55 60 11990602 0.0003330079 418576.64 1.1624881e-05
60 65 14013182 0.00038917981 510714.98 1.4183785e-05
65 70 16124614 0.00044781937 684426.89 1.9008183e-05
70 75 18332084 0.00050912612 879540.77 2.4426965e-05
75 80 20757064 0.00057647366 888853.32 2.4685597e-05
80 85 23305274 0.00064724359 1092898 3.0352411e-05
85 90 25997282 0.00072200713 1137513.3 3.1591484e-05
90 95 28731332 0.00079793829 1355961.6 3.7658319e-05
95 100 31591766 0.00087737943 1535277.5 4.2638355e-05
100 105 34521312 0.00095873998 1674809.3 4.6513488e-05
105 110 37541728 0.0010426242 1777047.7 4.9352894e-05
110 115 40648606 0.0011289097 1954342.1 5.4276787e-05
115 120 43896496 0.0012191114 2038663.9 5.6618606e-05
120 125 47190528 0.0013105946 2284310.9 6.3440815e-05
125 130 50648536 0.0014066318 2432525.1 6.755708e-05
130 135 54175790 0.0015045922 2501775.8 6.9480339e-05
135 140 57735396 0.001603451 2574942.6 7.1512359e-05
140 145 61308660 0.0017026891 2586139.2 7.1823313e-05
145 150 64930766 0.0018032838 2552376.4 7.0885641e-05
150 155 68646542 0.0019064798 2541668.1 7.0588245e-05
155 160 72460498 0.0020124025 2799393.1 7.7745888e-05
160 165 76339482 0.0021201313 2977887.9 8.2703119e-05
165 170 80180414 0.0022268032 2908903.8 8.0787263e-05
170 175 84078454 0.0023350612 3125772.9 8.6810242e-05
175 180 87977602 0.0024433499 3055462.4 8.4857549e-05
180 185 91930662 0.0025531359 2839672.7 7.8864549e-05
185 190 95867142 0.0026624614 2966165 8.2377545e-05
190 195 99941784 0.002775624 3033823.5 8.4256585e-05
195 200 1.0391703e+08 0.0028860261 3070424.7 8.5273088e-05
