0 5 407340 1.1695212e-05 7444.9933 2.1375455e-07
5 10 597884 1.7165955e-05 -21665.569 -6.2204408e-07
10 15 844742 2.425354e-05 -39601.207 -1.1369974e-06
15 20 1174592 3.3723923e-05 -69322.021 -1.9903171e-06
20 25 1674436 4.8075034e-05 -63568.977 -1.8251404e-06
25 30 2498140 7.1724549e-05 -78722.028 -2.2602024e-06
30 35 3883612 0.00011150309 -17902.514 -5.1400231e-07
35 40 5320640 0.00015276186 80095.777 2.2996443e-06
40 45 6737174 0.00019343222 151140.14 4.3394119e-06
45 50 8214100 0.00023583651 189601.99 5.443697e-06
50 55 9900330 0.00028425016 260686.24 7.4846098e-06
55 60 11715630 0.00033636957 396495.99 1.1383868e-05
60 65 13705150 0.00039349104 473898.37 1.3606182e-05
65 70 15834746 0.00045463425 537193.66 1.5423464e-05
70 75 18061170 0.00051855751 689390.8 1.9793224e-05
75 80 20355706 0.00058443635 867347.85 2.4902581e-05
80 85 22796414 0.00065451196 1015973.1 2.9169786e-05
85 90 25383036 0.00072877693 1083869.1 3.111916e-05
90 95 28109228 0.00080704912 1298462 3.7280377e-05
95 100 30888890 0.0008868565 1352494.2 3.8831705e-05
100 105 33803306 0.00097053282 1476763.2 4.2399614e-05
105 110 36767554 0.0010556399 1542264.5 4.4280234e-05
110 115 39791822 0.0011424702 1703899 4.8920952e-05
115 120 42910082 0.0012319991 1951701.2 5.6035647e-05
120 125 46159398 0.0013252908 2088803.8 5.9972024e-05
125 130 49466764 0.0014202492 2127808.4 6.1091892e-05
130 135 52874540 0.0015180905 2210750.6 6.347326e-05
135 140 56311532 0.0016167706 2272467.2 6.5245216e-05
140 145 59812000 0.0017172731 2404081.4 6.9024016e-05
145 150 63433626 0.0018212543 2416335.7 6.9375852e-05
150 155 67076670 0.0019258504 2545375.6 7.3080739e-05
155 160 70709816 0.0020301623 2593254.1 7.4455386e-05
160 165 74457842 0.0021377725 2738951.8 7.8638541e-05
165 170 78208128 0.0022454477 2742676.8 7.8745488e-05
170 175 81979358 0.0023537241 2680740.4 7.6967221e-05
175 180 85834578 0.0024644121 2894706.6 8.3110443e-05
180 185 89676932 0.0025747306 2827562.9 8.1182668e-05
185 190 93539034 0.0026856161 2837549.9 8.1469409e-05
190 195 97393226 0.0027962745 2833921.2 8.1365224e-05
195 200 1.0132198e+08 0.0029090735 2859723 8.2106023e-05
