0 5 342312 1.2286149e-05 -4463.4592 -1.60201e-07
5 10 498620 1.7896304e-05 -14017.442 -5.031094e-07
10 15 682030 2.4479195e-05 -23246.851 -8.3436827e-07
15 20 936664 3.3618434e-05 -37409.273 -1.3426813e-06
20 25 1307276 4.6920318e-05 -35702.234 -1.2814128e-06
25 30 1939608 6.9615769e-05 -4965.8758 -1.7823357e-07
30 35 2991806 0.00010738091 148668.56 5.3359626e-06
35 40 4076086 0.00014629753 334271.09 1.1997547e-05
40 45 5078036 0.00018225919 483234.14 1.734408e-05
45 50 6132212 0.00022009532 676404.84 2.4277299e-05
50 55 7273192 0.000261047 857561.1 3.0779299e-05
55 60 8498788 0.00030503569 1141407.1 4.0967006e-05
60 65 9806218 0.00035196153 1375275.3 4.9360928e-05
65 70 11164594 0.00040071591 1675891.2 6.0150532e-05
70 75 12580254 0.00045152631 1913820.3 6.8690203e-05
75 80 14035682 0.00050376405 2288838.9 8.2150249e-05
80 85 15565646 0.00055867702 2740656.1 9.8366721e-05
85 90 17124190 0.00061461576 3231572.2 0.00011598652
90 95 18766608 0.00067356488 3751355.2 0.0001346424
95 100 20369818 0.00073110677 4173839.1 0.00014980605
100 105 22020650 0.00079035788 4704845.5 0.00016886476
105 110 23631814 0.00084818525 5302053.5 0.00019029955
110 115 25301032 0.00090809627 5859888.5 0.00021032118
115 120 26957078 0.00096753452 6404259.3 0.00022985956
120 125 28642274 0.001028019 7048062.2 0.00025296671
125 130 30319318 0.0010882109 7729225.6 0.00027741481
130 135 32030538 0.0011496295 8395398.8 0.00030132488
135 140 33734760 0.0012107968 9165314.1 0.00032895842
140 145 35464260 0.0012728715 9853418.8 0.00035365565
145 150 37148090 0.001333307 10288910 0.00036928615
150 155 38807736 0.0013928744 10985038 0.00039427135
155 160 40523104 0.0014544418 11743553 0.00042149573
160 165 42275614 0.0015173423 12443569 0.00044662046
165 170 44004866 0.0015794081 13033284 0.00046778632
170 175 45744502 0.0016418465 13654794 0.00049009334
175 180 47322534 0.0016984847 14243766 0.00051123254
180 185 48958376 0.0017571978 14844324 0.00053278757
185 190 50659828 0.0018182658 15561952 0.00055854444
190 195 52375330 0.001879838 16056619 0.00057629884
195 200 54001468 0.0019382028 16752206 0.00060126463
