0 5 346154 1.2349061e-05 -6405.5606 -2.2851869e-07
5 10 500430 1.7852865e-05 -23833.102 -8.5024708e-07
10 15 695132 2.4798868e-05 -40757.949 -1.4540418e-06
15 20 947036 3.3785555e-05 -32247.506 -1.1504313e-06
20 25 1323116 4.7202228e-05 -23845.207 -8.5067893e-07
25 30 1945846 6.9418151e-05 8607.3185 3.070665e-07
30 35 2992016 0.00010674032 116463.93 4.1548563e-06
35 40 4067672 0.0001451144 308732.06 1.1014031e-05
40 45 5066830 0.00018075941 435646.81 1.5541721e-05
45 50 6139558 0.00021902903 632171.57 2.2552751e-05
50 55 7259128 0.00025896974 889684.6 3.1739541e-05
55 60 8493772 0.00030301573 1215419.6 4.3360155e-05
60 65 9788850 0.0003492177 1429749.7 5.1006392e-05
65 70 11134016 0.00039720656 1700970.4 6.0682201e-05
70 75 12558772 0.0004480348 1995354 7.1184351e-05
75 80 14024490 0.00050032436 2422136.1 8.6409821e-05
80 85 15532728 0.00055413083 2872703.7 0.00010248384
85 90 17094314 0.00060984048 3292884.9 0.00011747383
90 95 18663360 0.00066581627 3685354.1 0.00013147519
95 100 20273474 0.00072325717 4117663.4 0.00014689784
100 105 21958910 0.00078338518 4515144.1 0.00016107798
105 110 23664096 0.00084421777 5100583.3 0.00018196356
110 115 25358218 0.00090465566 5575039.3 0.0001988898
115 120 27010388 0.0009635969 6210394 0.00022155611
120 125 28709412 0.0010242097 6804881.1 0.00024276446
125 130 30413286 0.0010849955 7419512.7 0.00026469147
130 135 32157112 0.0011472065 8160780.7 0.00029113625
135 140 33901834 0.0012094496 8720180.8 0.00031109287
140 145 35631670 0.0012711616 9214322.2 0.00032872139
145 150 37317326 0.0013312974 9874066.8 0.00035225781
150 155 39027878 0.0013923214 10495326 0.00037442126
155 160 40757904 0.0014540402 11018521 0.00039308626
160 165 42524114 0.0015170498 11801332 0.0004210131
165 170 44218526 0.0015774981 12267070 0.00043762832
170 175 45934534 0.0016387167 12809896 0.00045699368
175 180 47611182 0.0016985312 13358005 0.00047654748
180 185 49390856 0.0017620212 13863262 0.00049457256
185 190 51039254 0.0018208279 14403778 0.00051385549
190 195 52701550 0.0018801304 15010432 0.00053549788
195 200 54391784 0.0019404295 15598241 0.00055646799
