0 5 409756 1.1678316e-05 17387.144 4.9554505e-07
5 10 601200 1.7134596e-05 -1899.298 -5.4131243e-08
10 15 851310 2.4262895e-05 -17226.554 -4.9096811e-07
15 20 1172622 3.3420499e-05 -36770.739 -1.0479903e-06
20 25 1652842 4.7107085e-05 -67034.084 -1.9105155e-06
25 30 2459260 7.0090528e-05 -71582.658 -2.0401529e-06
30 35 3864572 0.00011014284 -45683.022 -1.3019962e-06
35 40 5333528 0.00015200906 76159.206 2.1705875e-06
40 45 6705590 0.00019111373 135886.82 3.8728638e-06
45 50 8237536 0.0002347752 192494.76 5.4862274e-06
50 55 9924120 0.00028284395 321095.92 9.1514451e-06
55 60 11738864 0.00033456535 437992.43 1.2483073e-05
60 65 13688236 0.00039012373 525358.62 1.4973066e-05
65 70 15792754 0.00045010388 617871.98 1.7609758e-05
70 75 18052544 0.00051450938 758005.15 2.1603645e-05
75 80 20385070 0.00058098791 850656.62 2.4244273e-05
80 85 22855860 0.00065140705 918555.58 2.6179439e-05
85 90 25464120 0.00072574418 999977.25 2.850001e-05
90 95 28192704 0.00080351061 1171943.7 3.3401167e-05
95 100 30975098 0.00088281067 1337099.2 3.8108207e-05
100 105 33857600 0.00096496388 1540174.4 4.3895983e-05
105 110 36867338 0.0010507434 1685686.1 4.8043164e-05
110 115 39901980 0.0011372327 1687562.2 4.8096633e-05
115 120 43006974 0.0012257271 1737822.2 4.9529076e-05
120 125 46269788 0.0013187194 1846943.3 5.2639098e-05
125 130 49572132 0.0014128384 2081377.3 5.9320621e-05
130 135 53015094 0.0015109651 2091364.6 5.9605266e-05
135 140 56454196 0.0016089817 2136889.7 6.0902762e-05
140 145 59984140 0.0017095875 2214277.7 6.3108371e-05
145 150 63614828 0.0018130645 2444640.2 6.9673854e-05
150 155 67259276 0.0019169336 2428260 6.9207008e-05
155 160 70949544 0.0020221087 2484459.4 7.0808729e-05
160 165 74670224 0.0021281505 2259980.1 6.441092e-05
165 170 78422038 0.0022350797 2432108.5 6.9316694e-05
170 175 82126166 0.0023406498 2373219 6.7638303e-05
175 180 85987838 0.00245071 2438811 6.9507718e-05
180 185 89924718 0.0025629136 2249944.4 6.4124896e-05
185 190 93833348 0.0026743122 2361157.4 6.7294538e-05
190 195 97742126 0.0027857149 2252415.5 6.4195324e-05
195 200 1.0159491e+08 0.0028955218 2223925.5 6.3383339e-05
