0 5 350986 1.2201192e-05 -8302.1356 -2.8860395e-07
5 10 510072 1.7731437e-05 -12102.8 -4.2072499e-07
10 15 710850 2.4711006e-05 -13155.031 -4.573033e-07
15 20 969228 3.3692901e-05 -7071.9291 -2.4583876e-07
20 25 1356722 4.7163206e-05 -7826.0716 -2.7205472e-07
25 30 1993086 6.9284884e-05 22695.277 7.8894722e-07
30 35 3087398 0.00010732603 112555.42 3.9127209e-06
35 40 4198966 0.00014596704 314740.54 1.0941205e-05
40 45 5212476 0.0001811993 506667.49 1.7613088e-05
45 50 6293514 0.00021877901 665234.61 2.3125296e-05
50 55 7477326 0.00025993141 893878.19 3.1073545e-05
55 60 8741604 0.00030388103 1091501.6 3.7943451e-05
60 65 10075966 0.00035026694 1371232.2 4.7667618e-05
65 70 11503558 0.00039989377 1725033.3 5.9966672e-05
70 75 12957166 0.00045042499 2104742 7.3166337e-05
75 80 14476114 0.0005032276 2503769.6 8.7037581e-05
80 85 16008088 0.00055648302 2907522.2 0.00010107308
85 90 17597764 0.00061174432 3370689 0.00011717397
90 95 19247814 0.00066910437 3781522.8 0.00013145563
95 100 20938410 0.00072787391 4174610.2 0.00014512037
100 105 22649874 0.00078736888 4716058 0.00016394252
105 110 24350396 0.00084648347 5297736.4 0.00018416318
110 115 26057998 0.00090584419 5887474.3 0.00020466401
115 120 27791792 0.0009661154 6590215.7 0.00022909314
120 125 29516274 0.0010260629 7221791.8 0.00025104838
125 130 31202074 0.0010846657 7836523.1 0.00027241805
130 135 32957612 0.0011456928 8422099.4 0.00029277421
135 140 34739244 0.001207627 9101677.8 0.00031639813
140 145 36558070 0.0012708542 9742232.2 0.00033866548
145 150 38301296 0.0013314533 10394709 0.00036134727
150 155 40078762 0.0013932426 11070218 0.00038482975
155 160 41875506 0.0014557021 11644649 0.00040479845
160 165 43587960 0.0015152315 12278136 0.00042682014
165 170 45337898 0.001576064 12908701 0.00044874021
170 175 47154060 0.0016391985 13537563 0.00047060109
175 180 48933326 0.0017010504 14330681 0.00049817198
180 185 50715870 0.0017630163 14909980 0.00051830992
185 190 52418678 0.0018222104 15314891 0.00053238567
190 195 54110690 0.0018810292 15836711 0.00055052551
195 200 55798340 0.0019396963 16500396 0.00057359695
