0 5 405740 1.1618127e-05 11591.951 3.3192872e-07
5 10 590582 1.6910969e-05 -22832.895 -6.5380657e-07
10 15 830030 2.3767422e-05 -32951.578 -9.4354912e-07
15 20 1160394 3.3227202e-05 -46001.666 -1.3172307e-06
20 25 1645330 4.711306e-05 -72579.063 -2.0782589e-06
25 30 2456608 7.0343529e-05 -90093.302 -2.5797689e-06
30 35 3850206 0.00011024839 -34682.663 -9.9311771e-07
35 40 5290904 0.00015150193 64768.611 1.8546112e-06
40 45 6683886 0.00019138916 127827.49 3.6602652e-06
45 50 8188852 0.00023448297 181070.34 5.184843e-06
50 55 9837124 0.00028168028 284306.6 8.1409527e-06
55 60 11635294 0.00033316982 375236.41 1.0744675e-05
60 65 13605214 0.00038957732 512012.2 1.4661169e-05
65 70 15674864 0.00044884054 629664.33 1.8030069e-05
70 75 17854792 0.0005112615 721084.22 2.0647824e-05
75 80 20174054 0.00057767221 917760.17 2.6279524e-05
80 85 22629224 0.00064797456 1055126.9 3.0212939e-05
85 90 25189402 0.00072128375 1168245 3.3452011e-05
90 95 27814842 0.00079646169 1338106.4 3.8315892e-05
95 100 30591456 0.0008759684 1465295.6 4.195788e-05
100 105 33489412 0.00095894967 1680363.3 4.8116218e-05
105 110 36454470 0.0010438524 1863507.4 5.3360441e-05
110 115 39487500 0.0011307014 1958847.1 5.6090438e-05
115 120 42590004 0.0012195398 2012782.3 5.7634841e-05
120 125 45787902 0.0013111097 2158207.5 6.1799007e-05
125 130 49035380 0.0014040993 2265686.6 6.4876608e-05
130 135 52336324 0.0014986199 2343010.8 6.7090742e-05
135 140 55740252 0.0015960894 2437636.7 6.9800297e-05
140 145 59225862 0.0016958978 2617794 7.4958995e-05
145 150 62811498 0.0017985704 2806351 8.0358215e-05
150 155 66405756 0.0019014899 2902850.4 8.312142e-05
155 160 70033212 0.00200536 2932913.3 8.3982251e-05
160 165 73718350 0.0021108817 2821271.4 8.0785451e-05
165 170 77384718 0.002215866 2855164.1 8.175595e-05
170 175 81094058 0.0023220808 3138334.6 8.9864371e-05
175 180 84829342 0.0024290385 3283202 9.4012564e-05
180 185 88599210 0.0025369864 3271244.7 9.3670172e-05
185 190 92393148 0.0026456236 3059723.8 8.7613397e-05
190 195 96192582 0.0027544182 2978856.6 8.5297811e-05
195 200 1.0001371e+08 0.002863834 2871040.3 8.2210556e-05
