0 5 342926 1.2291686e-05 -10607.262 -3.8020194e-07
5 10 500972 1.7956616e-05 -17049.872 -6.1112796e-07
10 15 692672 2.4827825e-05 -29573.603 -1.060023e-06
15 20 945256 3.3881332e-05 -22243.59 -7.9728927e-07
20 25 1322610 4.740704e-05 -7666.9645 -2.7481124e-07
25 30 1951440 6.9946541e-05 14515.069 5.2027161e-07
30 35 3005380 0.00010772349 99335.388 3.5605331e-06
35 40 4088004 0.00014652858 308517.62 1.1058367e-05
40 45 5095882 0.00018265451 493475.64 1.7687919e-05
45 50 6144234 0.00022023117 671489.07 2.4068553e-05
50 55 7304730 0.00026182747 841826.37 3.0174047e-05
55 60 8510596 0.00030504999 1077274.1 3.8613328e-05
60 65 9838956 0.00035266313 1342636.3 4.8124853e-05
65 70 11208712 0.00040176005 1750184 6.2732811e-05
70 75 12623402 0.00045246756 2073912.2 7.433638e-05
75 80 14068548 0.00050426673 2410031.6 8.6384094e-05
80 85 15582444 0.00055853014 2776413.5 9.9516523e-05
85 90 17143714 0.0006144916 3200384.6 0.00011471315
90 95 18764210 0.00067257593 3680446.2 0.00013192026
95 100 20383926 0.00073063231 4106533.9 0.00014719276
100 105 21986428 0.00078807167 4650773.4 0.00016670024
105 110 23620368 0.00084663788 5187805.4 0.00018594937
110 115 25284502 0.00090628636 5716388.2 0.00020489566
115 120 26989660 0.00096740528 6410119.6 0.00022976146
120 125 28635576 0.0010264008 7043704 0.00025247137
125 130 30354962 0.0010880297 7720688.5 0.0002767369
130 135 32090908 0.0011502521 8268637.5 0.00029637734
135 140 33748064 0.0012096505 8928752.4 0.0003200382
140 145 35493970 0.00127223 9559213.3 0.00034263616
145 150 37248940 0.0013351343 10151326 0.00036385956
150 155 38905890 0.0013945253 10686238 0.00038303274
155 160 40620582 0.0014559859 11237813 0.00040280314
160 165 42339342 0.0015175924 11906384 0.00042676711
165 170 44080616 0.0015800058 12370478 0.00044340186
170 175 45783516 0.0016410438 12847059 0.00046048423
175 180 47480838 0.0017018819 13482702 0.00048326794
180 185 49201732 0.0017635648 13970432 0.00050074989
185 190 50871826 0.0018234269 14400189 0.00051615392
190 195 52593832 0.0018851497 14826686 0.00053144109
195 200 54237762 0.001944074 15458046 0.00055407126
