0 5 412498 1.159017e-05 12889.155 3.6215327e-07
5 10 600204 1.6864243e-05 4235.7748 1.1901476e-07
10 15 848646 2.3844847e-05 -6865.5368 -1.9290455e-07
15 20 1188036 3.3380863e-05 -21892.32 -6.1511985e-07
20 25 1686912 4.7398041e-05 -28025.728 -7.8745342e-07
25 30 2517742 7.0742302e-05 -38128.194 -1.0713076e-06
30 35 3931762 0.00011047276 -15756.621 -4.4272194e-07
35 40 5414432 0.0001521321 110292.47 3.0989447e-06
40 45 6843084 0.00019227368 148088.48 4.1609189e-06
45 50 8377184 0.00023537808 258217.76 7.2552782e-06
50 55 10084660 0.00028335392 305125.9 8.5732807e-06
55 60 11902370 0.00033442706 403935.04 1.1349572e-05
60 65 13908822 0.00039080338 554118.72 1.5569361e-05
65 70 16018460 0.00045007897 670362.04 1.883551e-05
70 75 18304622 0.00051431445 738487.11 2.0749655e-05
75 80 20690504 0.00058135182 853738.5 2.3987933e-05
80 85 23199210 0.00065184023 984650.07 2.7666223e-05
85 90 25849094 0.00072629539 1202711.7 3.3793214e-05
90 95 28534798 0.00080175701 1289004.6 3.6217832e-05
95 100 31351092 0.00088088788 1463494.6 4.1120567e-05
100 105 34348658 0.00096511205 1477360.8 4.1510172e-05
105 110 37350840 0.0010494659 1719558.6 4.831533e-05
110 115 40461212 0.0011368596 1994679 5.604553e-05
115 120 43620226 0.0012256201 2138800.6 6.0094989e-05
120 125 46924874 0.0013184725 2172057.7 6.1029432e-05
125 130 50334158 0.0014142649 2281379.2 6.4101093e-05
130 135 53762470 0.001510592 2418095.9 6.7942494e-05
135 140 57222550 0.0016078117 2397674 6.7368688e-05
140 145 60815070 0.0017087525 2558822.7 7.1896568e-05
145 150 64472224 0.0018115095 2813874.2 7.9062882e-05
150 155 68203106 0.001916338 2755079.3 7.7410891e-05
155 160 71929514 0.0020210408 2717202.2 7.6346638e-05
160 165 75782372 0.0021292966 2724246 7.6544552e-05
165 170 79602524 0.0022366334 2765266.4 7.7697124e-05
170 175 83486380 0.0023457601 2900497.1 8.149677e-05
175 180 87427366 0.002456492 2961573.8 8.3212873e-05
180 185 91283898 0.002564851 2761351.5 7.7587126e-05
185 190 95277320 0.0026770563 2712693.4 7.6219953e-05
190 195 99217250 0.0027877585 2879899 8.0918014e-05
195 200 1.031659e+08 0.0028987059 2791458.7 7.8433062e-05
