0 5 407602 1.1514533e-05 9078.4806 2.564621e-07
5 10 601008 1.6978146e-05 -8145.2799 -2.3009969e-07
10 15 855444 2.4165824e-05 -40251.94 -1.1370952e-06
15 20 1190984 3.3644645e-05 -54122.349 -1.5289267e-06
20 25 1689362 4.772355e-05 -76545.087 -2.1623567e-06
25 30 2507420 7.083324e-05 -73846.831 -2.0861325e-06
30 35 3903362 0.00011026784 -33846.895 -9.5615621e-07
35 40 5377328 0.00015190657 61957.575 1.7502675e-06
40 45 6798580 0.00019205616 207206.89 5.8534809e-06
45 50 8340138 0.00023560432 205277.12 5.798966e-06
50 55 10019184 0.00028303645 337533.84 9.5351458e-06
55 60 11872780 0.00033539952 347725 9.8230405e-06
60 65 13879804 0.00039209685 437005.42 1.2345163e-05
65 70 16001666 0.00045203829 558935.19 1.5789612e-05
70 75 18271194 0.00051615121 716775.36 2.0248511e-05
75 80 20622754 0.00058258149 864436.34 2.4419852e-05
80 85 23120722 0.00065314772 1003818.3 2.8357318e-05
85 90 25741426 0.00072718117 1188256.7 3.3567601e-05
90 95 28498434 0.00080506513 1212729.2 3.4258936e-05
95 100 31341574 0.00088538228 1371429.4 3.8742128e-05
100 105 34226570 0.00096688183 1537588.9 4.3436044e-05
105 110 37199418 0.0010508632 1589539.9 4.4903631e-05
110 115 40326390 0.0011391984 1698611.7 4.7984849e-05
115 120 43545934 0.0012301488 1709252.4 4.8285442e-05
120 125 46819712 0.0013226312 1955881.3 5.5252574e-05
125 130 50203224 0.0014182135 1977854.1 5.5873293e-05
130 135 53630128 0.0015150217 2117826.5 5.9827438e-05
135 140 57142608 0.0016142473 2234677.2 6.3128404e-05
140 145 60671584 0.001713939 2312458 6.5325671e-05
145 150 64273600 0.0018156939 2283829 6.4516916e-05
150 155 67889036 0.001917828 2286344.4 6.4587976e-05
155 160 71689254 0.0020251821 2160535.2 6.1033936e-05
160 165 75494892 0.0021326893 2109886.9 5.9603146e-05
165 170 79330994 0.0022410571 2345687.2 6.6264376e-05
170 175 83197600 0.0023502866 2261099.2 6.3874813e-05
175 180 87066314 0.0024595756 2288846.9 6.465867e-05
180 185 90897564 0.0025678063 2383668 6.7337313e-05
185 190 94741708 0.0026764013 2351868.3 6.6438988e-05
190 195 98760428 0.0027899279 2296209.8 6.4866668e-05
195 200 1.0266023e+08 0.0029000953 2312049.6 6.5314133e-05
