0 5 404834 1.1597769e-05 7844.6236 2.2473442e-07
5 10 595164 1.7050383e-05 -6375.8306 -1.8265613e-07
10 15 839114 2.4039113e-05 -16834.581 -4.822806e-07
15 20 1167728 3.3453316e-05 -19025.044 -5.4503343e-07
20 25 1657144 4.7474207e-05 -40008.196 -1.1461632e-06
25 30 2460750 7.049608e-05 -61282.896 -1.7556452e-06
30 35 3840904 0.00011003502 -11321.413 -3.243382e-07
35 40 5307768 0.00015205805 78198.163 2.2402373e-06
40 45 6722792 0.00019259595 152497.5 4.3687801e-06
45 50 8229890 0.00023577161 130564.99 3.740453e-06
50 55 9861952 0.00028252726 315584.98 9.0409444e-06
55 60 11659956 0.00033403685 428856.21 1.2285962e-05
60 65 13596720 0.00038952167 544005.06 1.5584771e-05
65 70 15724618 0.00045048214 602118 1.7249602e-05
70 75 17953168 0.00051432611 687737.52 1.9702448e-05
75 80 20263536 0.00058051401 795943.18 2.2802347e-05
80 85 22712218 0.00065066436 998759.49 2.861267e-05
85 90 25295490 0.00072467048 1081369.7 3.0979304e-05
90 95 27929358 0.00080012608 1102497.4 3.1584576e-05
95 100 30776930 0.00088170392 1317342.5 3.7739503e-05
100 105 33696796 0.00096535285 1498639.4 4.2933334e-05
105 110 36667152 0.0010504482 1599066.6 4.5810395e-05
110 115 39768934 0.0011393087 1687196.9 4.8335168e-05
115 120 42900922 0.0012290346 1724173.9 4.9394493e-05
120 125 46140794 0.0013218511 1933223.1 5.5383378e-05
125 130 49398940 0.0014151912 2104573.7 6.0292266e-05
130 135 52758842 0.0015114463 2205177.8 6.3174396e-05
135 140 56188388 0.0016096967 2212466.1 6.338319e-05
140 145 59678402 0.0017096793 1918168.1 5.4952079e-05
145 150 63283976 0.0018129726 1885942.8 5.4028883e-05
150 155 66971854 0.0019186237 2087530 5.9803997e-05
155 160 70632612 0.0020234978 2293808.6 6.5713508e-05
160 165 74327486 0.0021293493 2254574.4 6.4589518e-05
165 170 78060936 0.002236306 2270120.7 6.5034893e-05
170 175 81839978 0.0023445688 2200430.4 6.3038391e-05
175 180 85616902 0.0024527709 1846040.7 5.2885761e-05
180 185 89474062 0.0025632716 1597260.1 4.5758641e-05
185 190 93380952 0.002675197 1661643.5 4.7603111e-05
190 195 97196098 0.0027844941 1662059.5 4.7615026e-05
195 200 1.0119515e+08 0.0028990597 1870116.5 5.3575488e-05
