0 5 417882 1.1818502e-05 3083.9609 8.7220307e-08
5 10 606868 1.7163387e-05 -14529.615 -4.1092528e-07
10 15 853318 2.4133464e-05 -34237.014 -9.6828818e-07
15 20 1183962 3.3484708e-05 -39055.579 -1.1045664e-06
20 25 1671482 4.7272705e-05 -56773.043 -1.6056501e-06
25 30 2491150 7.0454483e-05 -77260.494 -2.1850744e-06
30 35 3876152 0.00010962499 -36006.232 -1.0183251e-06
35 40 5336356 0.00015092235 43884.05 1.2411248e-06
40 45 6755064 0.00019104612 201713.12 5.7048326e-06
45 50 8318584 0.00023526545 305247.23 8.632975e-06
50 55 9997490 0.00028274812 365623.7 1.0340537e-05
55 60 11828680 0.00033453768 425709.21 1.203987e-05
60 65 13797490 0.00039021939 468146.73 1.3240084e-05
65 70 15895794 0.00044956343 645262.46 1.8249256e-05
70 75 18161264 0.00051363525 801277.53 2.266166e-05
75 80 20531562 0.00058067181 986350.31 2.7895872e-05
80 85 23051624 0.00065194398 1115321 3.1543411e-05
85 90 25670674 0.00072601572 1152420.9 3.2592667e-05
90 95 28363736 0.00080218066 1189692 3.3646762e-05
95 100 31181262 0.00088186568 1432250.8 4.0506789e-05
100 105 34112466 0.00096476573 1696194.3 4.7971616e-05
105 110 37172380 0.0010513059 1844393.3 5.2162969e-05
110 115 40343312 0.001140986 1955796.9 5.5313675e-05
115 120 43538078 0.0012313401 2044997.2 5.7836428e-05
120 125 46847298 0.0013249311 2198195.7 6.2169176e-05
125 130 50167752 0.0014188399 2331332.1 6.5934528e-05
130 135 53574996 0.0015152033 2594328 7.3372554e-05
135 140 57045672 0.0016133606 2772144.6 7.8401547e-05
140 145 60547724 0.0017124053 2939194.7 8.3126045e-05
145 150 64229008 0.0018165191 2911885 8.2353674e-05
150 155 67969276 0.001922301 3057510.5 8.6472239e-05
155 160 71716844 0.0020282894 3162563 8.9443327e-05
160 165 75468322 0.0021343884 3342822 9.4541393e-05
165 170 79244232 0.0022411783 3315966.2 9.3781861e-05
170 175 83192232 0.0023528353 3521642.3 9.9598776e-05
175 180 87052298 0.0024620054 3590813.4 0.00010155507
180 185 90929534 0.002571661 3493760.6 9.8810227e-05
185 190 94863812 0.0026829299 3513565.9 9.937036e-05
190 195 98834046 0.0027952157 3386973.4 9.5790082e-05
195 200 1.0289669e+08 0.0029101152 3658908 0.00010348091
