0 5 408304 1.1741253e-05 17774.092 5.1111455e-07
5 10 597854 1.7191983e-05 1276.3643 3.670333e-08
10 15 836444 2.4052914e-05 -7090.1355 -2.0388504e-07
15 20 1155906 3.3239413e-05 -27500.922 -7.9082079e-07
20 25 1639774 4.7153596e-05 -43366.925 -1.247066e-06
25 30 2448970 7.0422962e-05 -70669.82 -2.0321923e-06
30 35 3816276 0.00010974143 -32171.246 -9.2512135e-07
35 40 5262218 0.00015132116 69935.64 2.0110801e-06
40 45 6641788 0.00019099229 166215.59 4.7797213e-06
45 50 8166134 0.00023482662 251882.32 7.2431672e-06
50 55 9797798 0.000281747 343899.48 9.8892269e-06
55 60 11592588 0.00033335826 410577.63 1.1806634e-05
60 65 13515426 0.00038865169 507207.93 1.458535e-05
65 70 15571802 0.00044778516 629984.59 1.8115935e-05
70 75 17787818 0.00051150926 834252.1 2.3989883e-05
75 80 20074204 0.00057725693 906552.64 2.6068969e-05
80 85 22510560 0.00064731716 961013.38 2.763505e-05
85 90 25024920 0.00071962049 1079610.7 3.1045452e-05
90 95 27655130 0.00079525521 1257416.3 3.615846e-05
95 100 30473878 0.00087631157 1374151.8 3.9515324e-05
100 105 33371214 0.00095962781 1636663 4.7064134e-05
105 110 36280000 0.0010432733 1739045.1 5.0008252e-05
110 115 39248482 0.0011286354 1811336 5.208706e-05
115 120 42256944 0.0012151472 1886315 5.4243168e-05
120 125 45411088 0.0013058483 2077544.9 5.9742205e-05
125 130 48717664 0.0014009327 2249636.6 6.4690898e-05
130 135 52059112 0.0014970199 2283762.9 6.567224e-05
135 140 55449434 0.0015945125 2427034.4 6.9792177e-05
140 145 58831284 0.0016917615 2466356.6 7.0922935e-05
145 150 62310160 0.0017918006 2664444.6 7.6619182e-05
150 155 65898766 0.0018949952 2905141.5 8.3540699e-05
155 160 69522906 0.0019992115 2840069.5 8.166948e-05
160 165 73189196 0.0021046399 2879064 8.279081e-05
165 170 76859098 0.0022101722 2660107.1 7.6494453e-05
170 175 80539446 0.0023160048 2780471.7 7.9955675e-05
175 180 84198778 0.0024212331 3032665 8.7207784e-05
180 185 87961526 0.0025294353 2926008.4 8.4140753e-05
185 190 91816184 0.0026402805 3035702.6 8.7295137e-05
190 195 95632634 0.0027500269 3067775.7 8.8217434e-05
195 200 99513940 0.0028616383 2917537.6 8.3897165e-05
