0 5 341548 1.2454186e-05 -8569.0182 -3.1246017e-07
5 10 497208 1.8130163e-05 -18983.448 -6.9221132e-07
10 15 685700 2.5003324e-05 -12281.232 -4.478221e-07
15 20 935018 3.4094441e-05 -15236.49 -5.5558247e-07
20 25 1293880 4.7179963e-05 -9221.5438 -3.3625383e-07
25 30 1895784 6.9127755e-05 15362.846 5.6018989e-07
30 35 2927822 0.00010675993 114832.4 4.1872417e-06
35 40 3978402 0.00014506821 291956.36 1.0645879e-05
40 45 4967784 0.00018114498 433285.73 1.5799305e-05
45 50 6013020 0.0002192584 617885.42 2.2530537e-05
50 55 7152908 0.00026082321 853535.04 3.1123251e-05
55 60 8359664 0.00030482629 1098704.9 4.0063109e-05
60 65 9597252 0.00034995363 1405416.3 5.1247018e-05
65 70 10882084 0.00039680366 1679165.6 6.1228996e-05
70 75 12285052 0.00044796141 2007774.4 7.3211366e-05
75 80 13712194 0.00050000063 2352601.8 8.5785132e-05
80 85 15209322 0.00055459181 2729984.9 9.9546007e-05
85 90 16714144 0.00060946355 3181725.2 0.00011601824
90 95 18259062 0.00066579735 3562925.6 0.00012991831
95 100 19839630 0.00072343109 4061651.1 0.0001481038
100 105 21411824 0.00078075948 4486443.3 0.0001635934
105 110 23052518 0.00084058565 5083269.2 0.00018535603
110 115 24715982 0.0009012421 5758549.4 0.0002099794
115 120 26392400 0.0009623709 6378455.5 0.00023258362
120 125 28030562 0.0010221047 7025842.9 0.00025618992
125 130 29646668 0.0010810343 7720710.6 0.00028152753
130 135 31259370 0.0011398398 8263413.6 0.00030131662
135 140 32940004 0.0012011223 8910269.8 0.00032490355
140 145 34626440 0.0012626165 9605751.1 0.00035026354
145 150 36285812 0.0013231237 10276644 0.00037472692
150 155 37970954 0.0013845706 10948703 0.00039923286
155 160 39688998 0.0014472173 11509933 0.0004196975
160 165 41387994 0.0015091694 12101282 0.00044126043
165 170 43067938 0.0015704267 12774793 0.00046581931
170 175 44747366 0.0016316653 13362462 0.00048724801
175 180 46400240 0.0016919356 13878455 0.00050606316
180 185 48030860 0.0017513944 14393979 0.00052486119
185 190 49652606 0.0018105297 14843054 0.00054123625
190 195 51357350 0.0018726914 15376268 0.00056067931
195 200 52991784 0.0019322893 15953321 0.00058172094
