0 5 416270 1.1604076e-05 12436.463 3.4668284e-07
5 10 603042 1.6810593e-05 -10965.404 -3.0567513e-07
10 15 858790 2.3939906e-05 -26915.733 -7.5031163e-07
15 20 1190372 3.3183193e-05 -61209.024 -1.7062824e-06
20 25 1691676 4.7157704e-05 -82454.194 -2.2985196e-06
25 30 2536964 7.0721224e-05 -110215.9 -3.0724138e-06
30 35 3964570 0.00011051763 -49440.747 -1.3782262e-06
35 40 5457880 0.00015214562 71124.464 1.9826884e-06
40 45 6888996 0.00019203987 168004.23 4.68334e-06
45 50 8431970 0.00023505231 258112.72 7.1952332e-06
50 55 10119000 0.0002820805 267442.19 7.4553044e-06
55 60 11957566 0.00033333295 343468.74 9.5746449e-06
60 65 13958574 0.0003891137 551831.79 1.538304e-05
65 70 16150922 0.00045022829 711645.27 1.9838052e-05
70 75 18459312 0.00051457772 835691.47 2.3296004e-05
75 80 20862628 0.00058157333 1015676.5 2.8313326e-05
80 85 23386216 0.00065192168 1103770.6 3.0769064e-05
85 90 26008394 0.00072501835 1222300.3 3.4073237e-05
90 95 28733450 0.00080098289 1311680.2 3.656482e-05
95 100 31603978 0.00088100265 1565237.9 4.3633075e-05
100 105 34572102 0.00096374303 1764300 4.9182194e-05
105 110 37627532 0.0010489172 1740891.7 4.8529657e-05
110 115 40740920 0.001135707 1757733.5 4.8999144e-05
115 120 43938238 0.0012248364 1870889.3 5.2153512e-05
120 125 47295892 0.0013184355 2095771.4 5.8422399e-05
125 130 50751104 0.0014147541 2328707.5 6.4915799e-05
130 135 54164744 0.0015099138 2356344.1 6.5686205e-05
135 140 57687570 0.0016081172 2539481.6 7.0791405e-05
140 145 61263468 0.0017078001 2595387 7.2349841e-05
145 150 64968668 0.0018110875 2547938.5 7.1027153e-05
150 155 68663344 0.0019140815 2643000.8 7.367714e-05
155 160 72346090 0.0020167429 2737949.9 7.632397e-05
160 165 76174196 0.0021234564 2941183.1 8.1989366e-05
165 170 79968746 0.0022292345 2779012 7.7468633e-05
170 175 83838750 0.0023371159 2979142.1 8.3047522e-05
175 180 87792104 0.0024473209 3194937.9 8.9063116e-05
180 185 91696656 0.0025561655 3050566 8.5038559e-05
185 190 95613788 0.0026653607 3037810.9 8.4682994e-05
190 195 99616942 0.0027769539 2981543 8.3114451e-05
195 200 1.0362842e+08 0.0028887792 2905245.1 8.0987547e-05
