0 5 347454 1.232922e-05 -5797.9756 -2.0573808e-07
5 10 504272 1.7893824e-05 -10767.91 -3.8209356e-07
10 15 697820 2.4761771e-05 -10067.834 -3.5725174e-07
15 20 954288 3.3862402e-05 378.55774 1.343292e-08
20 25 1327664 4.7111451e-05 -7545.2223 -2.677382e-07
25 30 1946030 6.9053839e-05 17570.902 6.2349409e-07
30 35 3009138 0.00010677766 118355.15 4.1997696e-06
35 40 4105014 0.00014566424 271863.12 9.6469181e-06
40 45 5124876 0.0001818535 501915.6 1.7810208e-05
45 50 6185894 0.00021950316 675061.61 2.3954202e-05
50 55 7346436 0.00026068437 935611.65 3.3199681e-05
55 60 8575602 0.00030430067 1163994 4.1303708e-05
60 65 9913202 0.0003517647 1434737.4 5.0910893e-05
65 70 11281330 0.00040031199 1761580.7 6.2508752e-05
70 75 12709230 0.00045098026 2068192 7.3388691e-05
75 80 14159166 0.00050243047 2422444.6 8.5959158e-05
80 85 15679596 0.00055638212 2819596.5 0.00010005188
85 90 17279304 0.00061314691 3365724.5 0.00011943094
90 95 18888738 0.00067025682 3784135 0.00013427802
95 100 20538436 0.00072879547 4357226.6 0.00015461387
100 105 22183890 0.00078718353 4770916.2 0.00016929342
105 110 23803770 0.00084466411 5307178.7 0.00018832241
110 115 25453328 0.0009031978 5897049.1 0.00020925365
115 120 27213142 0.00096564386 6525475.3 0.00023155302
120 125 28889156 0.0010251163 7187286.7 0.00025503704
125 130 30590032 0.001085471 7867836 0.00027918597
130 135 32323792 0.0011469926 8432967.7 0.00029923937
135 140 34021290 0.0012072274 9246418.1 0.00032810423
140 145 35702580 0.0012668871 9901147.3 0.00035133694
145 150 37450718 0.0013289188 10644879 0.00037772785
150 155 39114744 0.0013879659 11286977 0.00040051237
155 160 40822308 0.0014485579 11905278 0.00042245246
160 165 42549016 0.0015098292 12493031 0.00044330857
165 170 44222522 0.0015692127 13081394 0.00046418632
170 175 46010428 0.0016326556 13788641 0.0004892826
175 180 47703704 0.0016927406 14358630 0.00050950834
180 185 49417246 0.0017535447 14974048 0.00053134614
185 190 51058422 0.0018117809 15525155 0.00055090185
190 195 52677862 0.0018692459 16241520 0.00057632168
195 200 54376434 0.0019295188 16833776 0.00059733757
