0 5 339836 1.2398197e-05 -8444.7225 -3.0808783e-07
5 10 496160 1.8101348e-05 -28490.378 -1.0394112e-06
10 15 686920 2.5060823e-05 -24114.195 -8.7975537e-07
15 20 936706 3.4173737e-05 -23886.246 -8.7143914e-07
20 25 1312250 4.7874665e-05 -18914.814 -6.9006697e-07
25 30 1918600 6.9996062e-05 10190.639 3.7178392e-07
30 35 2945598 0.00010746391 114541.91 4.1788191e-06
35 40 3991996 0.00014563953 300003.29 1.0944985e-05
40 45 4967004 0.00018121063 463201.52 1.6898927e-05
45 50 6033814 0.00022013094 650405.02 2.3728651e-05
50 55 7161692 0.00026127918 863580.33 3.1505901e-05
55 60 8372310 0.00030544602 1157942.3 4.2245075e-05
60 65 9626254 0.00035119351 1423523.6 5.1934245e-05
65 70 10978776 0.00040053741 1684154.7 6.1442822e-05
70 75 12384476 0.0004518214 1985663.6 7.2442734e-05
75 80 13851098 0.000505328 2328303.4 8.4943223e-05
80 85 15344066 0.00055979578 2698495 9.8448879e-05
85 90 16879980 0.00061583036 3122153.1 0.00011390515
90 95 18502764 0.0006750342 3566706.5 0.00013012374
95 100 20085460 0.00073277551 3970890.1 0.00014486953
100 105 21693756 0.00079145079 4441871.2 0.00016205227
105 110 23312500 0.00085050724 5037925.5 0.00018379805
110 115 24969116 0.00091094537 5519501.9 0.00020136735
115 120 26658922 0.00097259436 6025429.9 0.00021982506
120 125 28321440 0.0010332478 6683159.7 0.00024382094
125 130 30025436 0.0010954145 7311477.4 0.00026674378
130 135 31720018 0.0011572377 8020283.6 0.00029260308
135 140 33387930 0.001218088 8837446.3 0.00032241553
140 145 35041452 0.0012784132 9405109.4 0.00034312552
145 150 36758682 0.0013410627 10004757 0.00036500238
150 155 38528488 0.0014056304 10789755 0.00039364138
155 160 40212628 0.0014670727 11458583 0.00041804215
160 165 41932412 0.0015298153 11999256 0.00043776745
165 170 43645018 0.0015922961 12658445 0.00046181659
170 175 45359984 0.001654863 13342836 0.00048678515
175 180 47054948 0.0017167002 13828696 0.00050451073
180 185 48751472 0.0017785943 14264754 0.00052041938
185 190 50440198 0.0018402039 14700541 0.00053631812
190 195 52112794 0.001901225 15311011 0.00055858983
195 200 53732082 0.0019603013 15881866 0.00057941626
