0 5 346980 1.2297013e-05 -4939.6112 -1.7506042e-07
5 10 506830 1.7962116e-05 -18668.051 -6.6159796e-07
10 15 699864 2.4803264e-05 -20478.067 -7.2574516e-07
15 20 952734 3.3765008e-05 -12116.667 -4.2941612e-07
20 25 1331320 4.7182141e-05 1780.4476 6.3099278e-08
25 30 1948726 6.9063084e-05 52034.015 1.8440918e-06
30 35 3006186 0.00010653959 144046.38 5.105021e-06
35 40 4097690 0.00014522263 294181.1 1.0425814e-05
40 45 5120716 0.00018147879 463996.89 1.6444106e-05
45 50 6174582 0.00021882793 635661.74 2.2527929e-05
50 55 7326524 0.00025965289 886562.08 3.1419867e-05
55 60 8568296 0.00030366144 1098891.6 3.8944852e-05
60 65 9856586 0.00034931859 1361619.8 4.8255969e-05
65 70 11236278 0.00039821504 1691960.6 5.9963288e-05
70 75 12691102 0.00044977418 2105259.8 7.4610659e-05
75 80 14184650 0.0005027057 2449759.2 8.6819761e-05
80 85 15725172 0.00055730199 2895792.1 0.00010262722
85 90 17269506 0.00061203337 3250476.6 0.00011519728
90 95 18880946 0.000669143 3631635 0.00012870558
95 100 20489782 0.00072616034 4212147.7 0.00014927902
100 105 22141240 0.00078468821 4743499.2 0.00016811018
105 110 23812388 0.0008439139 5358139.7 0.00018989311
110 115 25527648 0.00090470292 5946720.7 0.0002107525
115 120 27219314 0.00096465576 6468036 0.00022922797
120 125 28906794 0.0010244603 7104515.3 0.00025178488
125 130 30601854 0.0010845334 7722970.7 0.00027370301
130 135 32334042 0.0011459223 8468756.4 0.00030013375
135 140 34034974 0.0012062036 9284526 0.00032904472
140 145 35725522 0.0012661168 9905118.6 0.00035103859
145 150 37482534 0.0013283855 10597779 0.00037558657
150 155 39169702 0.001388179 11143104 0.00039491294
155 160 40829488 0.001447002 11873241 0.00042078907
160 165 42582930 0.0015091442 12684284 0.00044953256
165 170 44350992 0.0015718045 13244761 0.00046939593
170 175 46093814 0.0016335703 14033641 0.00049735394
175 180 47831130 0.001695141 14687897 0.00052054083
180 185 49529316 0.0017553249 15095335 0.00053498048
185 190 51268964 0.0018169783 15657922 0.00055491863
190 195 52975408 0.0018774548 16227708 0.00057511193
195 200 54670548 0.0019375308 16831229 0.00059650078
