0 5 344552 1.2222167e-05 -4210.9841 -1.493747e-07
5 10 505604 1.7935105e-05 -17554.761 -6.2271362e-07
10 15 700358 2.4843543e-05 -20015.279 -7.0999466e-07
15 20 954724 3.3866575e-05 -20670.771 -7.332467e-07
20 25 1325188 4.7007909e-05 -7733.804 -2.743384e-07
25 30 1941844 6.8882321e-05 51218.691 1.8168619e-06
30 35 3002460 0.00010650516 169815.45 6.0238012e-06
35 40 4101962 0.0001455074 337305.9 1.1965129e-05
40 45 5114696 0.00018143174 485176.66 1.7210494e-05
45 50 6189856 0.00021957049 646741.95 2.294164e-05
50 55 7327224 0.00025991593 839669.25 2.978528e-05
55 60 8545858 0.00030314409 1099231.2 3.8992625e-05
60 65 9826186 0.0003485607 1379070.3 4.8919254e-05
65 70 11198012 0.00039722298 1717764.6 6.0933633e-05
70 75 12599668 0.00044694341 2091338.1 7.418527e-05
75 80 14074732 0.00049926781 2420665.8 8.5867392e-05
80 85 15609250 0.00055370121 2822907.4 0.00010013596
85 90 17162568 0.00060880149 3277434.1 0.00011625922
90 95 18742974 0.00066486265 3674314.1 0.0001303376
95 100 20396650 0.00072352289 4298592 0.00015248238
100 105 22024662 0.00078127277 4821468.6 0.00017103019
105 110 23649342 0.00083890445 5274458 0.00018709892
110 115 25334534 0.00089868264 5842694.2 0.00020725575
115 120 27050924 0.00095956752 6565917.3 0.00023291038
120 125 28735900 0.0010193381 7168702 0.00025429274
125 130 30456622 0.0010803766 7864797.8 0.00027898509
130 135 32175132 0.0011413367 8552114.1 0.00030336601
135 140 33908240 0.0012028146 9151322.3 0.00032462151
140 145 35660996 0.0012649894 9692207.4 0.00034380812
145 150 37363770 0.0013253913 10356851 0.00036738478
150 155 39036790 0.0013847378 11020091 0.00039091163
155 160 40798854 0.0014472428 11867318 0.00042096502
160 165 42537274 0.0015089091 12495195 0.00044323747
165 170 44278356 0.0015706699 13060878 0.00046330376
170 175 45999486 0.0016317229 13599575 0.00048241276
175 180 47694560 0.0016918517 14252939 0.00050558928
180 185 49438716 0.0017537215 14731972 0.00052258183
185 190 51123672 0.0018134913 15261770 0.00054137516
190 195 52826488 0.0018738947 15942202 0.0005655119
195 200 54487804 0.0019328259 16528474 0.0005863085
