0 5 411674 1.1776823e-05 11815.432 3.3800593e-07
5 10 602106 1.7224542e-05 -7550.6584 -2.1600288e-07
10 15 848884 2.4284159e-05 -27909.096 -7.9839995e-07
15 20 1181424 3.3797184e-05 -35889.051 -1.0266838e-06
20 25 1678406 4.8014427e-05 -74327.492 -2.1262984e-06
25 30 2492780 7.1311353e-05 -65139.981 -1.8634698e-06
30 35 3886894 0.00011119299 -26011.504 -7.4411524e-07
35 40 5368280 0.00015357124 103910.1 2.9725727e-06
40 45 6778098 0.00019390213 196693 5.6268279e-06
45 50 8338756 0.00023854812 277976.68 7.9521231e-06
50 55 10046142 0.00028739158 330169.41 9.4452088e-06
55 60 11902782 0.00034050477 402842.07 1.1524167e-05
60 65 13872010 0.00039683879 477049.43 1.3647029e-05
65 70 15985870 0.00045731032 517950.78 1.48171e-05
70 75 18238530 0.00052175252 629807.37 1.8016999e-05
75 80 20580712 0.0005887557 736653.58 2.1073566e-05
80 85 23042988 0.00065919442 831177.85 2.3777637e-05
85 90 25720296 0.00073578459 1018532 2.9137305e-05
90 95 28511996 0.0008156472 1142640.5 3.2687697e-05
95 100 31335996 0.00089643381 1375270.5 3.9342582e-05
100 105 34284684 0.0009807874 1336612.1 3.8236674e-05
105 110 37309756 0.0010673261 1480393.7 4.2349858e-05
110 115 40381498 0.0011551999 1573644.6 4.5017501e-05
115 120 43514150 0.0012448162 1769027.2 5.0606842e-05
120 125 46818440 0.0013393425 1847968.8 5.2865138e-05
125 130 50219078 0.0014366251 2017484.9 5.7714511e-05
130 135 53648692 0.0015347367 2102051.9 6.0133733e-05
135 140 57165316 0.0016353373 2310698.1 6.6102506e-05
140 145 60790132 0.001739033 2358620.6 6.7473434e-05
145 150 64325456 0.0018401685 2341236.1 6.6976114e-05
150 155 68064048 0.001947119 2357752.4 6.7448599e-05
155 160 71798264 0.0020539443 2391913.7 6.8425854e-05
160 165 75513912 0.0021602385 2583020.2 7.389287e-05
165 170 79256508 0.0022673035 2752862.9 7.8751587e-05
170 175 83055924 0.002375994 2896057.5 8.2847976e-05
175 180 86965714 0.002487842 2837423.9 8.1170636e-05
180 185 90791610 0.00259729 2759791.6 7.8949796e-05
185 190 94716040 0.0027095568 2708083.4 7.7470572e-05
190 195 98580954 0.002820121 2575519.5 7.3678295e-05
195 200 1.0253435e+08 0.0029332163 2717643.3 7.7744054e-05
