0 5 344624 1.2497128e-05 -4453.533 -1.6149883e-07
5 10 497458 1.803936e-05 -17689.232 -6.4146605e-07
10 15 685634 2.4863201e-05 -27303.409 -9.9010574e-07
15 20 939520 3.406989e-05 -14116.121 -5.1189403e-07
20 25 1304512 4.7305625e-05 -11396.617 -4.1327644e-07
25 30 1920290 6.9635632e-05 21109.422 7.6549267e-07
30 35 2966038 0.00010755768 141433.91 5.1288293e-06
35 40 4039076 0.00014646934 305244.76 1.1069116e-05
40 45 5026806 0.00018228747 468036.15 1.6972433e-05
45 50 6068906 0.00022007723 690234.62 2.5030034e-05
50 55 7235836 0.00026239371 900497.08 3.2654799e-05
55 60 8441516 0.00030611538 1164540.8 4.2229837e-05
60 65 9721440 0.00035252937 1411335.1 5.1179361e-05
65 70 11049032 0.00040067194 1738619.7 6.3047708e-05
70 75 12425874 0.00045060048 2043625.3 7.4108148e-05
75 80 13858934 0.00050256765 2412857.6 8.7497651e-05
80 85 15377352 0.00055763016 2850812.5 0.00010337925
85 90 16914496 0.00061337174 3282333.4 0.00011902752
90 95 18463714 0.00066955116 3715432 0.00013473301
95 100 20099066 0.00072885406 4086075.1 0.00014817367
100 105 21742906 0.00078846477 4617423.8 0.00016744202
105 110 23401456 0.0008486089 5220881.2 0.00018932524
110 115 25026436 0.00090753568 5775967.2 0.00020945437
115 120 26670326 0.0009671482 6252517.9 0.00022673556
120 125 28290346 0.0010258951 6861827.4 0.000248831
125 130 29972956 0.0010869117 7530471.5 0.0002730781
130 135 31649762 0.0011477179 8223207.2 0.00029819883
135 140 33357718 0.0012096536 8876953 0.00032190567
140 145 35027910 0.0012702199 9481626.6 0.000343833
145 150 36682212 0.00133021 10135453 0.00036754275
150 155 38395380 0.0013923348 10675977 0.00038714381
155 160 40078096 0.0014533552 11319369 0.00041047518
160 165 41722040 0.0015129697 11988128 0.00043472647
165 170 43359122 0.0015723354 12574394 0.00045598628
170 175 45029456 0.0016329068 13151355 0.00047690866
175 180 46714596 0.0016940152 13729788 0.00049788443
180 185 48325426 0.0017524288 14236884 0.00051627328
185 190 49958944 0.0018116652 14728258 0.000534092
190 195 51685668 0.0018742816 15362719 0.00055709953
195 200 53314496 0.0019333479 15692201 0.00056904757
