0 5 416482 1.1609741e-05 6838.1467 1.9061835e-07
5 10 609834 1.699957e-05 -17572.922 -4.8985809e-07
10 15 862602 2.4045663e-05 -29021.73 -8.0900198e-07
15 20 1189908 3.3169557e-05 -50499.17 -1.4077014e-06
20 25 1691396 4.7148903e-05 -67531.566 -1.8824919e-06
25 30 2530036 7.0526607e-05 -86735.66 -2.4178201e-06
30 35 3940766 0.00010985174 -54776.278 -1.5269289e-06
35 40 5409854 0.00015080364 49111.091 1.3690077e-06
40 45 6836774 0.00019058009 149901.99 4.1786279e-06
45 50 8398826 0.00023412343 258109.58 7.1949938e-06
50 55 10094758 0.00028139878 398660.72 1.111296e-05
55 60 11960850 0.00033341746 402932.8 1.1232047e-05
60 65 13943710 0.00038869113 517100.46 1.4414554e-05
65 70 16102052 0.0004488565 660574.49 1.8413998e-05
70 75 18318390 0.00051063854 723761.83 2.0175391e-05
75 80 20698248 0.00057697883 861895.6 2.4025971e-05
80 85 23256694 0.00064829739 1147244.5 3.1980281e-05
85 90 25918240 0.00072248993 1230938.8 3.4313322e-05
90 95 28656638 0.00079882478 1298766 3.6204053e-05
95 100 31559470 0.00087974335 1451787.9 4.0469651e-05
100 105 34463120 0.00096068472 1527095.8 4.2568914e-05
105 110 37510460 0.0010456316 1643219.6 4.5805949e-05
110 115 40689600 0.0011342524 1881769.8 5.2455711e-05
115 120 43921376 0.0012243405 2030756.3 5.660882e-05
120 125 47180110 0.0013151801 2132886.6 5.9455778e-05
125 130 50560086 0.0014093994 2174127.6 6.0605401e-05
130 135 53993816 0.0015051172 2272102.2 6.3336513e-05
135 140 57610178 0.0016059259 2474213.2 6.8970506e-05
140 145 61224490 0.0017066775 2504653.2 6.9819044e-05
145 150 64988024 0.0018115888 2637546.3 7.3523536e-05
150 155 68623818 0.0019129392 2803306.6 7.8144224e-05
155 160 72348172 0.0020167583 2750976.1 7.6685474e-05
160 165 76161530 0.0021230585 2865710.5 7.988378e-05
165 170 79985876 0.0022296649 3055960.3 8.5187132e-05
170 175 83900762 0.0023387952 3115451 8.684548e-05
175 180 87867948 0.0024493834 3189902.8 8.8920877e-05
180 185 91871668 0.0025609901 3216281.1 8.9656193e-05
185 190 95813344 0.0026708672 3226786.1 8.9949026e-05
190 195 99882780 0.0027843057 3185596.3 8.8800832e-05
195 200 1.0386857e+08 0.0028954124 3335843.9 9.2989092e-05
