0 5 347108 1.2526936e-05 -4288.6972 -1.5477671e-07
5 10 504494 1.8206909e-05 -15363.15 -5.5444759e-07
10 15 699724 2.5252652e-05 -23908.501 -8.6284457e-07
15 20 944986 3.4104022e-05 -35557.068 -1.2832349e-06
20 25 1308036 4.7206295e-05 -24568.06 -8.8664767e-07
25 30 1926018 6.9508923e-05 -2773.1783 -1.0008247e-07
30 35 2972192 0.00010726476 134678.16 4.8604603e-06
35 40 4051046 0.00014620001 322961.22 1.1655491e-05
40 45 5079340 0.00018331057 511600.68 1.8463385e-05
45 50 6140242 0.00022159793 740085.8 2.6709287e-05
50 55 7275644 0.00026257396 897517.93 3.2390925e-05
55 60 8507106 0.00030701675 1102599.1 3.9792192e-05
60 65 9817356 0.00035430294 1358280.1 4.9019575e-05
65 70 11173140 0.00040323244 1750930.7 6.3190118e-05
70 75 12573168 0.00045375867 2169871.3 7.8309454e-05
75 80 14024580 0.00050613933 2556244.1 9.2253435e-05
80 85 15524342 0.00056026491 2865013 0.00010339673
85 90 17086446 0.00061664038 3198532.3 0.00011543326
90 95 18710628 0.00067525621 3580873.4 0.00012923174
95 100 20349846 0.00073441468 4211031.1 0.00015197378
100 105 21990432 0.00079362252 4814203.3 0.00017374193
105 110 23655674 0.00085372018 5352053.4 0.00019315264
110 115 25332922 0.00091425113 5865403.2 0.00021167915
115 120 27012022 0.00097484892 6484348.2 0.00023401654
120 125 28696276 0.0010356327 7119112.2 0.00025692482
125 130 30351114 0.0010953549 7773897.4 0.00028055565
130 135 32080998 0.0011577855 8426595.3 0.00030411116
135 140 33777972 0.0012190283 9145129.6 0.00033004266
140 145 35490976 0.0012808497 9848732.4 0.0003554353
145 150 37172994 0.0013415528 10437837 0.00037669575
150 155 38857960 0.0014023623 11093979 0.00040037555
155 160 40579316 0.001464485 11648966 0.00042040473
160 165 42322256 0.0015273868 12308147 0.00044419422
165 170 44042462 0.0015894681 12950103 0.00046736205
170 175 45769962 0.0016518126 13522061 0.00048800369
175 180 47438474 0.0017120283 14137404 0.0005102111
180 185 49172288 0.0017746006 14596148 0.0005267669
185 190 50881092 0.0018362704 15112202 0.000545391
190 195 52554154 0.0018966503 15730136 0.00056769188
195 200 54285008 0.0019591159 16323700 0.00058911331
