2.5 11.262052 0.27070478
7.5 1.6548717 -0.057160687
12.5 0.40444327 -0.049615965
17.5 0.0080240829 -0.034576478
22.5 -0.12884412 -0.039648909
27.5 -0.12258966 -0.044977951
32.5 -0.010291785 -0.034438679
37.5 0.032040392 -0.018041827
42.5 0.026355748 -0.0072069571
47.5 0.017185711 -0.0045203041
52.5 0.010240861 -0.0075411402
57.5 0.0074605979 -0.0057631785
62.5 0.0062313256 -0.0062626501
67.5 0.0026952328 -0.0063072939
72.5 0.0035389692 -0.0043997285
77.5 0.0022089426 -0.0060556438
82.5 -0.00065955729 -0.0099116172
87.5 0.0004059408 -0.0035703585
92.5 0.0004965272 -0.0025195618
97.5 0.00094091948 0.0018210388
102.5 0.0022107304 0.0017742664
107.5 0.0013941546 -0.0023492211
112.5 0.0022679892 -0.001638798
117.5 0.0016848344 -0.0028224916
122.5 5.1935861e-05 -0.0038786635
127.5 0.00011631433 -0.0036208832
132.5 -0.00012063858 -0.0018449734
137.5 -0.00089324285 -0.0013619231
142.5 0.00026931758 -0.0028220399
147.5 -0.0014770693 -0.0035792317
152.5 -0.00074009536 -0.0028545732
157.5 -0.00062775757 -0.0021715651
162.5 0.00018516302 -0.0030594457
167.5 0.00022116065 -0.0023314042
172.5 0.00010367193 -0.0033676333
177.5 -0.00033443209 -0.002744839
182.5 -0.00040212821 -0.00072518812
187.5 -0.00066220072 -0.0024607856
192.5 0.00054386117 -0.0033550243
197.5 0.00074223934 -0.003241094
