2.5 11.262346 0.38718862
7.5 1.6595202 -0.076315697
12.5 0.40777167 -0.057741841
17.5 0.0084489273 -0.03540841
22.5 -0.1269993 -0.042716528
27.5 -0.11789582 -0.048598401
32.5 -0.0077326581 -0.040339176
37.5 0.03241948 -0.01738629
42.5 0.030716849 -0.007955512
47.5 0.019629975 -0.009510388
52.5 0.011141293 -0.0059095367
57.5 0.0076443514 -0.0072561833
62.5 0.0066320996 -0.0067039801
67.5 0.008476488 -0.0042836954
72.5 0.0053650024 -0.0031492242
77.5 0.0034969023 -0.0035616501
82.5 0.0017821346 -0.0030986669
87.5 0.00015912303 -0.0049086544
92.5 0.001843316 -0.0071388944
97.5 0.00046708938 -0.0062439935
102.5 0.00048313994 -0.0051550771
107.5 0.0023505862 -0.0050602655
112.5 0.0022477101 -0.0047411006
117.5 0.0019163907 -0.0088466289
122.5 0.0021653181 -0.0072590379
127.5 -0.00038877699 -0.0066967978
132.5 0.00044646016 -0.0056516557
137.5 0.00022238941 -0.0066098462
142.5 0.0001700589 -0.0056349777
147.5 -7.5979233e-07 -0.003212705
152.5 0.0006834659 -0.0027002967
157.5 0.0011952343 0.00010995366
162.5 -0.00021845957 -0.0019149878
167.5 0.0007180212 -0.0021797654
172.5 0.00031989646 -0.0026336461
177.5 0.00078292215 -0.0040239308
182.5 0.00034064099 -0.0036196164
187.5 0.00072831013 -0.002000465
192.5 0.00035466659 -0.0028905229
197.5 0.00016227812 -0.003229087
