2.5	6.099922228440007	0.00680742410227106	0.05734727899799999	0.00851796806545943	0.06397565723800001	0.008496578109521803
7.5	0.8776829234720003	0.0014434312775545282	-0.008684903220400003	0.0020813516092856774	0.01732487859399999	0.002354309229956754
12.5	0.12592769984400007	0.0006765189424369512	-0.020955674486	0.00220087565559894	0.0092652787432	0.0013531742991622871
17.5	-0.10242713685999992	0.0003381369548761336	-0.027630687988000002	0.0026350464951023166	0.0042257030188000005	0.0009114825367203483
22.5	-0.1446988686700001	0.00023557552953522323	-0.03135509667800001	0.002902329560047359	0.0006849630193252001	0.000821453439503348
27.5	-0.05575192947039999	0.00033076628473136687	-0.02663654839199999	0.0024547993799367415	0.0009335283927365992	0.0007980749754314981
32.5	0.012842878108400006	0.00024102656763558373	-0.007995330511999996	0.000860098287730056	0.0013888665730838004	0.0006975498563857473
37.5	0.020423410007999996	0.00018401718996532634	0.0027969860785999976	0.0004940628099267084	0.0010782601256949997	0.0005887576803115803
42.5	0.013162943902000006	0.00016877814728956115	0.003627269464799998	0.000477043253007092	0.0005653477086205998	0.000499853082468723
47.5	0.007745564884459998	0.000144666985766459	0.002054337200200001	0.00035690011126114705	0.00023783577384160014	0.0004406657398934985
52.5	0.004850233485700002	0.0001227469108596155	0.0009139065986159996	0.00027779959682115837	6.533189411013997e-05	0.0003947186301497363
57.5	0.0032692535618199987	0.00011562508992053297	0.00032086423389919994	0.0002461730100356483	8.530316107419994e-06	0.00032977708899806967
62.5	0.00232419431132	0.00010526009085229147	-3.7343729764240016e-05	0.00022057126659625763	1.2439381677340008e-05	0.000299278814687385
67.5	0.001680566553699999	9.89799866900674e-05	-0.0002633776886143397	0.00021130652710861804	1.2704291683400004e-05	0.0002974815050576728
72.5	0.0011196054478200006	9.171687199092473e-05	-0.0003599262127433399	0.00020342426041742654	3.4925005575799993e-06	0.0002715321411968196
77.5	0.0005999112912260001	7.929271544982104e-05	-0.00034026679101659997	0.00020069019784961978	-1.5458212805999977e-06	0.0002484076313267006
82.5	0.00020961058084540004	8.135262734528897e-05	-0.0002555492036958466	0.0001828222923947504	-1.013035859284e-05	0.00023796610815175824
87.5	8.5862782710548e-05	7.164408509359831e-05	-0.00021511201375125997	0.00016086512452935634	-4.301357322519984e-06	0.0002277873285607278
92.5	0.00023117457098299987	7.298648926699547e-05	-0.0002733725947758002	0.00015785582508569441	8.21429929920002e-06	0.0002170116596027312
97.5	0.0004626411087619993	6.887919588758735e-05	-0.00036669471475779986	0.00014766714818478945	2.5737492928060004e-05	0.00019247945212708781
102.5	0.00054157544227	6.114495614002848e-05	-0.0003735024172740003	0.0001468816884050376	1.5685167203000036e-06	0.00018992653829781977
107.5	0.0003892608261120001	6.303543853273154e-05	-0.0003055704413378	0.00014458109204535852	-2.820683862220004e-06	0.0001827549216799777
112.5	0.00012164411943959999	5.920980728130115e-05	-0.00020928400337323798	0.00013286637118338184	-1.0455486020900003e-05	0.00016420291111765678
117.5	-8.962315095501996e-05	5.536170197518532e-05	-0.0001586731600196001	0.00012369129291160067	4.686196576745999e-06	0.0001631159175492187
122.5	-0.0001523941425294001	5.727284889919757e-05	-0.00016670227831159994	0.0001204635893030301	9.265538292260003e-06	0.0001592935173377959
127.5	-9.894114376261996e-05	5.3179497910360864e-05	-0.00019597307318060012	0.00011286238961445102	2.3420041310279985e-05	0.000143500199387805
132.5	-1.1779751366045996e-05	4.7748977697091375e-05	-0.0002058364097170599	0.0001146077597197707	1.3320481005746e-05	0.00014426517920365593
137.5	4.3154482423352e-05	4.521510415627818e-05	-0.00018672638173810002	0.00010528679107443826	5.729152693199998e-06	0.0001422381039468847
142.5	5.357493913624e-05	4.638204067635527e-05	-0.00015027250853299985	0.00010708162870225604	1.1079846959659999e-05	0.00013338068756131005
147.5	4.0412283218400025e-05	4.148821030894603e-05	-0.00011994404986862005	0.00010368985966411777	1.0869168290639195e-05	0.0001307727283335379
152.5	1.6823786353679988e-05	4.31281763567732e-05	-0.00010279755543783991	9.607132086010359e-05	9.336676733800008e-06	0.00012571109126785013
157.5	1.4612676364639998e-06	4.080509275490297e-05	-9.997935005255998e-05	9.518506802001233e-05	3.164359867804e-06	0.00012346033643476334
162.5	-1.1053352797280004e-05	3.875059936797881e-05	-9.628007420260007e-05	9.176087107427632e-05	2.793170753589999e-06	0.0001186269194656759
167.5	-2.274328919134e-05	3.885223032769063e-05	-9.595157980000001e-05	8.99236024409877e-05	4.507798413740004e-06	0.00010924861735760176
172.5	-3.180971305458001e-05	3.7283770262279695e-05	-9.002179421046e-05	8.77446042199563e-05	6.323851376060002e-06	0.00010643014331539863
177.5	-3.538574374728597e-05	3.664530951560782e-05	-8.335704089774e-05	8.24865641262712e-05	3.3795782573800006e-06	0.00011275402678453891
182.5	-3.446097375215998e-05	3.426267747948202e-05	-7.673935595507994e-05	8.052423026968956e-05	3.049451141799998e-06	0.0001073958664841169
187.5	-2.5805580110776e-05	3.43973053748159e-05	-7.290035373623996e-05	8.120348767015323e-05	7.370894263788204e-06	0.00010608730713788739
192.5	-2.151296026202401e-05	3.2767411400134465e-05	-6.993634967527989e-05	7.503261466783603e-05	1.3117644186987997e-05	0.00010460671393626566
197.5	-2.240409806235e-05	3.320378507271196e-05	-6.036333062941402e-05	7.244389525562236e-05	1.0990241709539993e-05	9.489754462492573e-05
