2.5	23.64139933699999	0.04330130506314944	-0.6162704816400002	0.09260073114402226	0.11291387482559996	0.056211938853930006
7.5	4.095857052139999	0.007929533834145712	-0.18123324224000006	0.025132872643928394	0.028351264794620003	0.01282372194675376
12.5	1.4489674822000003	0.0034346288730487265	-0.1112509956039999	0.014819380189733524	0.01461228018418	0.006119907931173015
17.5	0.5667023223040001	0.0020249254988178316	-0.08519232748800003	0.011058889292849554	0.008894265272240005	0.004054705461059119
22.5	0.16754744128599988	0.0014240061408847143	-0.07213155815000002	0.00924189250167936	0.005068427577081406	0.003182595211884295
27.5	-0.031059951788999975	0.0011558892798714385	-0.06516038797400002	0.008233981813945617	0.002597497387113999	0.002698334277154992
32.5	-0.1181638126959999	0.0009824427696255513	-0.061127576770000004	0.007648740972074383	0.0011523343979657997	0.002524565662722105
37.5	-0.11957869184000001	0.0008910153325170483	-0.05721475048200008	0.0071282171375988005	0.00047688570880619893	0.002377802193067295
42.5	-0.03474749944339997	0.0009194246456343004	-0.04550622485799997	0.005754401801108972	0.0011550799089216004	0.0024070620156409674
47.5	0.015130867014000004	0.0008469375279777831	-0.025806401724000002	0.0035627547887595377	0.001895860809236001	0.0024173142769260236
52.5	0.011390923042999995	0.0007602436036872515	-0.014196281241600005	0.002408984845456326	0.001800529613432002	0.002272314443054037
57.5	0.00525405131926	0.0006916628270653085	-0.010026196354999992	0.0019038578097508216	0.001456626493939661	0.002071601201037938
62.5	0.0025111708907539984	0.0006208558032846942	-0.008113866123400003	0.001747915667905567	0.0011147459506824	0.0018298451331990662
67.5	0.001033883744726	0.0005861062302157597	-0.006691632911599994	0.0016107511047535198	0.0007476429549241993	0.0018320008554172302
72.5	2.0431730850199985e-05	0.000547140400586538	-0.005517232510999999	0.0014369906995867535	0.0006007068348078007	0.001623587361273053
77.5	-0.0005192592454387206	0.0005148960198325157	-0.004524309044939997	0.0012972266096403899	0.0005080583773200005	0.0015381854825694474
82.5	-0.0004509329946816002	0.00046906252104275047	-0.0036869848762173998	0.001175718054399265	0.0004722253830298	0.0013924274814771072
87.5	0.000273537838257522	0.00044431254146799233	-0.003023363062950797	0.0010523075837881595	0.0004242920448449995	0.0012572802607789312
92.5	0.0013351799288520004	0.00042166787495747244	-0.0025056259703680017	0.001013432879321588	0.00043148754547459993	0.0012621566529436871
97.5	0.0022481371516	0.0003971755746375306	-0.0021189572155440014	0.0009484061117759254	0.0004380708179330006	0.0011922614011671178
102.5	0.002657545293539999	0.0003823549115283956	-0.0018514375783119997	0.0008961957599807798	0.0003787284966180003	0.0011279961995122765
107.5	0.0023706751406599997	0.0003704598337913722	-0.001654483331066001	0.000856584369901749	0.00034577083403519986	0.0010847234044214526
112.5	0.0015354438425199991	0.0003502027727347775	-0.0015354459147303998	0.0008146371321641007	0.0003430593333401999	0.0010313907991082308
117.5	0.0005031949270798001	0.0003282722036500745	-0.0014321731615883997	0.0007622173847129517	0.0002806466097308001	0.0010292095100114496
122.5	-0.00034735792511771975	0.00031856937582632963	-0.0013677066126406012	0.0006974634719435494	0.00023878279287560005	0.0009507505282767309
127.5	-0.0008337398616540008	0.0003122818205090525	-0.0013668493151899994	0.0006975396671988791	0.00017714852079854014	0.0009540533918245757
132.5	-0.0009689783113159998	0.00030801234147676844	-0.001341732179819999	0.0006938723549367808	8.943275113000002e-05	0.0009234984383447508
137.5	-0.0008530209127180006	0.00028870496363779286	-0.0012412478263330003	0.0006596232660937738	7.382095083280001e-05	0.0008762149246480257
142.5	-0.0006395559391939996	0.00026678867973240183	-0.001109045596086	0.0006328492664721626	9.383378023419992e-05	0.0008753612034425834
147.5	-0.00044271727786799974	0.0002785746244622908	-0.0010082672399136002	0.0005901655712411373	7.208103334046001e-05	0.0008284157546958431
152.5	-0.0003120480582598558	0.00026932934825078645	-0.0009050177323165994	0.0005647503493037166	5.435693893040005e-05	0.0007990680130535644
157.5	-0.00024122026979614007	0.00025987671393881484	-0.0007985710432493397	0.0005494985569740651	7.543242464420006e-05	0.0007453826295782088
162.5	-0.00021469093301660033	0.0002602980255441435	-0.0006810930275002003	0.0005933584862934622	8.876971928020003e-05	0.0007131558606626184
167.5	-0.00019181661945327988	0.00024240908341168952	-0.00061405563392304	0.0005653173536842927	0.00012287676479240004	0.0006999036780948817
172.5	-0.00018590915503492936	0.00022150051114638224	-0.0005391755012691999	0.0005418874604484997	0.00012672865569472	0.0006857393519679182
177.5	-0.00016938339263787005	0.00022354095082493877	-0.0004875161461892797	0.0005054641373314117	0.00013117239009064006	0.000674813586163814
182.5	-0.0001658857824920201	0.0002222518840887437	-0.00041906882342620003	0.0004947525793301697	0.00012827267897259995	0.0006655573569159653
187.5	-0.00015481294980044006	0.00021022423394166358	-0.00034608909633880027	0.0005047643288769573	0.00011214286863780003	0.000641404403888322
192.5	-0.00014700140371651983	0.00020563998602624812	-0.0003241927183814	0.000476745235055081	0.00010550856306540007	0.0006221739081942949
197.5	-0.00013244702490105992	0.00019192485052937049	-0.0002756099928304243	0.00044449805274567234	9.077597899420004e-05	0.0005978371011726399
