2.5	23.149279822399997	0.03590432439986218	-0.5009148947599998	0.06238023157781591	0.12547317143139994	0.04713079354978081
7.5	4.059978425040002	0.006552588742167769	-0.15975434378000017	0.017064863562166226	0.032369603565599994	0.011206825399553502
12.5	1.4309275062799982	0.0029629888128721964	-0.1027098378520001	0.010063191933878744	0.01656946366168001	0.0057775298153123055
17.5	0.550914907098	0.0018915257796795057	-0.08058813556599993	0.007443071108767805	0.008747000166953999	0.0038654279149119
22.5	0.15491652657800017	0.0013240618966839162	-0.06988505980600002	0.006286053755303802	0.004682547455157994	0.003072787481733254
27.5	-0.037343205719599995	0.0010279931777070373	-0.06470733402000003	0.005678973349398296	0.002109787220144	0.002540844289847921
32.5	-0.11213224264799995	0.0009114208590400509	-0.062428056264000005	0.005344100899383919	0.0005352400508868001	0.0024364258550896743
37.5	-0.08671563034500004	0.000944295588384578	-0.05867365350999999	0.004998792381247832	0.00023698081702480027	0.0022469633652116784
42.5	-6.587210255379999e-05	0.0009441584634643868	-0.043068845525999974	0.003857894012041146	0.0014185053424935993	0.0023984744990859902
47.5	0.015177211803399988	0.0008696051413829232	-0.023719697443999977	0.0025546499025827247	0.0018445711967579987	0.00233175294625614
52.5	0.008698582170719999	0.0007575433991996219	-0.015019271442000003	0.002048364283247148	0.001508176549603999	0.0022259209772316573
57.5	0.004884519199160006	0.0006785671905471228	-0.011686751224000001	0.0017458258367679818	0.0012357071071888207	0.0020438418794103117
62.5	0.002968994984279996	0.0006175364743071079	-0.009626562393599998	0.0016618234593156608	0.0009065697496867998	0.001866450919790365
67.5	0.0016089934392800004	0.0005674288742668804	-0.007915546827600003	0.0015369938017338524	0.0007260598245838004	0.0017015617227033797
72.5	0.0005185786636066001	0.0005150234963345544	-0.006497066784400001	0.0013983858237558457	0.0006186152831610004	0.001609771296169631
77.5	-0.0001586164892778001	0.00047309215059447666	-0.005296123228600003	0.0012419953001767433	0.0005203512893819999	0.001480321674420716
82.5	-0.000204635158217	0.0004427795967920601	-0.004351474827979999	0.0011110334449062058	0.00040219769442498006	0.0013825120933420208
87.5	0.0004563436984335999	0.0004148816028250142	-0.0036186255006999996	0.0010433162354489775	0.00042397722842018015	0.00124910442813665
92.5	0.0015124010143379998	0.000396134921044647	-0.003093291439020004	0.0010010374005441866	0.00044312477711599984	0.0012063906122804528
97.5	0.002480880068820002	0.00037990838346292703	-0.0026906476100200015	0.0009130870993948192	0.00039341267029780017	0.0012055352939889798
102.5	0.002874364212299999	0.0003784999058721121	-0.002370829197981999	0.0009139596306344954	0.00034458734663773993	0.001116123444224355
107.5	0.002543857657239997	0.00036031905938623123	-0.002126657854731999	0.000854076053941909	0.0003172993047612001	0.0010571841573666773
112.5	0.0016391615362800016	0.0003506093641433778	-0.001892354705773999	0.000790607511683134	0.00030435204286940017	0.0010496044574111877
117.5	0.0005509325461843998	0.00032797265581079244	-0.0017516003211439997	0.000728874929665937	0.0002701854626202	0.0010035067561854928
122.5	-0.00034056053888536017	0.00031598646269944975	-0.0016750810498287996	0.0006953908520108662	0.00030000838706180003	0.0009525664679547929
127.5	-0.000834544744399999	0.000302202247495624	-0.0016533567296939987	0.0006969782465892026	0.00025158071703800016	0.0009231715674024382
132.5	-0.0009521254688919999	0.0002810276065076715	-0.0015930116693982004	0.0007190171606874387	0.00021894898703539992	0.0009137055995039058
137.5	-0.000837199989092	0.00027539392700962854	-0.0014791988211565992	0.000683843757613935	0.00018711965800240012	0.0009054621076278573
142.5	-0.0006470557909122003	0.0002683807503227294	-0.0013722863916684005	0.0006235581905124136	0.00014885098902380002	0.000830520298096884
147.5	-0.0004868788130415599	0.00025189864845008016	-0.0012562388077328004	0.0005942539038702185	0.0001085536298474001	0.0007962637590843495
152.5	-0.00037302318694640003	0.00026191241423727707	-0.0011056990507947997	0.0005707677176193658	7.105568146060002e-05	0.000748555426585399
157.5	-0.00029816898391264	0.00025567097784006385	-0.0009727102089859997	0.0005584197925066355	0.00010190125714800005	0.0007361444848961353
162.5	-0.0002579048039299259	0.00024815583967149624	-0.0008565661633460012	0.0005799865228208844	0.00013181328884357996	0.0007352156848230309
167.5	-0.00023019335606258012	0.00022828479941537668	-0.0007669337051798	0.0005676476802549825	0.00013782439426400007	0.0007180809301472219
172.5	-0.00022368981203309995	0.00022477857739340324	-0.0006865121357744	0.0005806511841649073	0.0001190810248815799	0.0006823182241957731
177.5	-0.00020945635353072017	0.0002336142858051214	-0.0005923022137122002	0.000538138151673699	0.00013377815876080003	0.0006656532609897613
182.5	-0.0001966132210213599	0.0002188720658946936	-0.0005451304090816791	0.0004899019448002639	0.00014995831338089993	0.0006749464486278747
187.5	-0.00017485825319079994	0.00021303847276043738	-0.00047340960588039994	0.00048203361910413405	0.0001491892944770001	0.0006439129329305374
192.5	-0.00016965832073542002	0.00020860484689205495	-0.0004252260630708	0.0004549605507929363	0.00014723235643500008	0.0006223310894873406
197.5	-0.00015775506256679992	0.00018917032180179355	-0.00039379348940409985	0.00042452585228654573	0.00013234124595375998	0.0005926168013704383
