2.5	15.625970079799997	0.017803057081152474	-0.1675218662399999	0.03846438038056839	0.106582913652	0.03032344103651197
7.5	2.718792804239997	0.0036238705184476485	-0.07845533679400002	0.01493462524898666	0.026818765713600003	0.007443559554960506
12.5	0.8818980137340002	0.0017483959484469636	-0.06079583704999993	0.010952501703712616	0.013613565023199983	0.0038892159864728003
17.5	0.26193097938999993	0.0010721280470749929	-0.053957199746	0.00949746636543239	0.007082271783700003	0.0024888421663297362
22.5	-0.007412889616780003	0.0007787687394705362	-0.05142665399999995	0.008926731662881996	0.003014685790848001	0.0019496108538763547
27.5	-0.11523225488999991	0.0006810823365354159	-0.05121922442800003	0.008834077143081884	0.0005669995586081996	0.0016961077964063804
32.5	-0.10486749012600001	0.0006357322974713633	-0.05046076759599998	0.008673169485587547	-0.00023160106788679987	0.0016616071201818246
37.5	-0.014193114916200003	0.0006332546691259987	-0.03814493646199999	0.006623373367880907	0.0010794110714002394	0.0017061686151192328
42.5	0.010730710562020003	0.0005651077963713125	-0.018164915581999994	0.0033301863279681407	0.0015265580967374003	0.0016281057945852144
47.5	0.006979134723019994	0.0005022712435698106	-0.009268054726599995	0.0019345751771599087	0.0013858778487329984	0.0015346359810695196
52.5	0.0036546687391799996	0.0004643627462201439	-0.006630596359799993	0.00150434200252503	0.0009837396971312	0.001337637274229245
57.5	0.0022156453834799995	0.0003849982937982153	-0.005370035115399998	0.0012620930756855034	0.0007446870029375999	0.0012004707731823373
62.5	0.0014092649929459994	0.00036859509619258405	-0.0044298513368	0.0011351661886208435	0.0005383717813460002	0.0010939502847081943
67.5	0.0007271464455718005	0.00034335427200799017	-0.0036644656599999995	0.0009946871053042431	0.00041166861500659997	0.0010115807424732673
72.5	5.092334299210602e-05	0.0003065977349436443	-0.0029771001649999984	0.0008700634940374182	0.00033438241814580003	0.0009073762574249041
77.5	-0.0004769730366732004	0.00028069970704241716	-0.0023504368269200004	0.0007571554769966133	0.0002630215878715598	0.0008638194284258919
82.5	-0.0006021035642220004	0.0002714828794281738	-0.0018672796812	0.0006867232372470966	0.00024193388393329023	0.000834942197563637
87.5	-0.0001656122581254881	0.00025895946860706175	-0.001476436248286001	0.0006253723001465612	0.0002464185649990399	0.0007879314225383488
92.5	0.0006689256886800006	0.0002424687580737098	-0.001315501976896	0.0005967553153150878	0.0002204832336552001	0.0007157551288454333
97.5	0.00150889795724	0.00022658637836935077	-0.0012369067174080003	0.0005805812619607085	0.0002091202396316201	0.000692030702472831
102.5	0.0018804366953599993	0.00021567832805754613	-0.0011155043333760002	0.0005481914970937934	0.00017142346035004	0.0006795235275772301
107.5	0.0016268245267199982	0.00021359509362046822	-0.0009734036752139994	0.000522615505631222	0.00014589355811060005	0.0006764225253250672
112.5	0.0009325109786199995	0.00020770502856878897	-0.0008319573389140003	0.0004815163071954957	0.0001363982384464999	0.0006317557656831135
117.5	0.0001426173491723159	0.00019483713856757327	-0.0007108650010801002	0.0004287339967207276	0.00011311052173911992	0.0005879403034629609
122.5	-0.0004070521426513802	0.00018104851214348998	-0.0006750075627447995	0.00040228161368422404	0.00012898756957042007	0.0005463296818543381
127.5	-0.0006261473169360001	0.00018310649136806382	-0.0007561555764225996	0.00040757456924759265	9.813425407287991e-05	0.0005590005945344137
132.5	-0.000594677916582	0.00017074596533545337	-0.0007618139941439999	0.0003971927538869663	0.0001188137301988801	0.0005419884581564467
137.5	-0.00045496076792289993	0.00016306593456991364	-0.0006958778736604004	0.0003993702839391633	0.00010748958892960003	0.0005338981107756987
142.5	-0.00031145030296399987	0.00015322911285980265	-0.0006243109435467597	0.00036133515811624884	0.00010484492344270003	0.0004952844276826896
147.5	-0.00020302039644036019	0.00014891523726092053	-0.0005313305831228002	0.00035259285357666637	8.837978741279991e-05	0.0004838268586281886
152.5	-0.00014998111558040014	0.00014768251015674449	-0.00044321624641619997	0.0003535048700985883	8.111852226384004e-05	0.0004943152240565172
157.5	-0.00011496625823770005	0.0001499892737983147	-0.0003750999069633398	0.0003561191638646376	6.392810391759996e-05	0.0004535868741119626
162.5	-9.65994694080933e-05	0.00014992084443275988	-0.000349212679746	0.0003458142099788274	6.480511670662005e-05	0.0004286863259464399
167.5	-0.00010181786337505998	0.00014423131947402057	-0.0003259306550411996	0.00032625815046682683	6.726191711543999e-05	0.0004132391587499143
172.5	-0.00010905591944406	0.00013401830045766742	-0.0002847744135596199	0.00031444478611978357	5.4398894417128025e-05	0.0004001767907226448
177.5	-9.673910796241595e-05	0.0001270488613280518	-0.0002604345537944001	0.00029237884779757	5.977607235024009e-05	0.0003914206682843948
182.5	-8.404234923400596e-05	0.00012229050277784306	-0.0002352684582145798	0.00028889976758747206	5.241730183251995e-05	0.0003864152500590627
187.5	-7.726533282842e-05	0.0001206743531955465	-0.0002290176119494799	0.0002789752706318091	6.608823812282004e-05	0.0003869030890898229
192.5	-6.514560544322007e-05	0.00011530639740106171	-0.0001955997342824764	0.00026538616961016255	7.740462424019997e-05	0.00035934715529985033
197.5	-6.221812897411996e-05	0.00011531470902837708	-0.0001767174843707998	0.00025398275310218406	8.002919053560001e-05	0.00034242344156740564
