2.5	6.9418100793999935	0.005760221960900091	-0.012956368913580015	0.008713590378262748	0.06031758615200003	0.009074450898872561
7.5	1.0086324928	0.0012598785713028738	-0.027755705799999995	0.0023393884915804794	0.015782495403	0.002213690322133599
12.5	0.1772594528599998	0.0006300958033934367	-0.030738250674000003	0.0013833900154897522	0.008932344010200002	0.0012634958852265003
17.5	-0.080819088892	0.00038408535719535635	-0.033192136592	0.001046670119287846	0.004877994272599998	0.0010433985900098826
22.5	-0.15334531265999998	0.00026616350126327273	-0.03416772025199999	0.0008492415666956561	0.0018094418546039997	0.0008937419090657609
27.5	-0.10191333146000006	0.00026847712203401694	-0.02992357297800001	0.0006728593365266365	0.0007049853721602004	0.00086209578522975
32.5	-0.002826577832	0.0002847874668329366	-0.013554382273999995	0.0005638649914216547	0.0016385073947434005	0.0008528091049491461
37.5	0.02708637087200002	0.00021785934320272713	0.0013341987482000002	0.0004848681554395705	0.0014873499412931994	0.0007350438796332677
42.5	0.021330517392000006	0.00018950408393154578	0.004879229077799994	0.00042289057336766225	0.000893293031920799	0.0006137458501914062
47.5	0.012730125048000012	0.00017829159871158724	0.0034038096688000013	0.0003752023822215686	0.00036949928155359985	0.0005567521656208006
52.5	0.007771478845400006	0.0001621810313691217	0.0016251348188199993	0.00032471092419884384	6.781199774639995e-05	0.0004659325526495125
57.5	0.0051762940141999985	0.0001408819597642787	0.0005068441876676004	0.00031116567597183495	2.2574907120848012e-05	0.00040632479183199424
62.5	0.0036512349767999983	0.0001342554320617106	-9.958802492257997e-05	0.0002882548365704578	-9.609581523511983e-06	0.0003607786519251766
67.5	0.002599704689199999	0.00011925793620031839	-0.00045437987145720017	0.00025767819642311563	-1.14370540896e-05	0.0003401484108194695
72.5	0.0017283645763999985	0.00011901953811358404	-0.0006020753915600007	0.00023446310862956579	-1.722026565805001e-05	0.00034082566640641817
77.5	0.0009866123858399995	9.733546075522091e-05	-0.0005996293937282209	0.00024008953628976043	-1.8557450317878004e-05	0.0003079534911855128
82.5	0.00048084804752	9.446051152521078e-05	-0.0005384963031560002	0.00020802040285198325	-2.218311324693999e-05	0.00028224973545339
87.5	0.00031648085781	8.880148818604278e-05	-0.0004928082468353803	0.00019929710282173566	1.2102213949999808e-07	0.0002686803907153862
92.5	0.00043118073504000014	8.767821795793738e-05	-0.0005218569129340004	0.00019097423201532753	1.1442720988800004e-05	0.0002465659691467524
97.5	0.0006468528758000004	8.348147084635229e-05	-0.0005881238526799999	0.00017095580785959105	7.668984300301993e-06	0.00023897840498881266
102.5	0.0007037050507600008	7.977426994445608e-05	-0.000582455673298	0.00017088896016238803	8.003640771399993e-06	0.0002319224910481725
107.5	0.0005226067366999999	7.549081733758062e-05	-0.0005045538019688001	0.00017299892706616293	-1.5205110184400034e-06	0.00022024832604611755
112.5	0.00021270303585380014	6.936764217877994e-05	-0.00039766995981400016	0.00015461789212799278	1.2042380969979992e-05	0.00020736133841029342
117.5	-4.989727595143799e-05	6.55543763719708e-05	-0.00033949430590479984	0.00014717669751376425	1.5861824063119987e-05	0.00020417718618514393
122.5	-0.00016070531443719988	6.461473084748214e-05	-0.0003343184421880799	0.0001505418785694271	1.0096421943959993e-05	0.00019275631326524204
127.5	-0.00012264188872350003	6.762733362348003e-05	-0.00034507911832280016	0.00013836038778881744	2.0726730625439995e-05	0.00018227923535458183
132.5	-2.7417868758640004e-05	5.942677367885447e-05	-0.0003389857069140001	0.00013461483478899688	2.3538933009301973e-05	0.00018094485762124436
137.5	4.552609472606e-05	5.74205658703716e-05	-0.00031128084956380043	0.00013125228310179572	1.3903010557419988e-05	0.00017498468814459983
142.5	6.714089525741407e-05	5.697169590064752e-05	-0.0002642221290816	0.00012317933137656422	2.02004173998e-05	0.00016407635638144975
147.5	5.271541322335004e-05	5.307851023226134e-05	-0.00022834031977600027	0.00012735990650565864	6.36398928764e-06	0.00015776457170572415
152.5	2.301630535478402e-05	5.058372118584326e-05	-0.00019688552897499594	0.00011513171950749016	6.23150506686e-06	0.00014888949577950887
157.5	-5.916339863234797e-06	4.91100618707564e-05	-0.00018730785842860007	0.00011547624798138599	1.142517347522001e-05	0.00014801725801902484
162.5	-2.5742074603620033e-05	4.7475798465726556e-05	-0.00018258975681922	0.00011445506528987698	2.4580753362520006e-05	0.00014135010082885622
167.5	-4.0909307971156035e-05	4.563302343832638e-05	-0.00017297660925540023	0.00011192989913333746	1.8528928472860027e-05	0.00013709000195377037
172.5	-5.0281632822981966e-05	4.7184547939532615e-05	-0.00016147956196420007	0.00010594468237891886	1.3008584824099998e-05	0.00013820389202371254
177.5	-5.189907546875998e-05	4.603373677685775e-05	-0.00014856392385417986	0.00010458369876291404	4.929301075702002e-06	0.00013945412965755692
182.5	-5.364763887127399e-05	4.415425367068773e-05	-0.0001337101894590599	0.00010060828272617069	7.388030067940001e-06	0.0001269803642260888
187.5	-4.790136175532803e-05	4.269261265650726e-05	-0.00013304710114760008	9.859328318453312e-05	2.8711192723678033e-06	0.0001279294983336556
192.5	-4.283959657150002e-05	4.065229662688993e-05	-0.00012417577097279997	9.432887966203897e-05	1.3861271115019991e-05	0.00013019927153316244
197.5	-3.702064129460001e-05	4.0245136901420245e-05	-0.00010529736757499997	8.899922090440584e-05	1.9009568004246014e-05	0.00012441096670522738
