2.5	47.011884372600015	0.13828840866825615	-1.2163571770200003	0.17208331671526525	0.2246561802794	0.12775627103807677
7.5	8.275936125999994	0.02289012583147864	-0.33310118273999995	0.041412342599113076	0.055899280197199995	0.02955938457027297
12.5	3.0889883973400014	0.009388426024454607	-0.19010451450000007	0.02149619675907886	0.02637603481550001	0.014117412815518593
17.5	1.3922677892399995	0.005359761140328387	-0.13617031062000015	0.014670589996496846	0.012805941991746003	0.009417002210519793
22.5	0.6310705627860006	0.003541831693654453	-0.10938761457200007	0.011318013757682195	0.007153812005741995	0.007078961687653596
27.5	0.23971149688	0.0026952686719584214	-0.09545850557799998	0.009483491305166692	0.00342106073201184	0.005427570384387723
32.5	0.034554823142400014	0.00226375112258365	-0.08860182545600007	0.008418031123590658	0.0014545367999462796	0.004971974274295645
37.5	-0.05249106752520009	0.0020199259535563186	-0.08591572783600004	0.007899339393428005	0.0004668706361340003	0.004365788336757414
42.5	-0.033973871602999986	0.0019364962256704485	-0.08257367502200001	0.007546120821533437	0.0004656094879517997	0.004503534705267697
47.5	0.03134844772799999	0.001920093130178679	-0.06640805133399998	0.00647968538930066	0.0013530650617860007	0.004673975815442974
52.5	0.02807318586880001	0.0018546131133240131	-0.04611619344399998	0.0052250801098197705	0.0017343396422794014	0.0045617526454208085
57.5	0.017778812870600014	0.0016814741404283242	-0.035368801909999976	0.004395028968904252	0.0018510090074249006	0.00430613532750994
62.5	0.011817999127200005	0.001530978832748599	-0.029263070302000004	0.0039586530105610454	0.0017113380928293993	0.004220954396054453
67.5	0.007852850740479998	0.0014012563999026828	-0.024454336098000004	0.003697995826041162	0.0014445207832012002	0.0038327791053857493
72.5	0.0050434440659200015	0.0012826698212836684	-0.020421003176000013	0.003359947253908547	0.001286832649122201	0.003551809382670601
77.5	0.0033552877203999994	0.001168448302722906	-0.01724991397120002	0.0031197345891775534	0.0012380144604019997	0.003214637112420099
82.5	0.002849616169244001	0.0010982598683832888	-0.014616423764000007	0.002779925208415221	0.0010363310546538003	0.0030818614301684087
87.5	0.0035119733258860016	0.001044182392872883	-0.012473624169400002	0.002486329129114721	0.0010318423669140003	0.002851107476490909
92.5	0.004708607676120004	0.0009954819124179137	-0.010706034650200003	0.002486635141813744	0.0011361506021478	0.0028188836540321486
97.5	0.005780656074219997	0.0009483817152185424	-0.009153167670599989	0.0023312206653153806	0.0010813388169550998	0.0026118789248263338
102.5	0.006068202775359998	0.0009208882007215655	-0.0079990503984	0.0022719073725057408	0.0010143250530713997	0.002453948319502419
107.5	0.005395896375299997	0.000885475119126508	-0.007126718085199998	0.0022466401619956867	0.000879615669447	0.0024312600433064263
112.5	0.003867513288060001	0.0008525795967873032	-0.006446000135660002	0.0020742545668115024	0.0008682521307562006	0.0023400725602824852
117.5	0.0019607645722277984	0.0007977235546610143	-0.005989126809160001	0.0019444592365398475	0.0007442180006427998	0.0022421337121960572
122.5	0.00024514183829990805	0.0007540807821925192	-0.005687251039759998	0.0018776883406824065	0.0006855966483360002	0.002199055137436192
127.5	-0.0009671102843783991	0.000724503045144423	-0.00544054660664	0.0018077128550707344	0.0006327987321010003	0.002140911740958602
132.5	-0.0015931406568518004	0.0007130333515894488	-0.005086982692546002	0.0017989957546382554	0.0006183068128160006	0.0020743703833246666
137.5	-0.0017638637133780002	0.000687209422455741	-0.004670037423340005	0.0017157099652357873	0.0006003493531802001	0.002120755224546231
142.5	-0.0016396523046269995	0.000674599047506216	-0.0043417566233000015	0.0015740911005918802	0.00048524786420140034	0.0019935065913639105
147.5	-0.0014568267414779982	0.000659688019036853	-0.004013121730917998	0.0014993779285654056	0.0004129429047631999	0.0019136987288277394
152.5	-0.001251881234443921	0.0006535374221521352	-0.003594665725179996	0.0014638037172617815	0.00033938694821240015	0.0018886985329690635
157.5	-0.0010680560672244005	0.0006214726850833094	-0.0032113735296799995	0.0014425577364013378	0.00033843578731219997	0.001851055812791408
162.5	-0.0009592178184296002	0.0006006636026844401	-0.0029017829149519964	0.0014286473966694515	0.00036496926373239967	0.0017518710488046813
167.5	-0.0008710662401780006	0.0005730337679780234	-0.0026118659456240002	0.0013624063432953093	0.0004294185589198001	0.00167038838906471
172.5	-0.0007934310353999997	0.0005635608595872259	-0.002387028567897201	0.001399554754773139	0.00038987249653376006	0.001643290929224809
177.5	-0.0007250314930673997	0.0005776550254297576	-0.0021542915631180006	0.0013411248587127508	0.0003938476199102002	0.0016307612042418423
182.5	-0.0006691656482595995	0.0005625858368366545	-0.0019329233553603993	0.0012301381986194058	0.0003808107444420001	0.00164759462181253
187.5	-0.0006027685982639994	0.0005325680474123066	-0.0016857298308958	0.001181719113531195	0.0003626367647096201	0.0015629900593431346
192.5	-0.0005929580941863997	0.0004996558948948188	-0.0014979507163714616	0.0011659121553325008	0.0003608413812538005	0.0015303159073180928
197.5	-0.0005622862665875998	0.00046138269060546337	-0.0013995253733464002	0.0010883983492088274	0.00032788661724599964	0.001455375724001116
