2.5	23.902036444	0.046528302674768506	-0.4168941848600004	0.04983383162234459	0.1422125573012	0.04693728469460772
7.5	4.237893095800001	0.007945862585497097	-0.14483094528	0.012201057347846291	0.03574592666460001	0.010771149295823875
12.5	1.4995520079999998	0.003515986709999915	-0.09640736305599994	0.006121059705807809	0.01766370981052	0.0055557071731277006
17.5	0.5812826858799999	0.002111312512712085	-0.07737964612800002	0.0041992033695633195	0.009056272165726595	0.0038055833395272405
22.5	0.1694603153199999	0.0014362050925913396	-0.06856560549199998	0.0031858820621704217	0.004197511642800419	0.0031720212551533504
27.5	-0.027848018953999982	0.001076259481375108	-0.06505813776200002	0.0027595170067792815	0.0014966028029658003	0.0026450242514157204
32.5	-0.09944408805199989	0.0009571185718581523	-0.06431280170800002	0.00239114644541469	-3.09537244826e-05	0.0024143431025559145
37.5	-0.05851118970400007	0.001016870419639907	-0.06124950486599999	0.0021951801692299527	0.00019136094492599998	0.0023155039122516765
42.5	0.011909282826600014	0.0010269753659775042	-0.04361193120399992	0.002055706438645071	0.0012634736977372002	0.002406336555152108
47.5	0.015244099431999992	0.000924768139026948	-0.02514142398799998	0.0018690616401779569	0.001757169486337997	0.0023238619432059465
52.5	0.009018897644399995	0.0008125425435022374	-0.017473745182000004	0.001733063168678585	0.0014960787392139985	0.0021528611025492203
57.5	0.0057582736766	0.0007168496783559871	-0.01398879739980001	0.0015442782785941268	0.0012085165954059999	0.001977012275914132
62.5	0.003843151732600002	0.0006731923054977521	-0.011545552696999977	0.0014625476182383453	0.0008721287293107995	0.0018303324822432465
67.5	0.0023255747163799995	0.0006241755982282351	-0.009533521438599995	0.0014268718993976717	0.000681096554898	0.001711754406896478
72.5	0.0011027816359852002	0.000552751507243897	-0.007921989230400002	0.0013732349690896647	0.0006034495928720001	0.0016150642686996554
77.5	0.0002783787567580001	0.0004910382485953926	-0.006537268763200004	0.0012687304106176747	0.0005467587703194002	0.0014574490906431288
82.5	0.00013069104945994005	0.0004651565379383527	-0.005421345378200001	0.0011195686645230467	0.00047044322908259997	0.0014133033207446855
87.5	0.0007221255566327999	0.00044024884036725155	-0.0044987405472000025	0.0010591918712065343	0.0005237780522680001	0.0013684655741194897
92.5	0.0017827978231400006	0.0004289648053310269	-0.003899707295159999	0.0010111273998034014	0.0004926696649742002	0.0012549785324876995
97.5	0.0028030919284000003	0.00041418993589523596	-0.0034420830496399955	0.001016519600228781	0.00048306291936756003	0.0012491343768874599
102.5	0.003210957390000001	0.0004067844384405226	-0.003055177079300001	0.0009833751879814547	0.0004105889059170002	0.0011719538425689307
107.5	0.002835546619600001	0.0003801071683291512	-0.0027062381392199994	0.0009218987195871818	0.00039256865288860005	0.001130816440798498
112.5	0.001838908897939999	0.0003675584062274767	-0.0024063411954999996	0.0008244094981382948	0.00034883388922380033	0.0011238231180605504
117.5	0.0006576609339665998	0.00034975839703098424	-0.0021817219369620012	0.0007609819044427966	0.0003359906021324001	0.0010458432278615168
122.5	-0.00028246146131420013	0.00033325180939714085	-0.0020776109975800022	0.0007241553247335246	0.00031470195519763986	0.0010016268018017145
127.5	-0.0008169476118763992	0.000324822917308847	-0.0020756610975399977	0.0007219385246564717	0.0002781458418614001	0.0009809663682146504
132.5	-0.0009727948150000006	0.000298996372289514	-0.0019799894343919986	0.0007117878321218229	0.00025930777143620015	0.000912342379306692
137.5	-0.0008825114196099993	0.0002970415034453182	-0.0018364625476800017	0.0006723113931198264	0.00024391286920735973	0.000922530025848669
142.5	-0.0007080773450935994	0.00028598550839376724	-0.0016752946115039986	0.0006308046697953061	0.0002562776625426602	0.0008626357005988008
147.5	-0.0005512644421172003	0.00027860016927116566	-0.0015330069010899997	0.000602842425567912	0.00020238090829099986	0.0008446019476616649
152.5	-0.00044508960619339997	0.00027547043129966237	-0.0013244011760960002	0.0005798009515323984	0.00017490514557359996	0.0008208196523026334
157.5	-0.00037002633806077997	0.0002710738060055016	-0.001172693021022	0.0005848502220155639	0.0001570254399998	0.0008001753295632754
162.5	-0.00032227106202185944	0.0002718356000035337	-0.0010423319540316005	0.0006184478941892378	0.000148866231529	0.0007681365500403591
167.5	-0.00030527361178914024	0.00025573694687539494	-0.0009583099464907994	0.0006038851283685043	0.00019077875466880004	0.0007537359884592029
172.5	-0.0002896682907371999	0.00023460647021924388	-0.0008477165157851997	0.0005927754278944528	0.00013034972993839996	0.0007277439348398105
177.5	-0.0002600329815952	0.00022795580929248641	-0.0007620312061619992	0.0005701701107592207	0.00015761523243160015	0.0007231654683409405
182.5	-0.0002421998375992999	0.0002113450307406018	-0.0006945101860349998	0.0005230042860926439	0.00016317650210839993	0.0007081945684927622
187.5	-0.0002260548424607999	0.0002095031729744227	-0.0006372126810524003	0.0005196073721001276	0.00017822506232802017	0.0006885921935896505
192.5	-0.00020573264016919798	0.0002118090698706453	-0.0005785159333623401	0.0005117393552347103	0.00017116291311099996	0.0006695302227032345
197.5	-0.00019459343557614022	0.00020085370301736017	-0.0005233900698825998	0.0004796783759602638	0.00017618269013000012	0.0006437603090897157
