0 5 656076 5.6468951e-06 6134.1139 5.2796776e-08
5 10 982832.01 8.4593084e-06 -12912.391 -1.1113791e-07
10 15 1410608 1.2141208e-05 -25694.024 -2.2115038e-07
15 20 1985936 1.7093099e-05 -32018.496 -2.7558558e-07
20 25 2865266 2.4661558e-05 -16917.865 -1.4561332e-07
25 30 4285536 3.6885928e-05 30300.854 2.6080171e-07
30 35 6680424.1 5.7498909e-05 140874.41 1.2125165e-06
35 40 9186849.9 7.9071902e-05 421549.55 3.6283084e-06
40 45 11528942 9.9230463e-05 760485.14 6.5455523e-06
45 50 14090162 0.00012127507 999652.32 8.604082e-06
50 55 16855280 0.00014507465 1334744.7 1.1488247e-05
55 60 19852422 0.00017087128 1642800.4 1.4139706e-05
60 65 23037222 0.00019828309 2145261.7 1.8464428e-05
65 70 26394620 0.00022718046 2604463.7 2.2416814e-05
70 75 29971598 0.00025796778 3181467.3 2.7383126e-05
75 80 33688682 0.000289961 3650267.3 3.1418123e-05
80 85 37617684 0.00032377821 4287681.3 3.6904392e-05
85 90 41675544 0.00035870452 4925403.8 4.2393318e-05
90 95 45858574 0.00039470817 5654340.6 4.8667331e-05
95 100 50230504 0.00043233769 6525519.8 5.6165635e-05
100 105 54731869 0.00047108128 7317522 6.2982458e-05
105 110 59290419 0.00051031706 8017601.7 6.9008096e-05
110 115 63946397 0.00055039141 8955121.5 7.7077398e-05
115 120 68691883 0.00059123616 9963783.7 8.5759029e-05
120 125 73662916 0.00063402221 10813148 9.3069567e-05
125 130 78568257 0.00067624285 11709687 0.00010078615
130 135 83578128 0.00071936318 12776114 0.00010996497
135 140 88747690 0.00076385799 13825509 0.00011899718
140 145 93961965 0.00080873764 14818678 0.00012754547
145 150 99144758 0.00085334632 15685096 0.00013500279
150 155 1.0430462e+08 0.00089775763 16724180 0.00014394627
155 160 1.0964192e+08 0.00094369615 17739869 0.00015268837
160 165 1.1497882e+08 0.00098963131 18737918 0.00016127866
165 170 1.2051986e+08 0.0010373234 19637899 0.00016902486
170 175 1.2597275e+08 0.0010842569 20663824 0.00017785507
175 180 1.3152057e+08 0.0011320074 21831956 0.00018790927
180 185 1.3720548e+08 0.0011809378 22859565 0.00019675398
185 190 1.4263465e+08 0.001227667 24027207 0.00020680396
190 195 1.4816362e+08 0.0012752553 24615021 0.00021186332
195 200 1.5379907e+08 0.0013237601 25091298 0.00021596267
