0 5 652844.02 5.6112713e-06 3331.5173 2.8634784e-08
5 10 975639.99 8.3857408e-06 -18222.423 -1.5662387e-07
10 15 1403562 1.2063781e-05 -28934.975 -2.4869953e-07
15 20 1982220 1.7037415e-05 -28435.071 -2.4440279e-07
20 25 2842338 2.443023e-05 -20330.123 -1.7473981e-07
25 30 4271206 3.6711519e-05 496.87342 4.2706857e-09
30 35 6640092.1 5.7072374e-05 148489.71 1.2762866e-06
35 40 9137389.9 7.8536943e-05 377577.09 3.2453196e-06
40 45 11520514 9.9020176e-05 728561.43 6.2620714e-06
45 50 14059844 0.00012084602 1033731.6 8.8850448e-06
50 55 16808016 0.00014446688 1362269.9 1.170887e-05
55 60 19744148 0.00016970328 1743361.1 1.4984394e-05
60 65 22928858 0.00019707624 2146013.3 1.8445237e-05
65 70 26294034 0.00022600032 2575400.6 2.2135872e-05
70 75 29857638 0.00025662992 3143041.6 2.7014813e-05
75 80 33615124 0.00028892595 3713955.2 3.1921883e-05
80 85 37532682 0.00032259783 4298468.7 3.6945846e-05
85 90 41579250 0.00035737856 5004737.8 4.3016312e-05
90 95 45807404 0.00039372004 5624220.4 4.8340837e-05
95 100 50102776 0.00043063927 6333251.4 5.4435043e-05
100 105 54608215 0.00046936405 7107989.3 6.1094006e-05
105 110 59176997 0.00050863327 8050948.7 6.9198854e-05
110 115 63887239 0.00054911836 8859245.1 7.6146256e-05
115 120 68644291 0.00059000578 9784364.8 8.409777e-05
120 125 73516885 0.00063188629 10690565 9.1886664e-05
125 130 78483034 0.00067457093 11547407 9.9251329e-05
130 135 83548778 0.0007181116 12479599 0.00010726363
135 140 88737005 0.00076270502 13582315 0.0001167416
140 145 93980630 0.0008077746 14373565 0.00012354249
145 150 99253548 0.00085309595 15500198 0.00013322603
150 155 1.0456374e+08 0.00089873766 16460751 0.0001414821
155 160 1.0998578e+08 0.00094534072 17433623 0.00014984405
160 165 1.1539086e+08 0.00099179803 18491607 0.00015893755
165 170 1.2091388e+08 0.0010392691 19180439 0.00016485813
170 175 1.2634995e+08 0.0010859928 20021266 0.00017208514
175 180 1.319259e+08 0.0011339186 20996306 0.00018046572
180 185 1.3753399e+08 0.0011821209 22082587 0.00018980244
185 190 1.4309225e+08 0.0012298948 23110409 0.00019863669
190 195 1.4870494e+08 0.0012781365 24260318 0.0002085203
195 200 1.5440307e+08 0.0013271126 25125333 0.0002159552
