0 5 657567.98 5.689141e-06 -10208.13 -8.8318614e-08
5 10 980372 8.481974e-06 -43008.963 -3.7210457e-07
10 15 1403134 1.2139622e-05 -45081.113 -3.9003238e-07
15 20 1977972 1.7113001e-05 -65729.582 -5.6867862e-07
20 25 2836352 2.4539526e-05 -69451.549 -6.0088031e-07
25 30 4258942 3.6847477e-05 -36425.849 -3.1514884e-07
30 35 6647737.8 5.751484e-05 129854.87 1.1234772e-06
35 40 9152135.9 7.918237e-05 423395.39 3.6631286e-06
40 45 11482466 9.9343899e-05 752436.59 6.5099244e-06
45 50 13975260 0.00012091103 1007041.3 8.7127116e-06
50 55 16706142 0.00014453805 1337871 1.1574981e-05
55 60 19692920 0.00017037903 1679714 1.4532535e-05
60 65 22874280 0.0001979035 2136956.4 1.84885e-05
65 70 26248318 0.00022709497 2572344.4 2.2255387e-05
70 75 29811992 0.00025792713 3086191 2.6701081e-05
75 80 33570410 0.00029044418 3612686.1 3.1256206e-05
80 85 37388042 0.00032347354 4163311.5 3.6020102e-05
85 90 41461610 0.0003587172 4657818.8 4.0298476e-05
90 95 45682412 0.0003952347 5436423.1 4.7034798e-05
95 100 49996132 0.0004325561 6249687 5.4070988e-05
100 105 54416769 0.00047080253 6998169.7 6.0546704e-05
105 110 59009498 0.00051053786 7898903.9 6.8339668e-05
110 115 63680875 0.00055095364 8771928 7.5892891e-05
115 120 68437397 0.00059210608 9599749.3 8.3055027e-05
120 125 73279085 0.00063399535 10432250 9.0257654e-05
125 130 78169420 0.00067630551 11397053 9.8604927e-05
130 135 83255987 0.00072031342 12415095 0.00010741281
135 140 88368232 0.0007645435 13225734 0.00011442629
140 145 93572662 0.00080957114 14083992 0.00012185176
145 150 98769075 0.00085452943 15080339 0.00013047194
150 155 1.0410867e+08 0.00090072652 16014199 0.00013855151
155 160 1.0943259e+08 0.00094678794 16964562 0.00014677385
160 165 1.147864e+08 0.00099310799 17831786 0.00015427689
165 170 1.2026914e+08 0.0010405435 19004212 0.00016442048
170 175 1.2573311e+08 0.0010878167 20117361 0.00017405121
175 180 1.3128734e+08 0.0011358706 20888009 0.0001807187
180 185 1.3674946e+08 0.0011831278 21646679 0.00018728255
185 190 1.4231477e+08 0.0012312777 22477385 0.00019446964
190 195 1.4799344e+08 0.0012804084 23381269 0.00020228986
195 200 1.5357549e+08 0.0013287031 24280030 0.00021006575
