0 5 653544 5.6267196e-06 -3093.5727 -2.6634268e-08
5 10 973973.98 8.3854774e-06 -35214.272 -3.0317902e-07
10 15 1407990 1.212216e-05 -46086.307 -3.9678235e-07
15 20 1987834 1.7114356e-05 -70459.916 -6.0662815e-07
20 25 2842708 2.4474436e-05 -73034.208 -6.2879164e-07
25 30 4247030 3.6565016e-05 -44731.484 -3.8511794e-07
30 35 6633234 5.7109158e-05 143096.2 1.2319939e-06
35 40 9139694.2 7.8688652e-05 475465.14 4.0935408e-06
40 45 11521908 9.9198441e-05 765317.34 6.5890377e-06
45 50 14058206 0.00012103482 1080934.9 9.306363e-06
50 55 16795580 0.00014460238 1381905.2 1.1897582e-05
55 60 19709744 0.00016969202 1701524.7 1.4649362e-05
60 65 22909994 0.00019724473 2044732.8 1.7604229e-05
65 70 26245212 0.00022595946 2553408.2 2.1983695e-05
70 75 29788282 0.00025646369 3195170.8 2.7508982e-05
75 80 33518984 0.00028858336 3842632.3 3.3083334e-05
80 85 37414284 0.00032212014 4336915.5 3.733889e-05
85 90 41470780 0.00035704474 5021804 4.3235472e-05
90 95 45698032 0.00039343948 5682557.3 4.8924259e-05
95 100 50027210 0.00043071175 6429802.5 5.5357705e-05
100 105 54452251 0.00046880937 7223585.6 6.219182e-05
105 110 58978708 0.00050778012 8044868.6 6.9262696e-05
110 115 63613683 0.00054768517 8874211.8 7.6402968e-05
115 120 68415766 0.00058902894 9677264.4 8.3316889e-05
120 125 73245756 0.00063061298 10576267 9.1056894e-05
125 130 78226037 0.00067349096 11540072 9.9354823e-05
130 135 83244777 0.00071670005 12699923 0.00010934062
135 140 88346152 0.00076062059 13819377 0.00011897862
140 145 93566384 0.00080556444 14840523 0.00012777022
145 150 98746497 0.00085016287 15549779 0.0001338766
150 155 1.0399197e+08 0.00089532402 16321489 0.00014052067
155 160 1.093784e+08 0.00094169875 17318445 0.00014910401
160 165 1.1492067e+08 0.00098941521 18374275 0.00015819424
165 170 1.2039301e+08 0.0010365296 19465015 0.00016758502
170 175 1.2586903e+08 0.0010836757 20637246 0.0001776774
175 180 1.3124655e+08 0.0011299737 21422877 0.00018444132
180 185 1.367676e+08 0.0011775074 22433728 0.00019314429
185 190 1.4232872e+08 0.0012253862 22942623 0.00019752565
190 195 1.4789705e+08 0.001273327 23969659 0.00020636797
195 200 1.5349594e+08 0.0013215309 25001160 0.00021524873
