0 5 659124 5.7164499e-06 -4743.5029 -4.1139447e-08
5 10 977015.98 8.4734632e-06 -24656.701 -2.1384261e-07
10 15 1398900 1.2132378e-05 -51392.173 -4.4571398e-07
15 20 1974438 1.7123904e-05 -71704.175 -6.2187589e-07
20 25 2834390 2.4582094e-05 -80879.237 -7.0144936e-07
25 30 4247974 3.6841824e-05 -66658.585 -5.7811651e-07
30 35 6611778.2 5.7342623e-05 144236.9 1.2509376e-06
35 40 9109260 7.900278e-05 491547.48 4.2630924e-06
40 45 11478502 9.9550738e-05 795585.22 6.8999506e-06
45 50 13948826 0.00012097536 1044600.8 9.0596124e-06
50 55 16663886 0.00014452253 1360005.3 1.1795053e-05
55 60 19632708 0.00017027053 1662399.4 1.4417656e-05
60 65 22801614 0.00019775381 2084548.9 1.8078874e-05
65 70 26171618 0.00022698118 2583606.6 2.2407101e-05
70 75 29701858 0.00025759824 3137707.5 2.7212706e-05
75 80 33429994 0.00028993161 3804987.7 3.2999894e-05
80 85 37278460 0.00032330859 4319558.7 3.7462664e-05
85 90 41276260 0.0003579807 4946186.3 4.2897279e-05
90 95 45437372 0.00039406919 5620005 4.8741174e-05
95 100 49741630 0.00043139915 6268173.5 5.4362608e-05
100 105 54175193 0.00046985055 7091516.3 6.1503294e-05
105 110 58645573 0.00050862126 7838057.7 6.7977898e-05
110 115 63269151 0.00054872062 8835113.6 7.6625164e-05
115 120 68040712 0.00059010341 9645833.8 8.3656377e-05
120 125 72866341 0.00063195512 10622125 9.2123557e-05
125 130 77753439 0.00067433994 11640162 0.00010095278
130 135 82797648 0.00071808735 12680981 0.0001099796
135 140 87792967 0.00076141075 13589805 0.00011786165
140 145 92949124 0.00080612906 14486334 0.00012563706
145 150 98084290 0.00085066532 15449602 0.0001339913
150 155 1.0328231e+08 0.00089574667 16251961 0.00014094999
155 160 1.0852578e+08 0.00094122231 17205280 0.00014921793
160 165 1.1399415e+08 0.00098864834 18091903 0.00015690744
165 170 1.1941954e+08 0.0010357017 19044113 0.00016516577
170 175 1.2476962e+08 0.0010821018 20015855 0.00017359349
175 180 1.3024808e+08 0.0011296154 21035250 0.00018243449
180 185 1.3576158e+08 0.0011774329 22079307 0.00019148939
185 190 1.4128305e+08 0.0012253194 22915823 0.00019874433
190 195 1.4674697e+08 0.001272707 23824783 0.00020662755
195 200 1.5220925e+08 0.0013200802 24732464 0.00021449969
