0 5 658795.99 5.7144129e-06 -1201.3492 -1.0420533e-08
5 10 967753.99 8.3943223e-06 -32561.908 -2.8244281e-07
10 15 1396680 1.2114837e-05 -34571.021 -2.998699e-07
15 20 1969470 1.7083232e-05 -47522.512 -4.1221146e-07
20 25 2828626 2.4535573e-05 -84239.29 -7.306937e-07
25 30 4230808 3.6698134e-05 -29056.531 -2.5203707e-07
30 35 6615294 5.7381226e-05 149826.54 1.2995992e-06
35 40 9097622.1 7.8913002e-05 435218.97 3.7751003e-06
40 45 11442346 9.9251195e-05 716355.63 6.2136867e-06
45 50 13942044 0.00012093364 1005744.7 8.7238548e-06
50 55 16669028 0.00014458757 1368701.4 1.187215e-05
55 60 19603728 0.00017004323 1755381.4 1.5226222e-05
60 65 22761552 0.00019743427 2072265.1 1.797488e-05
65 70 26152484 0.0002268473 2431501 2.10909e-05
70 75 29636316 0.00025706615 2894712.8 2.5108811e-05
75 80 33305116 0.00028888941 3474821 3.0140684e-05
80 85 37181030 0.00032250919 4155180 3.6042135e-05
85 90 41265588 0.00035793874 4888471 4.2402719e-05
90 95 45436520 0.00039411751 5634022.8 4.8869655e-05
95 100 49745512 0.00043149381 6330412.8 5.4910159e-05
100 105 54124110 0.00046947388 7033851 6.1011799e-05
105 110 58643835 0.00050867809 7700464.1 6.6794018e-05
110 115 63292553 0.00054900119 8576498 7.4392758e-05
115 120 68116086 0.00059084063 9444715 8.1923694e-05
120 125 72872491 0.00063209781 10316365 8.9484412e-05
125 130 77768496 0.00067456588 11306681 9.8074434e-05
130 135 82784075 0.00071807114 12121743 0.0001051443
135 140 87877444 0.00076225114 13195814 0.00011446082
140 145 92945688 0.00080621322 14183451 0.00012302761
145 150 98182264 0.00085163542 15069760 0.00013071547
150 155 1.0343156e+08 0.0008971679 15996768 0.00013875636
155 160 1.0880299e+08 0.00094375986 16914575 0.00014671745
160 165 1.1411387e+08 0.00098982657 17809999 0.00015448438
165 170 1.1961849e+08 0.0010375738 18796346 0.00016303998
170 175 1.2511382e+08 0.0010852404 19701311 0.00017088966
175 180 1.3056038e+08 0.001132484 20479093 0.00017763617
180 185 1.3602475e+08 0.0011798821 21552792 0.00018694946
185 190 1.4153378e+08 0.0012276676 22376182 0.00019409156
190 195 1.470258e+08 0.0012753054 23108533 0.00020044399
195 200 1.5269576e+08 0.0013244868 23968359 0.00020790214
