0 5 659217.99 5.7137646e-06 -5778.8383 -5.0088016e-08
5 10 981239.99 8.5048866e-06 -25883.068 -2.243412e-07
10 15 1405478 1.2181965e-05 -45591.735 -3.9516585e-07
15 20 1977178 1.7137168e-05 -72508.566 -6.2846718e-07
20 25 2834188 2.4565293e-05 -50056.689 -4.3386579e-07
25 30 4249516 3.6832632e-05 -14961.81 -1.2968132e-07
30 35 6629792.1 5.7463649e-05 216579.84 1.8772033e-06
35 40 9103670 7.8905958e-05 485754.5 4.2102717e-06
40 45 11490680 9.959534e-05 773880.15 6.7075975e-06
45 50 13984706 0.00012121228 986668.91 8.5519418e-06
50 55 16716626 0.00014489117 1307286.9 1.1330894e-05
55 60 19653844 0.00017034947 1596982.8 1.384183e-05
60 65 22854756 0.00019809334 2150897.3 1.8642878e-05
65 70 26208940 0.00022716569 2656834.1 2.302808e-05
70 75 29780386 0.00025812116 3204354.3 2.7773705e-05
75 80 33508208 0.00029043202 3755778.8 3.2553171e-05
80 85 37326566 0.00032352759 4198481.5 3.6390291e-05
85 90 41348294 0.00035838587 4775924.5 4.1395272e-05
90 95 45565682 0.00039494004 5456586.3 4.72949e-05
95 100 49930062 0.00043276825 6255527.2 5.4219712e-05
100 105 54344192 0.00047102768 7040290.3 6.1021637e-05
105 110 58930471 0.0005107792 7810664.6 6.7698848e-05
110 115 63556869 0.00055087845 8691909.3 7.5337027e-05
115 120 68293101 0.00059192969 9613911.1 8.3328467e-05
120 125 73174337 0.00063423774 10598188 9.1859679e-05
125 130 78063036 0.00067661049 11309973 9.8029061e-05
130 135 83076138 0.00072006149 12232136 0.0001060219
135 140 88182545 0.00076432122 13139368 0.00011388533
140 145 93387373 0.00080943401 14183764 0.00012293761
145 150 98660565 0.00085513934 15081848 0.00013072175
150 155 1.0393688e+08 0.00090087171 16071535 0.00013929985
155 160 1.0929674e+08 0.00094732824 17160002 0.00014873412
160 165 1.1464921e+08 0.00099372071 18192828 0.00015768613
165 170 1.2016842e+08 0.0010415584 18880338 0.00016364512
170 175 1.2571603e+08 0.0010896423 20050959 0.00017379146
175 180 1.3125517e+08 0.0011376527 20832810 0.00018056815
180 185 1.3673576e+08 0.0011851557 21976993 0.00019048534
185 190 1.4231307e+08 0.0012334969 22834972 0.00019792186
190 195 1.4773165e+08 0.0012804625 23586024 0.0002044316
195 200 1.5341944e+08 0.0013297613 24159793 0.00020940474
