0 5 656666.01 5.6781969e-06 1345.1191 1.1631257e-08
5 10 978827.99 8.4639345e-06 -23270.162 -2.012173e-07
10 15 1410128 1.2193389e-05 -16358.188 -1.414494e-07
15 20 1985326 1.7167132e-05 -35404.829 -3.0614587e-07
20 25 2847554 2.4622825e-05 -64208.378 -5.5521042e-07
25 30 4248600 3.6737683e-05 -32411.819 -2.8026529e-07
30 35 6600414.1 5.707384e-05 131777.88 1.1394845e-06
35 40 9065550 7.8389893e-05 403359.21 3.4878508e-06
40 45 11435102 9.8879429e-05 713240.46 6.1673967e-06
45 50 13958848 0.00012070228 960687.62 8.3070746e-06
50 55 16674894 0.00014418796 1272081.4 1.0999699e-05
55 60 19604680 0.00016952185 1684552.7 1.4566343e-05
60 65 22785356 0.00019702518 2091551.5 1.8085665e-05
65 70 26128570 0.00022593398 2621545.7 2.2668529e-05
70 75 29623058 0.00025615085 3138261.2 2.7136573e-05
75 80 33321300 0.00028812958 3631927.2 3.1405307e-05
80 85 37245858 0.00032206527 4240010.5 3.6663409e-05
85 90 41268618 0.00035685011 4863092.2 4.2051202e-05
90 95 45429588 0.00039283006 5618951.1 4.8587121e-05
95 100 49647176 0.00042929958 6454413 5.5811367e-05
100 105 54051487 0.0004673837 7127908.2 6.1635087e-05
105 110 58555622 0.00050633099 7895997.2 6.8276759e-05
110 115 63181096 0.00054632751 8631006.3 7.463239e-05
115 120 67908987 0.00058720962 9624676.1 8.3224661e-05
120 125 72735660 0.0006289459 10730271 9.2784748e-05
125 130 77676091 0.00067166586 11438745 9.8910932e-05
130 135 82591332 0.000714168 12322859 0.00010655587
135 140 87555150 0.00075709018 13411276 0.00011596742
140 145 92773034 0.00080220926 14289718 0.00012356332
145 150 98037307 0.00084772948 15353287 0.00013276001
150 155 1.0322569e+08 0.00089259345 16214386 0.00014020595
155 160 1.0850635e+08 0.00093825536 17171111 0.00014847875
160 165 1.1397696e+08 0.00098555978 18078496 0.00015632492
165 170 1.1939993e+08 0.0010324523 18999754 0.00016429104
170 175 1.2478203e+08 0.0010789913 19823800 0.00017141658
175 180 1.3019039e+08 0.0011257575 20796388 0.00017982655
180 185 1.3569753e+08 0.0011733777 21697122 0.00018761521
185 190 1.4124682e+08 0.0012213626 22500925 0.0001945657
190 195 1.4673816e+08 0.0012688462 23012731 0.0001989913
195 200 1.5247375e+08 0.0013184419 23709840 0.0002050192
