0 5 659350.01 5.6822408e-06 264.49273 2.2793832e-09
5 10 983976.01 8.4798491e-06 -29089.234 -2.5068936e-07
10 15 1406594 1.2121947e-05 -38589.498 -3.3256209e-07
15 20 1990002 1.7149724e-05 -60879.012 -5.2465185e-07
20 25 2860068 2.4647903e-05 -66383.559 -5.7208972e-07
25 30 4279702 3.6882228e-05 -35949.486 -3.0981061e-07
30 35 6657950.2 5.7377835e-05 140355.08 1.2095721e-06
35 40 9158519.9 7.8927601e-05 473746.59 4.0827211e-06
40 45 11536768 9.9423208e-05 702527.39 6.0543409e-06
45 50 14087032 0.00012140124 1004585.3 8.6574585e-06
50 55 16841902 0.00014514255 1368250.5 1.1791505e-05
55 60 19800612 0.00017064054 1759608 1.5164201e-05
60 65 22957974 0.00019785051 2160827.2 1.8621886e-05
65 70 26363536 0.00022719945 2671509.3 2.3022914e-05
70 75 29895236 0.00025763544 3242833.4 2.7946553e-05
75 80 33635124 0.00028986558 3737391.4 3.2208626e-05
80 85 37545908 0.00032356849 4284847 3.6926567e-05
85 90 41612554 0.00035861461 4947796.5 4.2639828e-05
90 95 45812374 0.00039480842 5636454.3 4.8574641e-05
95 100 50148492 0.00043217684 6423596.4 5.5358187e-05
100 105 54570426 0.00047028481 7239221.2 6.2387195e-05
105 110 59136171 0.00050963214 8172818.5 7.0432883e-05
110 115 63771489 0.00054957905 8992445.4 7.7496381e-05
115 120 68544038 0.0005907086 9870697.8 8.506511e-05
120 125 73333176 0.00063198112 10738107 9.2540394e-05
125 130 78302459 0.00067480612 11808829 0.00010176782
130 135 83262998 0.00071755576 12815976 0.00011044735
135 140 88406535 0.00076188247 13868882 0.00011952123
140 145 93478274 0.00080559043 14772644 0.0001273098
145 150 98731345 0.00085086109 15747534 0.00013571135
150 155 1.0403289e+08 0.00089654947 16993258 0.00014644692
155 160 1.0934766e+08 0.00094235189 17902816 0.00015428545
160 165 1.1469024e+08 0.00098839392 18616282 0.00016043405
165 170 1.2006489e+08 0.0010347123 19536977 0.00016836855
170 175 1.2547169e+08 0.0010813078 20600798 0.0001775365
175 180 1.3099999e+08 0.0011289504 21636410 0.00018646135
180 185 1.3656755e+08 0.0011769313 22702560 0.00019564937
185 190 1.4202544e+08 0.0012239671 23665446 0.00020394746
190 195 1.4765354e+08 0.0012724698 24719090 0.0002130277
195 200 1.5317357e+08 0.0013200411 25560427 0.0002202783
