0 5 655954.01 5.7619275e-06 6731.1603 5.9126794e-08
5 10 971872.02 8.5369645e-06 -18943.051 -1.6639655e-07
10 15 1393510 1.224065e-05 -30594.48 -2.6874319e-07
15 20 1954358 1.7167162e-05 -34566.198 -3.0363093e-07
20 25 2806964 2.4656489e-05 -21936.803 -1.9269379e-07
25 30 4202628 3.691606e-05 12986.536 1.1407427e-07
30 35 6557848.2 5.7604413e-05 191198.78 1.6794981e-06
35 40 9011163.8 7.915444e-05 441625.29 3.879255e-06
40 45 11363996 9.9821817e-05 681632.95 5.9874924e-06
45 50 13837114 0.00012154579 990863.5 8.7037865e-06
50 55 16525848 0.00014516374 1330826.1 1.1690033e-05
55 60 19430560 0.00017067885 1709792.9 1.5018892e-05
60 65 22574504 0.00019829539 2125575.9 1.8671148e-05
65 70 25917946 0.00022766432 2567707.1 2.2554847e-05
70 75 29440944 0.00025861049 3086203.7 2.7109343e-05
75 80 33121706 0.00029094245 3600668.3 3.1628421e-05
80 85 36973172 0.00032477389 4134891.2 3.6321058e-05
85 90 40929884 0.00035952982 4696491.6 4.1254179e-05
90 95 45105008 0.00039620428 5377789.1 4.7238725e-05
95 100 49398698 0.00043392023 6224124.8 5.4672973e-05
100 105 53815684 0.00047271922 6978514.8 6.1299566e-05
105 110 58314460 0.00051223666 7815234.5 6.8649347e-05
110 115 62853209 0.00055210522 8498160.9 7.4648201e-05
115 120 67440196 0.00059239751 9482500.7 8.3294683e-05
120 125 72211630 0.00063430998 10309466 9.055878e-05
125 130 77103953 0.00067728435 11253507 9.885128e-05
130 135 82128645 0.00072142146 12155604 0.00010677534
135 140 87151329 0.00076554092 13046399 0.00011460012
140 145 92266126 0.00081046952 14214174 0.0001248579
145 150 97462016 0.00085611043 15223254 0.0001337217
150 155 1.0271695e+08 0.00090226995 16068701 0.00014114814
155 160 1.0787891e+08 0.00094761286 17054848 0.0001498105
160 165 1.1325924e+08 0.00099487389 18161106 0.00015952792
165 170 1.1865195e+08 0.0010422437 19148755 0.00016820347
170 175 1.2400852e+08 0.001089296 20126930 0.0001767958
175 180 1.293174e+08 0.0011359294 21063928 0.00018502642
180 185 1.3481548e+08 0.0011842249 21691945 0.00019054295
185 190 1.4025651e+08 0.001232019 22777249 0.00020007631
190 195 1.457994e+08 0.001280708 23793664 0.00020900454
195 200 1.5127856e+08 0.0013288372 24612354 0.00021619595
