0 5 654341.99 5.6711346e-06 6207.5462 5.3800352e-08
5 10 974574.02 8.4465623e-06 -17094.574 -1.4815743e-07
10 15 1400934 1.2141793e-05 -21226.897 -1.8397198e-07
15 20 1975858 1.7124618e-05 -34315.934 -2.9741371e-07
20 25 2840950 2.4622307e-05 -34611.193 -2.999727e-07
25 30 4235274 3.6706812e-05 25605.578 2.2192169e-07
30 35 6578102.1 5.7011934e-05 180492.6 1.5643163e-06
35 40 9045931.7 7.8400434e-05 419397.73 3.6348897e-06
40 45 11390548 9.8721055e-05 734413.57 6.3651091e-06
45 50 13923676 0.00012067549 951055.35 8.2427277e-06
50 55 16655814 0.00014435473 1250544.5 1.0838379e-05
55 60 19599412 0.00016986668 1616697.1 1.4011796e-05
60 65 22751186 0.00019718288 2090192.9 1.811555e-05
65 70 26126160 0.00022643353 2620205.3 2.2709129e-05
70 75 29657400 0.00025703853 3039771.9 2.6345483e-05
75 80 33375894 0.00028926645 3617105.5 3.1349191e-05
80 85 37230550 0.00032267447 4282066 3.7112356e-05
85 90 41194086 0.00035702616 4926202 4.2695036e-05
90 95 45378354 0.0003932909 5660820.9 4.9061924e-05
95 100 49680098 0.0004305738 6359942.2 5.5121158e-05
100 105 54108002 0.00046895012 7049268.9 6.1095502e-05
105 110 58592416 0.00050781622 7934406.9 6.8766929e-05
110 115 63268738 0.00054834556 8678368.2 7.5214788e-05
115 120 67968646 0.00058907933 9538952.3 8.2673407e-05
120 125 72709452 0.00063016754 10475050 9.0786502e-05
125 130 77592007 0.00067248429 11648366 0.00010095554
130 135 82592031 0.00071581914 12559114 0.00010884893
135 140 87699086 0.00076008162 13646504 0.00011827326
140 145 92872020 0.00080491506 14632612 0.00012681979
145 150 98069360 0.00084996002 15370202 0.00013321243
150 155 1.0328891e+08 0.00089519752 16409580 0.00014222064
155 160 1.0859431e+08 0.00094117897 17357250 0.00015043403
160 165 1.1390614e+08 0.00098721622 18302061 0.00015862263
165 170 1.1930628e+08 0.0010340189 19233301 0.00016669363
170 175 1.2464609e+08 0.0010802986 20116971 0.00017435232
175 180 1.3016748e+08 0.0011281521 21106588 0.00018292926
180 185 1.3573152e+08 0.0011763752 21932614 0.00019008838
185 190 1.4118119e+08 0.0012236071 22931879 0.00019874893
190 195 1.4669551e+08 0.0012713993 23998511 0.00020799335
195 200 1.5220327e+08 0.0013191347 24844921 0.00021532913
