0 5 660160.01 5.6336484e-06 -4870.7796 -4.1566074e-08
5 10 986924.01 8.4221746e-06 -23644.564 -2.0177708e-07
10 15 1417098 1.2093177e-05 -31707.328 -2.7058279e-07
15 20 1998212 1.7052266e-05 -45542.863 -3.8865196e-07
20 25 2875218 2.4536426e-05 -37771.648 -3.2233425e-07
25 30 4305928 3.6745765e-05 9712.7523 8.2886317e-08
30 35 6685509.8 5.705255e-05 145006.89 1.2374543e-06
35 40 9257745.9 7.90034e-05 407509.95 3.4775929e-06
40 45 11655164 9.9462395e-05 680731.87 5.8092038e-06
45 50 14182848 0.00012103305 991552.64 8.4616742e-06
50 55 16965758 0.00014478174 1333195.6 1.1377174e-05
55 60 19971432 0.00017043145 1741553.3 1.4862001e-05
60 65 23169626 0.00019772407 2193454.7 1.871842e-05
65 70 26585776 0.00022687669 2667981.9 2.2767923e-05
70 75 30209032 0.00025779669 3107828.5 2.6521469e-05
75 80 34000836 0.00029015504 3692245.3 3.1508743e-05
80 85 37935882 0.00032373579 4296899 3.6668713e-05
85 90 42071116 0.00035902489 4971111.6 4.2422283e-05
90 95 46318528 0.00039527129 5719191 4.8806215e-05
95 100 50688196 0.000432561 6542458.9 5.5831787e-05
100 105 55220168 0.00047123578 7370246.8 6.2895932e-05
105 110 59806579 0.00051037512 8153770.3 6.9582335e-05
110 115 64585171 0.00055115448 8779750.4 7.49243e-05
115 120 69387930 0.00059214008 9609655.7 8.2006515e-05
120 125 74289028 0.00063396489 10593253 9.0400296e-05
125 130 79220870 0.00067605206 11655727 9.9467197e-05
130 135 84353992 0.0007198569 13046798 0.00011133827
135 140 89567036 0.00076434377 13852087 0.00011821042
140 145 94775165 0.00080878871 14819131 0.00012646294
145 150 1.0013195e+08 0.00085450223 15752969 0.00013443209
150 155 1.0551513e+08 0.00090044104 16818323 0.00014352357
155 160 1.1093084e+08 0.0009466574 17749636 0.00015147117
160 165 1.1645252e+08 0.00099377808 18754725 0.00016004836
165 170 1.2198134e+08 0.0010409598 19595866 0.00016722645
170 175 1.2753821e+08 0.0010883808 20633450 0.00017608095
175 180 1.3317349e+08 0.0011364709 21630888 0.00018459285
180 185 1.3874275e+08 0.0011839976 22700139 0.00019371759
185 190 1.4441332e+08 0.0012323889 23763089 0.00020278855
190 195 1.4998483e+08 0.0012799349 24830446 0.00021189712
195 200 1.5560264e+08 0.0013278759 25597755 0.00021844515
