0 5 657021.99 5.6946302e-06 5186.0444 4.4949187e-08
5 10 974294 8.4445331e-06 -29503.426 -2.5571609e-07
10 15 1404618 1.2174296e-05 -45246.25 -3.9216444e-07
15 20 1984918 1.7203951e-05 -46909.463 -4.0658006e-07
20 25 2827394 2.4505973e-05 -60098.701 -5.2089562e-07
25 30 4236086 3.671558e-05 -12238.543 -1.0607556e-07
30 35 6601860 5.7220537e-05 180931.57 1.5681947e-06
35 40 9085066 7.8743316e-05 424125.07 3.6760343e-06
40 45 11454116 9.9276668e-05 769108.88 6.6661249e-06
45 50 14035130 0.00012164718 1071173 9.2842156e-06
50 55 16754172 0.00014521403 1298407.3 1.1253732e-05
55 60 19677096 0.000170548 1613288.1 1.398291e-05
60 65 22811380 0.00019771389 2055298.1 1.7813959e-05
65 70 26170802 0.00022683113 2514446.7 2.1793553e-05
70 75 29684458 0.00025728516 3119489.9 2.7037666e-05
75 80 33409786 0.00028957383 3725523.9 3.2290366e-05
80 85 37298944 0.00032328247 4315458.4 3.7403527e-05
85 90 41336222 0.00035827491 4904643.6 4.2510192e-05
90 95 45537630 0.00039468993 5508296.1 4.7742251e-05
95 100 49917712 0.00043265357 6219425 5.3905844e-05
100 105 54373429 0.00047127276 7128146.1 6.1782035e-05
105 110 58906117 0.00051055909 8087947.1 7.0100952e-05
110 115 63576935 0.00055104264 8826133.3 7.649906e-05
115 120 68283601 0.00059183689 9682746.9 8.3923617e-05
120 125 73126691 0.00063381358 10530999 9.12757e-05
125 130 78003847 0.00067608553 11446303 9.9208953e-05
130 135 83098573 0.00072024322 12417590 0.00010762742
135 140 88127424 0.00076382996 13411165 0.00011623907
140 145 93304878 0.0008087047 14447864 0.00012522448
145 150 98551827 0.00085418176 15285550 0.00013248499
150 155 1.0382556e+08 0.000899891 15977174 0.00013847953
155 160 1.0915897e+08 0.0009461174 17104156 0.00014824746
160 165 1.1451221e+08 0.00099251574 18140200 0.0001572272
165 170 1.2003688e+08 0.0010403999 19188368 0.00016631203
170 175 1.2543915e+08 0.0010872232 20031198 0.00017361711
175 180 1.3086031e+08 0.0011342103 20876029 0.00018093955
180 185 1.3636557e+08 0.0011819262 21815411 0.00018908149
185 190 1.4201013e+08 0.0012308495 22634481 0.00019618064
190 195 1.4759751e+08 0.0012792772 23540210 0.0002040309
195 200 1.5310891e+08 0.0013270464 24415199 0.00021161473
