0 5 657325.99 5.6981037e-06 8723.7505 7.5622805e-08
5 10 979587.98 8.4916678e-06 -26768.864 -2.3204889e-07
10 15 1406920 1.2196043e-05 -47379.655 -4.1071583e-07
15 20 1984210 1.7200346e-05 -72668.329 -6.2993352e-07
20 25 2837598 2.4598035e-05 -83865.932 -7.270012e-07
25 30 4230844 3.6675544e-05 -28091.938 -2.435181e-07
30 35 6609529.8 5.7295447e-05 213272.28 1.8487746e-06
35 40 9117093.9 7.9032547e-05 543986.45 4.7156073e-06
40 45 11474198 9.9465366e-05 790464.77 6.8522321e-06
45 50 13982536 0.00012120918 973519.17 8.4390596e-06
50 55 16685456 0.00014463974 1228600.2 1.0650258e-05
55 60 19664604 0.00017046482 1623529.9 1.407375e-05
60 65 22856298 0.00019813237 2143658.6 1.8582544e-05
65 70 26223714 0.00022732319 2574750.4 2.2319512e-05
70 75 29753264 0.00025791949 3182656.4 2.7589213e-05
75 80 33460404 0.00029005525 3750230.9 3.2509295e-05
80 85 37340902 0.00032369378 4249123.1 3.6833998e-05
85 90 41418686 0.00035904251 4968922.3 4.3073658e-05
90 95 45626344 0.00039551706 5680547.2 4.9242458e-05
95 100 49926204 0.00043279088 6425853.4 5.5703227e-05
100 105 54330318 0.00047096843 7240667.6 6.2766535e-05
105 110 58908187 0.00051065219 8003024.4 6.937511e-05
110 115 63588406 0.00055122319 8888852.1 7.7054007e-05
115 120 68332691 0.00059234956 9804968.8 8.4995467e-05
120 125 73131345 0.00063394723 10653560 9.2351572e-05
125 130 78047530 0.00067656372 11653739 0.00010102174
130 135 83093834 0.00072030818 12425126 0.00010770859
135 140 88190989 0.00076449343 13496697 0.00011699762
140 145 93401271 0.00080965935 14396494 0.00012479762
145 150 98648143 0.00085514244 15472498 0.00013412508
150 155 1.0392415e+08 0.0009008781 16521540 0.00014321881
155 160 1.0931862e+08 0.00094764063 17462657 0.00015137699
160 165 1.1467474e+08 0.00099407078 18312627 0.00015874505
165 170 1.2013345e+08 0.0010413902 19208982 0.00016651521
170 175 1.2570329e+08 0.001089673 20338937 0.00017631035
175 180 1.312539e+08 0.0011377891 21409822 0.00018559343
180 185 1.367767e+08 0.0011856641 22386115 0.00019405654
185 190 1.4231685e+08 0.0012336895 23132287 0.00020052481
190 195 1.4781099e+08 0.0012813161 23711714 0.00020554764
195 200 1.5342059e+08 0.0013299435 24732920 0.00021440008
