0 5 665560.02 5.6866061e-06 9458.3918 8.0813371e-08
5 10 993118 8.4852917e-06 -30401.642 -2.5975443e-07
10 15 1420674 1.213837e-05 -38282.011 -3.2708503e-07
15 20 2001316 1.7099428e-05 -58389.733 -4.9888726e-07
20 25 2874904 2.4563445e-05 -52303.709 -4.4688771e-07
25 30 4303624 3.677056e-05 -2545.8845 -2.1752272e-08
30 35 6693500.1 5.7189882e-05 179701.6 1.535387e-06
35 40 9227434.1 7.8840047e-05 474584.86 4.0548967e-06
40 45 11637490 9.9431786e-05 810610.89 6.9259341e-06
45 50 14187826 0.00012122209 1090412.9 9.3165886e-06
50 55 16960572 0.00014491269 1419591 1.2129117e-05
55 60 19975632 0.00017067364 1781443.3 1.5220815e-05
60 65 23170210 0.00019796841 2184530.8 1.8664832e-05
65 70 26618720 0.00022743279 2635773.5 2.2520292e-05
70 75 30199124 0.0002580241 3173358.9 2.7113471e-05
75 80 33945566 0.00029003404 3685121.6 3.1486018e-05
80 85 37860678 0.00032348512 4291813.9 3.6669654e-05
85 90 41999924 0.00035885122 4973215.7 4.2491613e-05
90 95 46276934 0.00039539439 5629148.7 4.8095965e-05
95 100 50705200 0.0004332299 6330486.4 5.4088259e-05
100 105 55238712 0.00047196464 7167753.5 6.1241946e-05
105 110 59756796 0.00051056757 8014791.3 6.8479115e-05
110 115 64447495 0.00055064533 8733050.7 7.461599e-05
115 120 69243381 0.00059162183 9671535.6 8.2634491e-05
120 125 74242909 0.00063433826 10479714 8.9539644e-05
125 130 79323719 0.00067774916 11600717 9.9117598e-05
130 135 84476702 0.00072177672 12536409 0.00010711223
135 140 89575808 0.00076534395 13599522 0.00011619557
140 145 94851971 0.00081042398 14501652 0.00012390345
145 150 1.0021856e+08 0.00085627664 15503610 0.00013246427
150 155 1.0566368e+08 0.00090280025 16464769 0.00014067651
155 160 1.1109801e+08 0.00094923163 17196704 0.00014693022
160 165 1.1655015e+08 0.00099581523 18331787 0.00015662848
165 170 1.2204846e+08 0.0010427933 19129108 0.00016344086
170 175 1.2762243e+08 0.0010904178 20064795 0.00017143546
175 180 1.3329975e+08 0.0011389254 21182391 0.0001809843
180 185 1.3885754e+08 0.0011864116 22112074 0.0001889276
185 190 1.4451141e+08 0.0012347188 23137237 0.00019768669
190 195 1.5011684e+08 0.0012826121 23940470 0.00020454958
195 200 1.5584675e+08 0.001331569 24513931 0.00020944929
