0 5 658498 5.6712348e-06 1067.7444 9.1958202e-09
5 10 982292 8.4598717e-06 -18123.534 -1.5608676e-07
10 15 1409120 1.2135877e-05 -29916.815 -2.5765497e-07
15 20 1986576 1.7109147e-05 -37199.646 -3.2037748e-07
20 25 2845366 2.4505372e-05 -39701.189 -3.4192171e-07
25 30 4237894 3.6498352e-05 -20321.573 -1.7501711e-07
30 35 6620881.8 5.7021549e-05 143206.82 1.2333515e-06
35 40 9095716 7.833576e-05 424998.4 3.6602476e-06
40 45 11472426 9.880489e-05 689266.24 5.9362226e-06
45 50 14004614 0.00012061306 1021254.8 8.7954338e-06
50 55 16760502 0.00014434781 1382232.8 1.1904313e-05
55 60 19749310 0.00017008856 1785213.8 1.5374939e-05
60 65 22927088 0.00019745679 2258692.9 1.9452721e-05
65 70 26230070 0.00022590333 2632246.5 2.2669906e-05
70 75 29748600 0.00025620624 3120666.7 2.6876367e-05
75 80 33482554 0.00028836447 3714036.3 3.1986691e-05
80 85 37403840 0.00032213607 4369617.6 3.7632806e-05
85 90 41480882 0.00035724911 5050106.5 4.3493435e-05
90 95 45617034 0.00039287122 5739359.8 4.9429546e-05
95 100 49898658 0.00042974619 6464630.7 5.5675854e-05
100 105 54370998 0.00046826368 7229767.4 6.2265503e-05
105 110 58962317 0.00050780586 8042464.4 6.9264757e-05
110 115 63608310 0.00054781892 9031298.1 7.7780969e-05
115 120 68373270 0.00058885656 10000713 8.612994e-05
120 125 73151776 0.00063001087 10818075 9.3169369e-05
125 130 78029410 0.00067201891 11803414 0.00010165548
130 135 83064123 0.00071537977 12795669 0.00011020116
135 140 88181773 0.00075945492 13825363 0.00011906928
140 145 93371887 0.00080415415 14774052 0.00012723975
145 150 98678798 0.00084985928 15938978 0.00013727253
150 155 1.0396858e+08 0.00089541691 16996430 0.00014637971
155 160 1.0925517e+08 0.00094094704 17746270 0.00015283762
160 165 1.1467123e+08 0.00098759216 18661213 0.00016071745
165 170 1.2010443e+08 0.001034385 19797833 0.00017050645
170 175 1.2546789e+08 0.0010805771 20794132 0.00017908696
175 180 1.3107997e+08 0.0011289105 21892316 0.00018854494
180 185 1.3671851e+08 0.0011774717 22893513 0.00019716763
185 190 1.4228668e+08 0.0012254269 23886457 0.00020571924
190 195 1.4774717e+08 0.0012724547 24688269 0.00021262475
195 200 1.5332843e+08 0.0013205227 25740799 0.00022168954
