0 5 657788.02 5.753082e-06 7017.7792 6.1378223e-08
5 10 976846.01 8.5435963e-06 -15927.925 -1.3930728e-07
10 15 1396130 1.2210697e-05 -25984.125 -2.2725984e-07
15 20 1962768 1.7166572e-05 -29840.231 -2.6098575e-07
20 25 2818752 2.4653097e-05 -59404.692 -5.1955958e-07
25 30 4214704 3.6862237e-05 -13648.99 -1.1937548e-07
30 35 6583180.2 5.7577175e-05 150399.81 1.3154123e-06
35 40 9076707.9 7.9385827e-05 377983.51 3.3058829e-06
40 45 11436492 0.00010002474 630256.6 5.5122894e-06
45 50 13937526 0.00012189904 1007005.1 8.8073707e-06
50 55 16638998 0.0001455264 1267390.9 1.1084732e-05
55 60 19567492 0.00017113931 1684096.3 1.4729281e-05
60 65 22723846 0.00019874511 2010088.9 1.7580446e-05
65 70 26049684 0.00022783323 2488638 2.1765885e-05
70 75 29569580 0.0002586186 2939259.7 2.5707069e-05
75 80 33279342 0.00029106457 3519185.5 3.077916e-05
80 85 37157826 0.00032498619 4172262.3 3.6491038e-05
85 90 41147170 0.0003598774 4807673.6 4.2048411e-05
90 95 45330592 0.00039646605 5455878.4 4.7717677e-05
95 100 49623096 0.00043400873 6139536.2 5.3697019e-05
100 105 54052912 0.00047275236 6832474.7 5.975753e-05
105 110 58583159 0.00051237437 7666869.5 6.7055234e-05
110 115 63145250 0.00055227489 8613226.3 7.5332168e-05
115 120 67873661 0.00059363006 9499994 8.308793e-05
120 125 72712090 0.00063594746 10448474 9.1383431e-05
125 130 77577213 0.00067849833 11337854 9.9162041e-05
130 135 82561868 0.00072209464 12353957 0.00010804898
135 140 87628775 0.00076641033 13134393 0.00011487476
140 145 92748271 0.00081118598 14144790 0.00012371179
145 150 97888397 0.00085614205 15320504 0.00013399471
150 155 1.0314669e+08 0.00090213164 16389684 0.00014334587
155 160 1.0849572e+08 0.00094891475 17298549 0.0001512949
160 165 1.138252e+08 0.000995527 18131778 0.00015858241
165 170 1.1916671e+08 0.0010422443 18989273 0.00016608215
170 175 1.2451994e+08 0.0010890643 19930575 0.00017431487
175 180 1.3006443e+08 0.0011375569 20802344 0.00018193945
180 185 1.3554283e+08 0.0011854716 21748177 0.00019021181
185 190 1.4116886e+08 0.0012346775 22629295 0.00019791816
190 195 1.4667707e+08 0.0012828528 23683887 0.00020714173
195 200 1.5221955e+08 0.0013313279 24427538 0.00021364578
