0 5 658431.99 5.6727305e-06 5582.5101 4.8096198e-08
5 10 983374 8.4722732e-06 -25825.272 -2.2249801e-07
10 15 1412164 1.216652e-05 -35340.272 -3.0447464e-07
15 20 1986440 1.7114203e-05 -41325.52 -3.5604063e-07
20 25 2851044 2.4563211e-05 -48726.232 -4.1980157e-07
25 30 4268628 3.6776427e-05 -34614.264 -2.982197e-07
30 35 6673795.9 5.7498187e-05 152203.94 1.3113152e-06
35 40 9189570 7.9172876e-05 477370.41 4.1127918e-06
40 45 11555808 9.9559234e-05 763161.62 6.5750301e-06
45 50 14078972 0.00012129759 1017830 8.7691296e-06
50 55 16828722 0.0001449881 1348671.3 1.1619497e-05
55 60 19810860 0.00017068076 1671411 1.4400066e-05
60 65 23003802 0.00019818959 2107663 1.8158602e-05
65 70 26384772 0.00022731839 2660639 2.2922774e-05
70 75 29911264 0.00025770094 3082631.8 2.655846e-05
75 80 33672974 0.00029011 3588301.4 3.0915063e-05
80 85 37530052 0.00032334071 4253345.3 3.6644759e-05
85 90 41618334 0.00035856337 4922175.7 4.2407077e-05
90 95 45842042 0.00039495279 5688581.8 4.901006e-05
95 100 50187392 0.00043239021 6409123.5 5.5217897e-05
100 105 54628100 0.0004706492 7128586.1 6.1416438e-05
105 110 59240635 0.00051038856 7796403.1 6.7170026e-05
110 115 63824940 0.00054988471 8599885.4 7.4092439e-05
115 120 68618320 0.00059118215 9554132.6 8.231377e-05
120 125 73521500 0.00063342556 10512446 9.0570137e-05
125 130 78471638 0.00067607355 11591184 9.9864012e-05
130 135 83491470 0.00071932199 12574378 0.00010833474
135 140 88573901 0.00076310975 13262927 0.00011426694
140 145 93786153 0.00080801598 14139247 0.00012181689
145 150 99010286 0.00085302458 15148369 0.000130511
150 155 1.0435574e+08 0.00089907844 16229607 0.00013982641
155 160 1.0967464e+08 0.00094490346 17187905 0.00014808265
160 165 1.1499671e+08 0.00099075584 18265069 0.00015736297
165 170 1.2051119e+08 0.0010382659 19180995 0.00016525415
170 175 1.260665e+08 0.0010861277 20157554 0.0001736677
175 180 1.3163362e+08 0.0011340914 20948772 0.00018048445
180 185 1.3725022e+08 0.0011824813 21827902 0.00018805861
185 190 1.4278052e+08 0.0012301277 22582409 0.00019455908
190 195 1.4841136e+08 0.0012786402 23546642 0.00020286644
195 200 1.5385626e+08 0.0013255509 24475386 0.00021086805
