0 5 663757.98 5.7164016e-06 -2629.4576 -2.2645356e-08
5 10 987446 8.5040603e-06 -18255.622 -1.5722066e-07
10 15 1415342 1.2189177e-05 -54882.979 -4.7266196e-07
15 20 1992606 1.7160677e-05 -81543.57 -7.022677e-07
20 25 2846352 2.4513289e-05 -56355.798 -4.8534614e-07
25 30 4270812 3.6780991e-05 5652.8202 4.8683091e-08
30 35 6688738 5.7604599e-05 173977.46 1.4983248e-06
35 40 9159463.8 7.8882929e-05 482111.31 4.1520282e-06
40 45 11548158 9.9454786e-05 691665.21 5.9567436e-06
45 50 14080876 0.000121267 984076.23 8.4750392e-06
50 55 16860384 0.00014520462 1296966.2 1.1169703e-05
55 60 19791924 0.00017045156 1725918.8 1.4863919e-05
60 65 23014380 0.00019820393 2190708.7 1.8866773e-05
65 70 26415422 0.00022749431 2599505.4 2.2387402e-05
70 75 30010544 0.00025845613 3058328.1 2.6338864e-05
75 80 33762480 0.00029076847 3623652.8 3.1207541e-05
80 85 37649136 0.00032424105 4221198.5 3.6353711e-05
85 90 41683344 0.00035898436 4836397.7 4.1651915e-05
90 95 45901202 0.0003953093 5566751.9 4.7941856e-05
95 100 50269376 0.00043292879 6544247.3 5.636022e-05
100 105 54725858 0.00047130881 7251782.1 6.2453635e-05
105 110 59303482 0.00051073211 8049633.5 6.9324873e-05
110 115 64052520 0.00055163167 8877231.8 7.6452297e-05
115 120 68772155 0.00059227801 9785057 8.4270648e-05
120 125 73573548 0.00063362846 10701888 9.2166561e-05
125 130 78599725 0.00067691479 11704470 0.00010080097
130 135 83608056 0.00072004743 12747891 0.0001097871
135 140 88748416 0.00076431712 13889415 0.0001196181
140 145 93852751 0.00080827656 14945572 0.00012871392
145 150 99070587 0.00085321349 15784849 0.00013594193
150 155 1.0435918e+08 0.00089875977 16698815 0.00014381316
155 160 1.0971874e+08 0.00094491726 17684676 0.00015230357
160 165 1.1512531e+08 0.00099147961 18669632 0.00016078619
165 170 1.2058784e+08 0.0010385239 19869945 0.0001711235
170 175 1.2605446e+08 0.0010856034 20864725 0.00017969072
175 180 1.3168358e+08 0.0011340824 21641107 0.00018637706
180 185 1.371911e+08 0.0011815141 22471158 0.0001935256
185 190 1.4261482e+08 0.0012282241 23634921 0.00020354814
190 195 1.4815821e+08 0.0012759648 24513963 0.0002111186
195 200 1.5378386e+08 0.0013244139 25372046 0.00021850856
