0 5 661994 5.7199613e-06 -3155.2704 -2.7263124e-08
5 10 984673.99 8.5080788e-06 -28685.718 -2.4785904e-07
10 15 1409862 1.2181917e-05 -42371.338 -3.6610969e-07
15 20 1987782 1.7175437e-05 -56189.142 -4.8550247e-07
20 25 2841536 2.4552301e-05 -48242.08 -4.1683585e-07
25 30 4238534 3.6623067e-05 -15456.801 -1.3355454e-07
30 35 6601324.2 5.7038764e-05 161781.83 1.3978765e-06
35 40 9109123.8 7.8707415e-05 443829.46 3.8349099e-06
40 45 11482870 9.9217776e-05 789427.79 6.8210534e-06
45 50 14008624 0.00012104156 1069920.5 9.2446515e-06
50 55 16748616 0.00014471647 1300447.1 1.1236518e-05
55 60 19742912 0.0001705887 1668194.2 1.4414038e-05
60 65 22866072 0.00019757437 2079435.7 1.7967372e-05
65 70 26248870 0.00022680345 2579453.8 2.2287779e-05
70 75 29803142 0.00025751415 3120520.1 2.6962864e-05
75 80 33562342 0.00028999553 3816329.7 3.2975009e-05
80 85 37504724 0.00032405969 4397987.6 3.8000827e-05
85 90 41570824 0.00035919284 4949576.7 4.2766834e-05
90 95 45740498 0.00039522092 5559590.5 4.8037661e-05
95 100 50027172 0.00043225995 6228335.1 5.381595e-05
100 105 54468702 0.000470637 7032551.4 6.0764784e-05
105 110 59048758 0.00051021099 7905909.8 6.831104e-05
110 115 63784439 0.00055112965 8767322.6 7.575408e-05
115 120 68597316 0.00059271533 9836721.8 8.4994227e-05
120 125 73473820 0.00063485079 10616944 9.173574e-05
125 130 78365784 0.00067711981 11553780 9.9830471e-05
130 135 83426104 0.00072084353 12368259 0.00010686798
135 140 88505517 0.00076473221 13372723 0.00011554706
140 145 93592440 0.00080868579 14577191 0.00012595426
145 150 98937787 0.00085487228 15541237 0.00013428411
150 155 1.0424716e+08 0.00090074796 16491887 0.0001424982
155 160 1.0967952e+08 0.00094768627 17428519 0.00015059118
160 165 1.151288e+08 0.00099477078 18421093 0.00015916751
165 170 1.205874e+08 0.0010419358 19211288 0.0001659952
170 175 1.2620253e+08 0.0010904534 19969757 0.00017254875
175 180 1.3177119e+08 0.0011385694 20752707 0.00017931383
180 185 1.3726313e+08 0.0011860225 21645008 0.00018702376
185 190 1.428249e+08 0.001234079 22589345 0.00019518331
190 195 1.4844391e+08 0.0012826301 23680234 0.00020460914
195 200 1.5410209e+08 0.0013315196 24629213 0.00021280879
