0 5 655146.01 5.6964346e-06 9847.3722 8.5622001e-08
5 10 972388 8.4548247e-06 -23793.849 -2.0688535e-07
10 15 1392012 1.2103417e-05 -28057.703 -2.4395916e-07
15 20 1971678 1.714356e-05 -42733.919 -3.7156752e-07
20 25 2810268 2.4435023e-05 -67823.892 -5.8972254e-07
25 30 4217110 3.6667386e-05 -13642.76 -1.1862255e-07
30 35 6568429.9 5.7111897e-05 200328.88 1.7418413e-06
35 40 9018191.9 7.8412354e-05 427567.34 3.7176589e-06
40 45 11358134 9.8757936e-05 659743.93 5.7364131e-06
45 50 13873268 0.0001206268 984211.47 8.5576287e-06
50 55 16574166 0.00014411086 1283435.3 1.1159353e-05
55 60 19534596 0.00016985153 1697790.2 1.476213e-05
60 65 22645682 0.00019690213 2129739.9 1.8517894e-05
65 70 26008576 0.00022614219 2627357.3 2.2844632e-05
70 75 29533072 0.00025678736 3096913 2.6927375e-05
75 80 33192920 0.0002886094 3644099.3 3.168511e-05
80 85 37025468 0.00032193306 4296497.7 3.7357655e-05
85 90 40971460 0.0003562431 4875160.8 4.2389078e-05
90 95 45115958 0.00039227913 5603798.3 4.8724514e-05
95 100 49344438 0.00042904538 6392442.1 5.5581699e-05
100 105 53742721 0.00046728805 7151574.3 6.2182285e-05
105 110 58279433 0.00050673434 8097009.3 7.0402755e-05
110 115 62882887 0.00054676095 8974746.2 7.8034597e-05
115 120 67514322 0.00058703085 9778260.2 8.5021078e-05
120 125 72321808 0.0006288315 10615504 9.2300837e-05
125 130 77080487 0.00067020778 11587611 0.00010075322
130 135 82087435 0.00071374274 12499022 0.00010867786
135 140 87194962 0.00075815222 13533102 0.00011766909
140 145 92206402 0.00080172623 14566289 0.00012665255
145 150 97278237 0.00084582538 15503673 0.00013480302
150 155 1.0257708e+08 0.0008918983 16395661 0.00014255877
155 160 1.077553e+08 0.0009369225 17511422 0.00015226021
160 165 1.1309515e+08 0.00098335198 18402244 0.00016000583
165 170 1.1836689e+08 0.0010291893 19284998 0.00016768129
170 175 1.2386107e+08 0.0010769606 20204424 0.00017567562
175 180 1.2934385e+08 0.001124633 21023570 0.00018279801
180 185 1.347203e+08 0.0011713807 22015844 0.00019142575
185 190 1.4012756e+08 0.0012183963 22882357 0.00019896
190 195 1.4562765e+08 0.0012662191 23911163 0.00020790538
195 200 1.5109568e+08 0.0013137631 24590675 0.00021381367
