0 5 653082 5.7273258e-06 -572.05796 -5.0167702e-09
5 10 970928.01 8.5147364e-06 -31210.639 -2.7370759e-07
10 15 1395410 1.2237311e-05 -50998.727 -4.4724296e-07
15 20 1969644 1.7273165e-05 -73561.793 -6.4511402e-07
20 25 2811650 2.4657295e-05 -79642.38 -6.9843888e-07
25 30 4208100 3.6903727e-05 -66966.195 -5.8727269e-07
30 35 6572433.9 5.7638199e-05 109717.1 9.6218482e-07
35 40 9025872.1 7.9154088e-05 440153.48 3.860009e-06
40 45 11371088 9.9720903e-05 768263.28 6.7374298e-06
45 50 13855462 0.00012150809 1046974.2 9.181638e-06
50 55 16551936 0.00014515533 1366468.3 1.1983501e-05
55 60 19467780 0.00017072637 1768934.3 1.5513003e-05
60 65 22622622 0.00019839335 2159694.8 1.8939851e-05
65 70 25976800 0.00022780845 2532069.8 2.2205464e-05
70 75 29446198 0.00025823399 3018851.4 2.6474387e-05
75 80 33087694 0.00029016878 3625022.1 3.1790316e-05
80 85 36936042 0.00032391759 4171788.9 3.658529e-05
85 90 40868400 0.00035840314 4873502.7 4.2739102e-05
90 95 45082592 0.0003953603 5694588.9 4.9939772e-05
95 100 49304452 0.0004323847 6443640 5.6508717e-05
100 105 53623948 0.00047026533 7081855.5 6.2105668e-05
105 110 58088386 0.00050941707 7875554.1 6.9066158e-05
110 115 62709015 0.00054993854 8718147.9 7.6455443e-05
115 120 67386356 0.00059095736 9601769.3 8.4204527e-05
120 125 72143629 0.00063267717 10515334 9.2216208e-05
125 130 76957840 0.0006748963 11481123 0.00010068587
130 135 81804988 0.00071740428 12585744 0.00011037306
135 140 86789962 0.00076112095 13629920 0.00011953016
140 145 91830867 0.00080532811 14535368 0.00012747065
145 150 96967324 0.00085037324 15354723 0.00013465614
150 155 1.0213809e+08 0.00089571927 16417582 0.00014397708
155 160 1.0739082e+08 0.00094178404 17514898 0.0001536002
160 165 1.1271082e+08 0.0009884388 18318848 0.00016065059
165 170 1.1805037e+08 0.001035265 19380773 0.00016996335
170 175 1.2339787e+08 0.0010821609 20251278 0.0001775974
175 180 1.2877831e+08 0.0011293457 21153863 0.00018551279
180 185 1.3415192e+08 0.0011764706 21961848 0.00019259857
185 190 1.395975e+08 0.0012242266 22914263 0.00020095095
190 195 1.4500561e+08 0.001271654 23627659 0.00020720722
195 200 1.504587e+08 0.0013194759 24272354 0.00021286099
