0 5 656886 5.6416452e-06 -2237.3325 -1.9215262e-08
5 10 980800.01 8.4235708e-06 -34502.646 -2.9632491e-07
10 15 1410222 1.2111648e-05 -55556.973 -4.7714936e-07
15 20 1990838 1.7098251e-05 -56169.874 -4.8241324e-07
20 25 2852138 2.44955e-05 -69198.885 -5.943125e-07
25 30 4287184 3.6820348e-05 -65905.139 -5.6602426e-07
30 35 6688278 5.7442071e-05 143927.94 1.2361207e-06
35 40 9195217.9 7.8972848e-05 487778.28 4.1892688e-06
40 45 11578442 9.9441093e-05 791159.91 6.7948526e-06
45 50 14094742 0.00012105226 1065054 9.1471837e-06
50 55 16872450 0.00014490852 1359865.5 1.1679163e-05
55 60 19877292 0.00017071551 1678397.2 1.4414863e-05
60 65 23076752 0.00019819398 2084392.5 1.7901741e-05
65 70 26473686 0.00022736844 2553296 2.1928904e-05
70 75 30056852 0.00025814235 3164017.6 2.7174068e-05
75 80 33843818 0.00029066659 3804660.6 3.2676211e-05
80 85 37738838 0.00032411885 4424376.6 3.7998623e-05
85 90 41799436 0.00035899317 4809886.7 4.1309564e-05
90 95 46074048 0.00039570555 5511801.7 4.733794e-05
95 100 50423262 0.00043305864 6298746.9 5.4096595e-05
100 105 54874417 0.00047128725 7018146.6 6.0275137e-05
105 110 59556425 0.00051149853 7959073.1 6.8356255e-05
110 115 64246418 0.00055177839 8804075.1 7.5613529e-05
115 120 69057388 0.00059309726 9879270.1 8.4847808e-05
120 125 73931815 0.00063496113 10770967 9.2506122e-05
125 130 78866135 0.00067733938 11793349 0.00010128681
130 135 83956385 0.00072105684 12562632 0.00010789378
135 140 89139375 0.00076557079 13654140 0.00011726816
140 145 94392325 0.00081068559 14630979 0.00012565771
145 150 99632158 0.00085568774 15642914 0.00013434869
150 155 1.0502267e+08 0.00090198401 16726045 0.00014365112
155 160 1.1039602e+08 0.00094813282 17689859 0.00015192881
160 165 1.1574434e+08 0.00099406675 18885085 0.00016219398
165 170 1.2130319e+08 0.0010418087 19811351 0.00017014918
170 175 1.268341e+08 0.0010893107 20639715 0.00017726356
175 180 1.3242306e+08 0.0011373114 21897663 0.00018806741
180 185 1.3803041e+08 0.00118547 22666833 0.0001946734
185 190 1.4348142e+08 0.0012322857 23486051 0.00020170923
190 195 1.4905997e+08 0.001280197 24487562 0.00021031068
195 200 1.5470892e+08 0.0013287128 25328308 0.0002175314
