0 5 670820 5.7159989e-06 -1629.2735 -1.3882898e-08
5 10 991603.99 8.4493714e-06 -30912.231 -2.6340043e-07
10 15 1431206 1.2195182e-05 -42126.975 -3.5896029e-07
15 20 2012426 1.7147707e-05 -30430.961 -2.5929957e-07
20 25 2879262 2.4533941e-05 -21686.502 -1.847888e-07
25 30 4294028 3.6589039e-05 -6243.5891 -5.3201079e-08
30 35 6706848 5.7148468e-05 100761.54 8.5858035e-07
35 40 9251994.1 7.8835437e-05 355444.52 3.0287118e-06
40 45 11628096 9.9081993e-05 694600.49 5.9186304e-06
45 50 14196292 0.00012096537 1082172.7 9.221099e-06
50 55 16997442 0.00014483372 1432193 1.2203592e-05
55 60 19984618 0.00017028719 1781339.6 1.517864e-05
60 65 23174134 0.00019746478 2168261.5 1.8475568e-05
65 70 26579732 0.00022648358 2581028.9 2.1992723e-05
70 75 30195506 0.00025729328 3080331.1 2.6247234e-05
75 80 34003316 0.0002897393 3697506.6 3.1506132e-05
80 85 37956184 0.00032342134 4389732.6 3.740453e-05
85 90 42083378 0.0003585888 4967903 4.2331069e-05
90 95 46323178 0.00039471577 5684034.8 4.8433166e-05
95 100 50721110 0.00043219017 6458115.8 5.5029043e-05
100 105 55243561 0.00047072558 7077295.9 6.0305022e-05
105 110 59729675 0.00050895136 8034341 6.8459921e-05
110 115 64451078 0.00054918203 8934539.5 7.6130434e-05
115 120 69365434 0.00059105683 9660314.3 8.2314698e-05
120 125 74364096 0.00063364999 10557653 8.996084e-05
125 130 79396319 0.00067652913 11603442 9.8871924e-05
130 135 84505167 0.00072006118 12594916 0.00010732018
135 140 89592510 0.00076340999 13410721 0.00011427159
140 145 94835284 0.00080808321 14688935 0.00012516313
145 150 1.0014216e+08 0.00085330266 15613943 0.00013304505
150 155 1.0550095e+08 0.0008989644 16581924 0.00014129313
155 160 1.1101524e+08 0.00094595117 17732212 0.00015109463
160 165 1.1645784e+08 0.00099232713 18553614 0.00015809373
165 170 1.2202806e+08 0.0010397905 19454199 0.00016576753
170 175 1.2745813e+08 0.0010860596 20521035 0.00017485796
175 180 1.3313115e+08 0.001134399 21648341 0.00018446363
180 185 1.3874143e+08 0.0011822037 22440798 0.00019121609
185 190 1.4434423e+08 0.0012299446 23489955 0.00020015586
190 195 1.4997306e+08 0.0012779074 24444492 0.00020828939
195 200 1.555776e+08 0.0013256632 25455496 0.00021690407
