0 5 662924 5.6628257e-06 3051.8982 2.6069908e-08
5 10 984374 8.408714e-06 -30231.042 -2.5823944e-07
10 15 1418154 1.2114147e-05 -40674.702 -3.4745121e-07
15 20 2003118 1.7111023e-05 -58120.03 -4.9647259e-07
20 25 2859890 2.4429736e-05 -75281.23 -6.430669e-07
25 30 4274664 3.6515011e-05 -18970.262 -1.6204766e-07
30 35 6682188.1 5.708055e-05 130618.9 1.115772e-06
35 40 9192008 7.8519919e-05 390052.78 3.3319066e-06
40 45 11582554 9.8940429e-05 743535.14 6.3514217e-06
45 50 14113674 0.00012056175 1076650.8 9.1969604e-06
50 55 16858222 0.00014400621 1383609.1 1.1819058e-05
55 60 19851572 0.00016957599 1735480.9 1.4824816e-05
60 65 23035686 0.00019677531 2098867.6 1.7928935e-05
65 70 26474932 0.00022615402 2587638.9 2.2104115e-05
70 75 30070704 0.0002568698 3141260.1 2.6833255e-05
75 80 33769028 0.0002884616 3698890.8 3.1596644e-05
80 85 37711800 0.00032214153 4260050.6 3.639018e-05
85 90 41811196 0.00035715937 5060589.3 4.3228537e-05
90 95 45995370 0.00039290139 5769961.3 4.9288131e-05
95 100 50400620 0.00043053189 6520768.6 5.5701673e-05
100 105 54838464 0.00046844082 7372605 6.2978225e-05
105 110 59462593 0.00050794103 8140380.2 6.953671e-05
110 115 64160511 0.00054807156 8937852.9 7.6348877e-05
115 120 68950518 0.00058898873 9733759.6 8.3147667e-05
120 125 73872735 0.00063103526 10713029 9.1512778e-05
125 130 78837550 0.00067344568 11739500 0.00010028109
130 135 83911091 0.00071678485 12786948 0.0001092286
135 140 88986020 0.00076013588 13563722 0.00011586395
140 145 94211698 0.00080477464 14536236 0.00012417135
145 150 99532943 0.00085022975 15528725 0.00013264938
150 155 1.0491231e+08 0.00089618134 16795617 0.00014347142
155 160 1.1025305e+08 0.000941803 17720838 0.00015137484
160 165 1.1568315e+08 0.00098818794 18657178 0.00015937324
165 170 1.2119622e+08 0.0010352817 19660177 0.00016794106
170 175 1.2670874e+08 0.0010823707 20624242 0.00017617629
175 180 1.3241821e+08 0.0011311421 21537159 0.0001839746
180 185 1.3797363e+08 0.0011785976 22430010 0.0001916015
185 190 1.4344656e+08 0.0012253484 23513210 0.00020085441
190 195 1.4904094e+08 0.0012731367 24558181 0.00020978076
195 200 1.5457572e+08 0.0013204159 25608223 0.00021875042
