0 5 653460.02 5.6781915e-06 2683.4446 2.3317589e-08
5 10 974348 8.4665233e-06 -21496.079 -1.8678855e-07
10 15 1401496 1.2178194e-05 -38113.546 -3.3118478e-07
15 20 1975924 1.7169642e-05 -64326.389 -5.589593e-07
20 25 2841758 2.4693242e-05 -92912.222 -8.0735373e-07
25 30 4254074 3.6965455e-05 -55231.374 -4.7992885e-07
30 35 6617092.2 5.7498723e-05 147414.16 1.2809442e-06
35 40 9099691.8 7.9071084e-05 430257.36 3.7386888e-06
40 45 11423776 9.9266038e-05 767509.61 6.6692168e-06
45 50 13955256 0.00012126314 1069032.2 9.2892743e-06
50 55 16709066 0.00014519217 1362158.1 1.183637e-05
55 60 19699720 0.00017117923 1608438.2 1.3976403e-05
60 65 22838216 0.00019845095 2062642 1.7923172e-05
65 70 26223166 0.00022786422 2530506.5 2.1988645e-05
70 75 29753204 0.00025853822 3119580 2.7107355e-05
75 80 33393074 0.00029016659 3697971.6 3.2133245e-05
80 85 37261136 0.00032377783 4243766.6 3.6875889e-05
85 90 41281554 0.00035871294 4963565.9 4.3130531e-05
90 95 45464966 0.00039506439 5733938.7 4.9824627e-05
95 100 49754758 0.00043234021 6392965.7 5.5551193e-05
100 105 54097224 0.00047007374 7252529.6 6.3020308e-05
105 110 58608873 0.00050927738 8057258.6 7.001294e-05
110 115 63225165 0.0005493903 8814183 7.6590177e-05
115 120 67861658 0.00058967875 9795194.2 8.51146e-05
120 125 72689550 0.00063163035 10926290 9.4943174e-05
125 130 77624887 0.00067451559 11830086 0.00010279664
130 135 82637998 0.00071807664 12886619 0.0001119773
135 140 87679820 0.00076188717 13843327 0.00012029055
140 145 92800412 0.00080638217 14959231 0.00012998711
145 150 97954097 0.00085116472 15774473 0.00013707109
150 155 1.0312812e+08 0.00089612397 16838397 0.00014631597
155 160 1.0841337e+08 0.00094204981 17718979 0.00015396773
160 165 1.1374664e+08 0.00098839281 18690888 0.00016241306
165 170 1.1922259e+08 0.0010359757 19854022 0.00017252003
170 175 1.2470004e+08 0.0010835715 20634955 0.00017930588
175 180 1.301243e+08 0.0011307053 21451729 0.00018640318
180 185 1.355721e+08 0.0011780435 22483720 0.00019537059
185 190 1.4106521e+08 0.0012257755 23397313 0.00020330918
190 195 1.4662413e+08 0.0012740793 24460913 0.00021255126
195 200 1.5212634e+08 0.0013218903 25353949 0.00022031122
