2.500000000000000000e+00 1.057901067495617653e+01 1.587790881998202633e-02 -3.912759069462733164e-02 1.581483349952490097e-02 8.665455557695968258e-02 1.513093448123766123e-02
7.500000000000000000e+00 1.785542701064901205e+00 3.087305948734306651e-03 -4.091659661882284665e-02 4.245615700330217755e-03 2.253447364120089377e-02 3.896608107781210362e-03
1.250000000000000000e+01 5.129351895808291761e-01 1.462628902637838711e-03 -3.962206198022991122e-02 2.485019024296544581e-03 1.147355935065203988e-02 2.150966169584671642e-03
1.750000000000000000e+01 8.576573309472114437e-02 8.280118804918492692e-04 -3.960112424590475633e-02 1.720777057471869868e-03 5.703569784640929834e-03 1.462918901387918200e-03
2.250000000000000000e+01 -8.721157225803961854e-02 5.769685277339347542e-04 -4.073561544472639045e-02 1.338480210068838808e-03 1.875425187170658104e-03 1.351787053935332456e-03
2.750000000000000000e+01 -1.275440855469921198e-01 4.627799581249832377e-04 -4.217203922990817033e-02 1.093548356116269462e-03 -1.903691471276891208e-04 1.268978128774167794e-03
3.250000000000000000e+01 -5.493656713089634797e-02 4.919556572964787220e-04 -3.762751058794667341e-02 9.496126373334851014e-04 4.901482839469144129e-04 1.294618400546979900e-03
3.750000000000000000e+01 3.192022990999643546e-03 4.214515559003202834e-04 -1.867186326605462660e-02 9.524459821795801858e-04 1.282269292163396501e-03 1.297102813351604881e-03
4.250000000000000000e+01 7.532078190753973591e-03 3.651607466342914011e-04 -5.830224834855543374e-03 8.393307478793917732e-04 1.323020531641115084e-03 1.169455934328957102e-03
4.750000000000000000e+01 3.834850460522227882e-03 3.129033787236314579e-04 -2.643496274938094814e-03 7.828421202627063253e-04 9.505260431634121208e-04 1.035422034265520578e-03
5.250000000000000000e+01 1.911319877248845263e-03 2.955036773482292833e-04 -2.026080262515548343e-03 6.472927610071501411e-04 6.124390674977791714e-04 8.953006365462754575e-04
5.750000000000000000e+01 1.124108269182714495e-03 2.502495026766883828e-04 -1.674953555433873016e-03 5.836938739375561493e-04 4.015105624852015331e-04 8.009901663960835574e-04
6.250000000000000000e+01 7.068871679570639570e-04 2.264183825654703097e-04 -1.416110997770447799e-03 5.307730403350788186e-04 3.128460089155618985e-04 7.266337488915480250e-04
6.750000000000000000e+01 3.411099561876952419e-04 2.147237936897179224e-04 -1.195537482471176281e-03 5.057369758385574319e-04 2.429286777584571070e-04 6.612245144857784940e-04
7.250000000000000000e+01 -7.614512483024550246e-05 1.968465417215535529e-04 -9.484207434139254201e-04 4.629674120745600223e-04 1.731593550124533947e-04 6.223404101537901439e-04
7.750000000000000000e+01 -4.617121664654588492e-04 1.769166183598609265e-04 -6.957973273135367948e-04 4.276091181985237953e-04 1.512944808816461134e-04 5.913075315675948547e-04
8.250000000000000000e+01 -6.174457406605709554e-04 1.745941836656742245e-04 -4.465084572743018400e-04 3.944980401626724665e-04 1.137697135713835962e-04 5.292651571283237075e-04
8.750000000000000000e+01 -3.745306546753649521e-04 1.662018559547526230e-04 -3.002202068199533299e-04 3.670062271345122238e-04 1.187665367099299249e-04 4.961357747684570513e-04
9.250000000000000000e+01 2.084574644493920317e-04 1.538192011692892606e-04 -3.127520596725186794e-04 3.442647535925475182e-04 1.120054030109934558e-04 4.581691033672035470e-04
9.750000000000000000e+01 8.275367849420862910e-04 1.443756757882151546e-04 -3.878665356244774456e-04 3.488084422739583810e-04 9.686451265573277889e-05 4.502133038992772512e-04
1.025000000000000000e+02 1.114322305492902515e-03 1.437246173240134899e-04 -3.791468054568267968e-04 3.419470837313783821e-04 6.204702344400208095e-05 4.416756351959808175e-04
1.075000000000000000e+02 9.368324725650821905e-04 1.423049597121003157e-04 -3.107960685830738552e-04 3.070544329880741784e-04 3.785902393221490450e-05 4.084180639789703068e-04
1.125000000000000000e+02 4.535717200620201532e-04 1.274508441663915281e-04 -1.964740578275488776e-04 2.964736384653631580e-04 3.675969142512004436e-05 4.028596136889642156e-04
1.175000000000000000e+02 -5.131813188208509909e-05 1.175919975859877675e-04 -1.304600342799847967e-04 2.561597956582713632e-04 4.401200942246155445e-05 3.793594844604119567e-04
1.225000000000000000e+02 -3.471321882623923253e-04 1.174084994290832789e-04 -1.561504005217297152e-04 2.618955488804009272e-04 4.612241757296468722e-05 3.711539089873970056e-04
1.275000000000000000e+02 -4.076148620086214830e-04 1.155683660705351880e-04 -2.227645765957416899e-04 2.587342367376014663e-04 6.468566588402772173e-05 3.648384326797319741e-04
1.325000000000000000e+02 -3.189630738036317329e-04 1.115478280200830896e-04 -2.641957493627272529e-04 2.406622769489774171e-04 4.964039391120383889e-05 3.458741281105501384e-04
1.375000000000000000e+02 -1.940494518385495518e-04 1.058784886023725558e-04 -2.520581982455024164e-04 2.397286167662208924e-04 4.359638217938103155e-05 3.397866850361295089e-04
1.425000000000000000e+02 -9.737087345475089410e-05 9.948582363175319980e-05 -2.110497431629740220e-04 2.277625273950784068e-04 4.356728533015515818e-05 3.063592596885548656e-04
1.475000000000000000e+02 -3.829127570466907260e-05 9.267743824011446586e-05 -1.572040258379467533e-04 2.209641434340282255e-04 3.345649809120493172e-05 3.037089023977785989e-04
1.525000000000000000e+02 -1.853890579078027966e-05 9.168606449387943730e-05 -1.159682521961751152e-04 2.178240265979440691e-04 2.818649952946168010e-05 3.077390096291682470e-04
1.575000000000000000e+02 -2.541212221040497584e-06 9.157310983587840130e-05 -9.524827549049480339e-05 2.160348483861757225e-04 2.925084370933818596e-05 2.967007282810200193e-04
1.625000000000000000e+02 1.887976531089161082e-07 9.265457974860324790e-05 -8.396517649336014200e-05 2.016017611690565869e-04 2.850689882367257575e-05 2.719381001861986900e-04
1.675000000000000000e+02 -1.059211119768866537e-05 9.034077376855260055e-05 -8.466202171533911841e-05 2.104808558737181201e-04 2.399484637974808764e-05 2.610069579885969664e-04
1.725000000000000000e+02 -1.821154388980436144e-05 8.312472911178163686e-05 -7.261985902254666206e-05 2.024400261011949018e-04 2.212740666289417872e-05 2.578833688953932200e-04
1.775000000000000000e+02 -1.870700172029248989e-05 8.169652220745394035e-05 -6.223158316980216987e-05 1.799487517430631766e-04 1.817928187323088207e-05 2.526884926862149497e-04
1.825000000000000000e+02 -1.731787513934270737e-05 8.023122255031232396e-05 -6.250903038637434597e-05 1.806844925277579378e-04 1.791537156047318542e-05 2.423889354612773534e-04
1.875000000000000000e+02 -1.077181959989794173e-05 7.938572713245907507e-05 -6.484371781905077039e-05 1.735693255225015234e-04 1.945992750258732147e-05 2.455709893519792157e-04
1.925000000000000000e+02 -5.093694249309741983e-06 7.430295506701038938e-05 -5.973423331001401638e-05 1.665511513537373757e-04 3.642764944087044810e-05 2.376183386189248794e-04
1.975000000000000000e+02 -8.324866418189208163e-06 7.205344708011385225e-05 -5.232688259615029874e-05 1.668851458909445063e-04 3.197758578336522370e-05 2.289564538088207843e-04
