0 5 4630.7429 2.9768762e-06 491.80608 3.1615788e-07
5 10 16741.515 1.0762295e-05 17.245639 1.1086371e-08
10 15 35282.64 2.2681469e-05 -1751.8859 -1.126201e-06
15 20 60461.601 3.8867782e-05 -372.66091 -2.3956532e-07
20 25 92543.078 5.9491381e-05 354.37955 2.2781314e-07
25 30 130978.48 8.4199603e-05 5017.2321 3.2253311e-06
30 35 176221.68 0.00011328423 9252.5296 5.947995e-06
35 40 226290.71 0.00014547114 17041.375 1.095506e-05
40 45 281181.34 0.00018075761 26323.241 1.6921913e-05
45 50 342087.49 0.00021991118 36684.111 2.3582406e-05
50 55 406813.74 0.00026152049 49910.256 3.2084842e-05
55 60 478479.63 0.00030759096 63504.358 4.082382e-05
60 65 552749.92 0.00035533567 81188.067 5.2191804e-05
65 70 631317.43 0.00040584284 99948.921 6.4252232e-05
70 75 713446.08 0.0004586393 117995.95 7.5853774e-05
75 80 799917.66 0.00051422762 139622.6 8.9756482e-05
80 85 888159.82 0.00057095415 163390.88 0.00010503594
85 90 980932.47 0.00063059311 186110.62 0.00011964134
90 95 1075070.3 0.0006911097 213656.87 0.00013734946
95 100 1170187.2 0.00075225567 241187.96 0.00015504785
100 105 1265496.4 0.00081352521 271455.24 0.00017450519
105 110 1363580.8 0.00087657885 309300.94 0.00019883432
110 115 1463268 0.00094066281 345624.66 0.00022218505
115 120 1562940.6 0.0010047374 378823.91 0.00024352721
120 125 1663164.2 0.0010691662 420692.5 0.00027044246
125 130 1766304.3 0.00113547 458471.43 0.00029472867
130 135 1866905.3 0.0012001414 499754.3 0.00032126739
135 140 1970944.5 0.001267023 539793.01 0.00034700631
140 145 2074336.2 0.0013334884 584604.45 0.00037581337
145 150 2179964.5 0.0014013917 623929.14 0.00040109327
150 155 2286213.3 0.0014696938 674517.45 0.000433614
155 160 2392876.4 0.0015382622 715518.12 0.00045997131
160 165 2497596.6 0.0016055817 760747.11 0.0004890468
165 170 2606888.7 0.0016758402 807326.5 0.00051899039
170 175 2714050.4 0.0017447291 848035 0.00054515988
175 180 2817346 0.0018111328 889025.21 0.00057151046
180 185 2921716 0.0018782271 932763.48 0.00059962764
185 190 3026657 0.0019456885 983124.19 0.00063200205
190 195 3131405.2 0.002013026 1018879.9 0.00065498763
195 200 3236219.7 0.0020804061 1068555 0.00068692133
