0 5 4404.5204 2.968385e-06 0 0
5 10 16009.077 1.0789166e-05 0 0
10 15 34245.86 2.3079674e-05 0 0
15 20 59986.91 4.0427612e-05 0 0
20 25 93735.872 6.3172406e-05 0 0
25 30 134441.46 9.0605556e-05 0 0
30 35 181846.93 0.00012255402 0 0
35 40 238263 0.0001605751 0 0
40 45 300115.81 0.00020226022 0 0
45 50 368829.45 0.00024856913 0 0
50 55 445069.02 0.00029995006 0 0
55 60 527954.28 0.00035580981 0 0
60 65 617510.65 0.00041616548 0 0
65 70 712484.98 0.00048017253 0 0
70 75 813634.61 0.00054834137 0 0
75 80 922118.55 0.0006214531 0 0
80 85 1033458.3 0.00069648948 0 0
85 90 1151074.3 0.0007757557 0 0
90 95 1272950.3 0.00085789284 0 0
95 100 1400966.2 0.00094416798 0 0
100 105 1534644.1 0.0010342589 0 0
105 110 1671737.2 0.0011266515 0 0
110 115 1810008.6 0.0012198382 0 0
115 120 1956546.9 0.0013185963 0 0
120 125 2106485.7 0.0014196462 0 0
125 130 2258714.2 0.0015222391 0 0
130 135 2414985 0.0016275564 0 0
135 140 2571939.9 0.0017333346 0 0
140 145 2732355.9 0.0018414455 0 0
145 150 2898453.9 0.0019533857 0 0
150 155 3062318.8 0.0020638208 0 0
155 160 3232204.9 0.002178314 0 0
160 165 3406690.9 0.0022959072 0 0
165 170 3578013.3 0.0024113683 0 0
170 175 3756993.5 0.0025319903 0 0
175 180 3930662.6 0.002649033 0 0
180 185 4108959.8 0.0027691947 0 0
185 190 4290850.8 0.0028917784 0 0
190 195 4472680.9 0.0030143211 0 0
195 200 4657464.6 0.0031388543 0 0
