0 5 4673.5905 2.9655088e-06 0 0
5 10 16848.46 1.0690765e-05 0 0
10 15 35780.539 2.2703638e-05 0 0
15 20 61193.618 3.8828865e-05 0 0
20 25 93918.454 5.9593583e-05 0 0
25 30 133044.66 8.4420131e-05 0 0
30 35 178229.3 0.0001130909 0 0
35 40 229780.7 0.00014580154 0 0
40 45 285671.31 0.00018126552 0 0
45 50 348541.65 0.0002211583 0 0
50 55 413486.28 0.00026236728 0 0
55 60 486757.92 0.00030885994 0 0
60 65 561691.22 0.00035640697 0 0
65 70 640945.2 0.00040669559 0 0
70 75 723733.78 0.00045922699 0 0
75 80 811934.4 0.00051519246 0 0
80 85 901806.12 0.0005722183 0 0
85 90 995527.25 0.00063168668 0 0
90 95 1089473.9 0.00069129812 0 0
95 100 1185268 0.00075208186 0 0
100 105 1283831.4 0.00081462278 0 0
105 110 1384149.2 0.00087827691 0 0
110 115 1485470.6 0.00094256783 0 0
115 120 1585301.1 0.0010059128 0 0
120 125 1687923 0.0010710289 0 0
125 130 1790419 0.0011360652 0 0
130 135 1895425 0.001202694 0 0
135 140 1997164.6 0.0012672504 0 0
140 145 2104661.9 0.0013354601 0 0
145 150 2208375.3 0.0014012687 0 0
150 155 2314014 0.0014682991 0 0
155 160 2422995 0.0015374503 0 0
160 165 2529023.7 0.0016047281 0 0
165 170 2636617.6 0.0016729991 0 0
170 175 2742089.1 0.0017399234 0 0
175 180 2852833.8 0.0018101936 0 0
180 185 2958018 0.0018769356 0 0
185 190 3065244.8 0.0019449737 0 0
190 195 3165662.2 0.002008691 0 0
195 200 3269693.6 0.0020747015 0 0
