0 5 4437.3832 2.9934188e-06 0 0
5 10 16130.964 1.0881804e-05 0 0
10 15 34713.423 2.3417363e-05 0 0
15 20 60323.492 4.0693685e-05 0 0
20 25 93794.842 6.3273156e-05 0 0
25 30 134036.91 9.0420096e-05 0 0
30 35 181882.7 0.00012269643 0 0
35 40 237833.76 0.00016044052 0 0
40 45 300831.88 0.00020293848 0 0
45 50 369424.6 0.00024921051 0 0
50 55 445481.47 0.00030051779 0 0
55 60 527460.22 0.00035581992 0 0
60 65 615934.89 0.00041550413 0 0
65 70 710452.23 0.00047926468 0 0
70 75 810678.51 0.00054687643 0 0
75 80 916696.17 0.00061839499 0 0
80 85 1029200.6 0.00069428943 0 0
85 90 1144986.4 0.00077239756 0 0
90 95 1267345.7 0.00085494003 0 0
95 100 1393576.8 0.00094009439 0 0
100 105 1525385.9 0.0010290116 0 0
105 110 1662014.7 0.0011211802 0 0
110 115 1802364.4 0.0012158588 0 0
115 120 1943788.6 0.0013112623 0 0
120 125 2087251.2 0.0014080409 0 0
125 130 2242131.6 0.0015125218 0 0
130 135 2394034.2 0.001614994 0 0
135 140 2552340.6 0.001721786 0 0
140 145 2712641.3 0.0018299234 0 0
145 150 2876173 0.0019402404 0 0
150 155 3039174.9 0.0020502 0 0
155 160 3209204.2 0.0021649003 0 0
160 165 3380175.9 0.0022802363 0 0
165 170 3556384.4 0.0023991049 0 0
170 175 3734079.2 0.0025189762 0 0
175 180 3912262.9 0.0026391773 0 0
180 185 4091078.1 0.0027598045 0 0
185 190 4270105 0.0028805744 0 0
190 195 4448837.5 0.0030011458 0 0
195 200 4634449.9 0.0031263582 0 0
