0 5 4422.7572 2.9770852e-06 275.42416 1.8539593e-07
5 10 16045.93 1.0800978e-05 547.98934 3.688674e-07
10 15 34042.69 2.2915115e-05 -1986.3679 -1.3370814e-06
15 20 59938.036 4.0346017e-05 -3162.317 -2.1286466e-06
20 25 93288.496 6.2795172e-05 -2835.4293 -1.9086091e-06
25 30 133844.76 9.0094763e-05 -2266.4706 -1.5256266e-06
30 35 181747.25 0.00012233931 -293.51228 -1.9757156e-07
35 40 237750.58 0.00016003676 1514.6069 1.0195255e-06
40 45 299622.9 0.0002016848 4771.2738 3.2116817e-06
45 50 368799.77 0.00024824974 9871.6705 6.6449056e-06
50 55 445045.39 0.00029957287 15898.167 1.0701514e-05
55 60 526212.22 0.0003542086 23702.423 1.5954783e-05
60 65 615058.5 0.00041401358 32989.276 2.2206031e-05
65 70 708807.73 0.00047711889 43297.661 2.9144902e-05
70 75 808741.16 0.00054438696 49748.654 3.3487251e-05
75 80 913284.85 0.00061475832 57132.852 3.8457768e-05
80 85 1024949.7 0.00068992313 67209.464 4.5240625e-05
85 90 1139784.7 0.00076722186 78129.817 5.2591429e-05
90 95 1262956.8 0.0008501326 82386.099 5.5456455e-05
95 100 1388103.7 0.00093437254 99919.724 6.7258843e-05
100 105 1519567.6 0.0010228647 113517.46 7.6411873e-05
105 110 1652170.2 0.0011121233 125221.19 8.428999e-05
110 115 1790270.3 0.0012050825 140413.77 9.4516549e-05
115 120 1934084.7 0.0013018881 149823.08 0.00010085023
120 125 2079648.4 0.0013998712 161017.12 0.00010838526
125 130 2231180.6 0.0015018719 172505.99 0.00011611875
130 135 2384946 0.0016053758 185442.3 0.00012482655
135 140 2540953.3 0.0017103888 198130.12 0.00013336709
140 145 2700309.2 0.0018176558 212707.59 0.0001431796
145 150 2865541.3 0.0019288783 231372.24 0.00015574332
150 155 3030627.3 0.0020400025 248987.41 0.00016760059
155 160 3200551.1 0.0021543831 260047.57 0.0001750455
160 165 3375207.4 0.0022719492 266268.11 0.00017923273
165 170 3546363 0.002387159 287643.53 0.00019362114
170 175 3719358.5 0.0025036072 295790.07 0.00019910481
175 180 3895138.7 0.00262193 310686.6 0.00020913209
180 185 4074769.7 0.0027428448 326586.21 0.00021983458
185 190 4252524.9 0.0028624969 336880.75 0.00022676413
190 195 4440047.7 0.002988724 342638.74 0.00023064
195 200 4620785.9 0.003110384 354591.71 0.00023868589
