0 5 4620.8605 2.9554936e-06 438.78917 2.8064872e-07
5 10 16726.019 1.069793e-05 259.28815 1.6584021e-07
10 15 35442.487 2.2668948e-05 -1410.2782 -9.0201125e-07
15 20 61194.343 3.9139787e-05 -106.1809 -6.7913101e-08
20 25 93718.171 5.9941965e-05 2374.1828 1.5185229e-06
25 30 132615.49 8.4820615e-05 4004.2724 2.5611251e-06
30 35 178065.81 0.00011389056 10065.657 6.437975e-06
35 40 228679.32 0.00014626286 16118.064 1.0309083e-05
40 45 284592.04 0.00018202454 25311.208 1.6189001e-05
45 50 345544.17 0.0002210094 35836.388 2.2920886e-05
50 55 412100.9 0.00026357896 49492.012 3.1654997e-05
55 60 481857.21 0.00030819496 65740.027 4.2047198e-05
60 65 555723.01 0.00035543939 79365.55 5.0762056e-05
65 70 634670.15 0.00040593383 97707.318 6.2493416e-05
70 75 717005.14 0.00045859514 119816.74 7.6634564e-05
75 80 802464.85 0.00051325501 138781.24 8.8764219e-05
80 85 892359.02 0.00057075114 164335.84 0.00010510889
85 90 984386.24 0.00062961159 190562.13 0.00012188318
90 95 1079155.1 0.00069022558 216284.41 0.0001383351
95 100 1175677 0.00075196078 245987.04 0.00015733285
100 105 1272218.5 0.00081370857 276089.23 0.00017658615
105 110 1370373.9 0.00087648854 310356.48 0.00019850342
110 115 1469309 0.0009397673 351152.07 0.0002245962
115 120 1570414.7 0.0010044343 386438.98 0.00024716564
120 125 1672454 0.0010696984 423673.5 0.00027098077
125 130 1774186.3 0.0011347662 465046.86 0.0002974431
130 135 1874878.2 0.0011991686 508564.09 0.00032527663
135 140 1978802.1 0.0012656381 554751.75 0.00035481817
140 145 2082450.7 0.0013319315 593611.17 0.00037967259
145 150 2187248.3 0.0013989599 641662.24 0.00041040596
150 155 2290674.8 0.0014651113 680900.89 0.00043550293
155 160 2396331.1 0.0015326888 728104.99 0.00046569458
160 165 2503719.9 0.0016013745 776974.34 0.00049695133
165 170 2609054.6 0.0016687464 814596.78 0.00052101456
170 175 2716518.2 0.0017374799 860366.37 0.00055028871
175 180 2823880.2 0.0018061485 906140.74 0.00057956591
180 185 2928363.2 0.0018729756 950971.18 0.00060823937
185 190 3033791.5 0.0019404073 989764.28 0.00063305137
190 195 3142137.7 0.0020097053 1021009.9 0.00065303603
195 200 3243887 0.002074784 1061981.8 0.00067924153
