0 5 4470.4823 2.9873909e-06 0 0
5 10 16264.892 1.0868982e-05 0 0
10 15 34890.387 2.3315432e-05 0 0
15 20 60885.226 4.068643e-05 0 0
20 25 94714.264 6.3292617e-05 0 0
25 30 136655.25 9.1319594e-05 0 0
30 35 184930.03 0.00012357912 0 0
35 40 241139.61 0.00016114106 0 0
40 45 304508.18 0.00020348698 0 0
45 50 374323.94 0.00025014122 0 0
50 55 451819.82 0.00030192769 0 0
55 60 535001.1 0.00035751341 0 0
60 65 625622.9 0.00041807125 0 0
65 70 720265.04 0.00048131567 0 0
70 75 822664.4 0.00054974384 0 0
75 80 929742.27 0.00062129841 0 0
80 85 1043019.4 0.00069699566 0 0
85 90 1159004.2 0.00077450225 0 0
90 95 1281479.6 0.00085634617 0 0
95 100 1409867 0.00094214079 0 0
100 105 1543630.6 0.0010315281 0 0
105 110 1678923.9 0.0011219376 0 0
110 115 1819918 0.0012161566 0 0
115 120 1964129.8 0.0013125258 0 0
120 125 2113134.1 0.0014120976 0 0
125 130 2265493.3 0.0015139113 0 0
130 135 2422098.5 0.0016185625 0 0
135 140 2579743.9 0.0017239087 0 0
140 145 2741692.6 0.0018321306 0 0
145 150 2909657.5 0.0019443728 0 0
150 155 3079658 0.0020579753 0 0
155 160 3250347.8 0.0021720384 0 0
160 165 3424015.4 0.0022880915 0 0
165 170 3596877.3 0.002403606 0 0
170 175 3773975.7 0.0025219517 0 0
175 180 3953297 0.0026417828 0 0
180 185 4136235.1 0.0027640308 0 0
185 190 4317144 0.0028849229 0 0
190 195 4500211 0.003007257 0 0
195 200 4683499.3 0.003129739 0 0
