0 5 4615.7802 2.942434e-06 0 0
5 10 16793.656 1.0705498e-05 0 0
10 15 36054.131 2.2983525e-05 0 0
15 20 61806.088 3.9399696e-05 0 0
20 25 94279.972 6.0100911e-05 0 0
25 30 132759.71 8.4630693e-05 0 0
30 35 178740.23 0.00011394202 0 0
35 40 229846.26 0.00014652072 0 0
40 45 286381.87 0.00018256064 0 0
45 50 347414.49 0.00022146726 0 0
50 55 413954.51 0.00026388471 0 0
55 60 485493.7 0.000309489 0 0
60 65 559478.87 0.00035665252 0 0
65 70 638819.08 0.00040722974 0 0
70 75 721109.88 0.00045968788 0 0
75 80 807374.84 0.00051467944 0 0
80 85 899355.34 0.00057331451 0 0
85 90 991190.41 0.00063185686 0 0
90 95 1087456.3 0.00069322374 0 0
95 100 1183062 0.00075416978 0 0
100 105 1282439 0.00081751989 0 0
105 110 1383429.9 0.00088189885 0 0
110 115 1482229 0.0009448806 0 0
115 120 1587377.4 0.0010119098 0 0
120 125 1690197.7 0.001077455 0 0
125 130 1793356 0.0011432155 0 0
130 135 1899907.6 0.0012111393 0 0
135 140 2004095.6 0.0012775563 0 0
140 145 2108079.9 0.0013438434 0 0
145 150 2214637.2 0.0014117708 0 0
150 155 2320786.5 0.0014794381 0 0
155 160 2428994.2 0.0015484176 0 0
160 165 2535786.3 0.0016164946 0 0
165 170 2640439.3 0.001683208 0 0
170 175 2747316.9 0.0017513396 0 0
175 180 2855327.1 0.0018201932 0 0
180 185 2963537.4 0.0018891743 0 0
185 190 3069149.7 0.0019564992 0 0
190 195 3174778.2 0.0020238345 0 0
195 200 3280487.1 0.002091221 0 0
