0 5 4465.556 2.9637424e-06 0 0
5 10 16438.894 1.091032e-05 0 0
10 15 34938.086 2.3188039e-05 0 0
15 20 60915.973 4.0429288e-05 0 0
20 25 94960.783 6.3024469e-05 0 0
25 30 136875.75 9.0842991e-05 0 0
30 35 185231.32 0.00012293607 0 0
35 40 241641.36 0.00016037482 0 0
40 45 305213.94 0.00020256727 0 0
45 50 376099.55 0.0002496133 0 0
50 55 454413.81 0.00030158965 0 0
55 60 537598.45 0.00035679841 0 0
60 65 627506.17 0.00041646921 0 0
65 70 723300.54 0.00048004693 0 0
70 75 825842.71 0.00054810308 0 0
75 80 934279.16 0.00062007121 0 0
80 85 1047696 0.00069534474 0 0
85 90 1165755.1 0.00077369932 0 0
90 95 1289143.7 0.00085559105 0 0
95 100 1419869.1 0.00094235211 0 0
100 105 1553103.2 0.0010307782 0 0
105 110 1690216.6 0.0011217789 0 0
110 115 1830933.1 0.001215171 0 0
115 120 1977967.7 0.0013127563 0 0
120 125 2127484.5 0.001411989 0 0
125 130 2282037.6 0.0015145643 0 0
130 135 2439755.5 0.0016192399 0 0
135 140 2602507.9 0.001727257 0 0
140 145 2765968.9 0.0018357443 0 0
145 150 2932410.8 0.0019462101 0 0
150 155 3102396.7 0.0020590279 0 0
155 160 3272653.5 0.0021720256 0 0
160 165 3446439.8 0.0022873657 0 0
165 170 3625210.2 0.0024060137 0 0
170 175 3807104 0.0025267347 0 0
175 180 3990559.3 0.002648492 0 0
180 185 4173363 0.002769817 0 0
185 190 4355710.8 0.0028908392 0 0
190 195 4537447.7 0.0030114561 0 0
195 200 4726499.9 0.0031369281 0 0
