0 5 4441.7959 2.9677896e-06 0 0
5 10 16102.753 1.0759067e-05 0 0
10 15 34315.511 2.2927937e-05 0 0
15 20 59852.326 3.9990381e-05 0 0
20 25 92968.396 6.211691e-05 0 0
25 30 133657.43 8.9303324e-05 0 0
30 35 182106.48 0.00012167459 0 0
35 40 238107.48 0.00015909171 0 0
40 45 299432.34 0.00020006596 0 0
45 50 368903.38 0.0002464831 0 0
50 55 443564.19 0.00029636778 0 0
55 60 526273.8 0.00035163027 0 0
60 65 614636.46 0.00041066985 0 0
65 70 707981.03 0.00047303811 0 0
70 75 809210.81 0.00054067486 0 0
75 80 914396.14 0.00061095453 0 0
80 85 1025357 0.00068509314 0 0
85 90 1143604.3 0.00076410016 0 0
90 95 1265076.1 0.0008452616 0 0
95 100 1392585.4 0.00093045705 0 0
100 105 1525130.3 0.0010190171 0 0
105 110 1659121.1 0.0011085431 0 0
110 115 1795318.4 0.0011995434 0 0
115 120 1941312.3 0.0012970894 0 0
120 125 2087730.7 0.0013949189 0 0
125 130 2239011.4 0.0014959973 0 0
130 135 2393868.3 0.001599465 0 0
135 140 2551857.9 0.0017050259 0 0
140 145 2713485.4 0.0018130175 0 0
145 150 2875542.8 0.0019212963 0 0
150 155 3041352.2 0.002032082 0 0
155 160 3210660.2 0.0021452052 0 0
160 165 3384957 0.0022616618 0 0
165 170 3559325.4 0.0023781662 0 0
170 175 3736583.8 0.0024966015 0 0
175 180 3914178.2 0.0026152614 0 0
180 185 4092497.2 0.0027344054 0 0
185 190 4276110.4 0.0028570867 0 0
190 195 4455330 0.0029768324 0 0
195 200 4641564.9 0.0031012654 0 0
