0 5 4527.4833 2.8954467e-06 0 0
5 10 16992.627 1.086724e-05 0 0
10 15 35242.866 2.2538756e-05 0 0
15 20 60795.409 3.8880291e-05 0 0
20 25 93648.274 5.9890577e-05 0 0
25 30 132481.82 8.4725669e-05 0 0
30 35 177856.67 0.0001137441 0 0
35 40 228008.83 0.00014581775 0 0
40 45 285600.06 0.00018264888 0 0
45 50 345598.45 0.00022101946 0 0
50 55 410674.34 0.00026263723 0 0
55 60 480393.52 0.00030722451 0 0
60 65 555199.6 0.000355065 0 0
65 70 633659.63 0.00040524229 0 0
70 75 716813.65 0.00045842151 0 0
75 80 802372.41 0.00051313862 0 0
80 85 892365.12 0.00057069138 0 0
85 90 985433.24 0.00063021093 0 0
90 95 1079478.5 0.00069035537 0 0
95 100 1176865.8 0.00075263715 0 0
100 105 1277380.5 0.00081691902 0 0
105 110 1375574.9 0.00087971694 0 0
110 115 1476767.1 0.00094443208 0 0
115 120 1578434.8 0.0010094513 0 0
120 125 1681791.7 0.0010755508 0 0
125 130 1783686.1 0.001140715 0 0
130 135 1885787.4 0.0012060115 0 0
135 140 1990968.7 0.0012732778 0 0
140 145 2095320.6 0.0013400136 0 0
145 150 2199644.9 0.0014067318 0 0
150 155 2306286.6 0.001474932 0 0
155 160 2411086.8 0.0015419545 0 0
160 165 2516545.1 0.0016093979 0 0
165 170 2621403.2 0.0016764575 0 0
170 175 2732404 0.0017474455 0 0
175 180 2834441 0.0018127009 0 0
180 185 2943014.6 0.0018821366 0 0
185 190 3051086.2 0.0019512513 0 0
190 195 3154088.4 0.0020171239 0 0
195 200 3259765.5 0.0020847073 0 0
