0 5 4562.5397 2.9003268e-06 0 0
5 10 16821.287 1.0692998e-05 0 0
10 15 35357.143 2.2475918e-05 0 0
15 20 61085.155 3.8830766e-05 0 0
20 25 93505.08 5.9439546e-05 0 0
25 30 133059.99 8.4583911e-05 0 0
30 35 178179.23 0.00011326542 0 0
35 40 229278.04 0.00014574804 0 0
40 45 286249.56 0.00018196384 0 0
45 50 349289.71 0.00022203737 0 0
50 55 414972.02 0.00026379047 0 0
55 60 486489.8 0.00030925307 0 0
60 65 560598.58 0.00035636272 0 0
65 70 639631.2 0.00040660238 0 0
70 75 722471.56 0.00045926255 0 0
75 80 809844.52 0.00051480402 0 0
80 85 898848.25 0.00057138213 0 0
85 90 991304.89 0.0006301552 0 0
90 95 1087189.5 0.00069110737 0 0
95 100 1182988.7 0.00075200527 0 0
100 105 1280933.1 0.00081426682 0 0
105 110 1381073 0.00087792401 0 0
110 115 1481520.2 0.0009417765 0 0
115 120 1585096.7 0.0010076183 0 0
120 125 1690108.6 0.0010743725 0 0
125 130 1794870.4 0.0011409678 0 0
130 135 1896709.9 0.0012057054 0 0
135 140 2004564.1 0.0012742664 0 0
140 145 2109522.1 0.0013409863 0 0
145 150 2215902.6 0.0014086106 0 0
150 155 2322146.2 0.0014761478 0 0
155 160 2428617.5 0.0015438297 0 0
160 165 2534636 0.0016112238 0 0
165 170 2643155.5 0.0016802078 0 0
170 175 2750508.9 0.0017484504 0 0
175 180 2857886.8 0.0018167087 0 0
180 185 2967247.9 0.0018862276 0 0
185 190 3074560.8 0.0019544446 0 0
190 195 3183979.2 0.002024 0 0
195 200 3287409.4 0.0020897487 0 0
