0 5 4621.1034 2.9329811e-06 0 0
5 10 17054.315 1.0824251e-05 0 0
10 15 35592.005 2.258999e-05 0 0
15 20 61251.127 3.887565e-05 0 0
20 25 93761.008 5.9509438e-05 0 0
25 30 133404.93 8.4671151e-05 0 0
30 35 178781.65 0.00011347143 0 0
35 40 229586.65 0.000145717 0 0
40 45 287397.47 0.00018240911 0 0
45 50 347900.35 0.00022080985 0 0
50 55 414732.67 0.00026322785 0 0
55 60 485489.03 0.0003081364 0 0
60 65 560088.09 0.00035548389 0 0
65 70 639733.67 0.00040603436 0 0
70 75 723086.12 0.00045893757 0 0
75 80 810553.75 0.00051445265 0 0
80 85 899044.81 0.00057061728 0 0
85 90 991761.57 0.00062946394 0 0
90 95 1089071.5 0.00069122587 0 0
95 100 1186110.3 0.00075281568 0 0
100 105 1284402.7 0.00081520114 0 0
105 110 1383773 0.00087827076 0 0
110 115 1484923.3 0.00094247018 0 0
115 120 1585135.1 0.0010060738 0 0
120 125 1689607.2 0.0010723816 0 0
125 130 1793318.8 0.0011382066 0 0
130 135 1897096.2 0.0012040733 0 0
135 140 2000101.7 0.0012694502 0 0
140 145 2105090.1 0.0013360856 0 0
145 150 2210265 0.0014028393 0 0
150 155 2315859.2 0.0014698592 0 0
155 160 2419334.8 0.0015355344 0 0
160 165 2524486.7 0.0016022736 0 0
165 170 2629731.4 0.0016690716 0 0
170 175 2736876.7 0.001737076 0 0
175 180 2841656.8 0.0018035792 0 0
180 185 2945376.4 0.0018694092 0 0
185 190 3050032.4 0.0019358337 0 0
190 195 3152312.2 0.0020007499 0 0
195 200 3257631 0.002067595 0 0
