0 5 4735.5274 2.9920963e-06 318.98129 2.0154518e-07
5 10 17273.279 1.0913951e-05 134.54501 8.5010936e-08
10 15 36075.325 2.2793839e-05 -1778.6057 -1.1237945e-06
15 20 62122.814 3.9251688e-05 -980.77639 -6.196939e-07
20 25 95094.774 6.0084696e-05 -42.676595 -2.6964786e-08
25 30 134405.77 8.4922958e-05 3429.8058 2.167089e-06
30 35 179800.17 0.00011360496 9287.9375 5.8684918e-06
35 40 231366.07 0.00014618637 14542.85 9.1887565e-06
40 45 288035.41 0.00018199233 24065.56 1.5205587e-05
45 50 350326.55 0.00022135037 36263.991 2.2913045e-05
50 55 416708.46 0.00026329313 50750.448 3.206617e-05
55 60 487828.94 0.00030822991 65366.394 4.1301112e-05
60 65 563862.63 0.00035627104 81096.162 5.123981e-05
65 70 643441.19 0.00040655197 101122.14 6.3893028e-05
70 75 727993.91 0.00045997578 121256.91 7.6614986e-05
75 80 815925.4 0.00051553442 146249.41 9.2406248e-05
80 85 906581.3 0.00057281446 172582.41 0.00010904449
85 90 1000090.8 0.00063189754 199377.75 0.00012597487
90 95 1095427.9 0.00069213534 226152.18 0.00014289202
95 100 1192375.3 0.00075339055 257198.3 0.00016250821
100 105 1291178.7 0.00081581852 285810.77 0.00018058672
105 110 1390084.6 0.00087831124 322405.02 0.00020370843
110 115 1490928.1 0.00094202821 355946.43 0.00022490125
115 120 1591707.4 0.0010057047 396840.72 0.0002507399
120 125 1694188.9 0.0010704565 433524.83 0.00027391839
125 130 1797037.1 0.0011354401 472155.77 0.00029832697
130 135 1900870.3 0.0012010462 524917.06 0.00033166367
135 140 2005091.9 0.0012668975 567030.49 0.00035827263
140 145 2111282.4 0.001333993 616413.14 0.00038947457
145 150 2214937.3 0.0013994863 663029.03 0.00041892835
150 155 2320663.7 0.0014662885 717346.52 0.00045324833
155 160 2429919.7 0.0015353208 760877.48 0.00048075294
160 165 2533834.6 0.0016009784 801015.91 0.00050611401
165 170 2641326.7 0.0016688962 847241.37 0.00053532111
170 175 2749150.6 0.0017370237 881450.93 0.00055693608
175 180 2855025.2 0.0018039195 924610.95 0.00058420631
180 185 2960170.6 0.0018703546 969895.2 0.00061281872
185 190 3066316.2 0.0019374217 1004847.8 0.00063490317
190 195 3172736.5 0.0020046623 1050364.2 0.0006636623
195 200 3279971 0.0020724174 1090128.2 0.00068878673
