0 5 4512.0375 3.0034739e-06 0 0
5 10 16250.358 1.0817181e-05 0 0
10 15 34613.761 2.3040928e-05 0 0
15 20 60394.696 4.0202214e-05 0 0
20 25 94706.216 6.3041953e-05 0 0
25 30 135751.13 9.0363826e-05 0 0
30 35 184640.78 0.00012290762 0 0
35 40 241031 0.00016044422 0 0
40 45 303812.92 0.00020223551 0 0
45 50 373678.41 0.00024874204 0 0
50 55 449862.39 0.00029945451 0 0
55 60 533836.82 0.00035535276 0 0
60 65 624162.72 0.00041547892 0 0
65 70 718750.01 0.00047844172 0 0
70 75 821041.19 0.00054653266 0 0
75 80 928422.91 0.00061801216 0 0
80 85 1041307.3 0.00069315458 0 0
85 90 1161800.6 0.00077336187 0 0
90 95 1286148.1 0.0008561348 0 0
95 100 1412154.7 0.0009400121 0 0
100 105 1548795.1 0.0010309679 0 0
105 110 1683890.3 0.0011208951 0 0
110 115 1825408.6 0.0012150979 0 0
115 120 1970127 0.0013114309 0 0
120 125 2120821.5 0.0014117419 0 0
125 130 2270656.4 0.0015114807 0 0
130 135 2429681.9 0.0016173373 0 0
135 140 2588888.3 0.0017233143 0 0
140 145 2752485.4 0.001832214 0 0
145 150 2921103.4 0.0019444559 0 0
150 155 3089747.8 0.0020567154 0 0
155 160 3258550.4 0.0021690802 0 0
160 165 3427492.1 0.0022815376 0 0
165 170 3602477.8 0.0023980182 0 0
170 175 3783692.3 0.0025186451 0 0
175 180 3964338.2 0.0026388935 0 0
180 185 4148723.5 0.0027616311 0 0
185 190 4332305.3 0.0028838338 0 0
190 195 4512150.8 0.0030035494 0 0
195 200 4699606.4 0.0031283307 0 0
