0 5 4347.4648 2.9058057e-06 0 0
5 10 15958.772 1.0666697e-05 0 0
10 15 34625.635 2.3143458e-05 0 0
15 20 60116.262 4.018116e-05 0 0
20 25 93576.432 6.2545632e-05 0 0
25 30 134736.21 9.0056449e-05 0 0
30 35 183277.31 0.00012250088 0 0
35 40 238532.46 0.00015943291 0 0
40 45 302156.41 0.00020195858 0 0
45 50 371719.55 0.00024845395 0 0
50 55 448302.7 0.00029964142 0 0
55 60 533104.6 0.00035632224 0 0
60 65 622082.75 0.00041579442 0 0
65 70 718562.04 0.00048028029 0 0
70 75 820251.71 0.00054824874 0 0
75 80 927116.8 0.00061967639 0 0
80 85 1039160.6 0.00069456541 0 0
85 90 1156616.9 0.00077307217 0 0
90 95 1280852.9 0.00085611035 0 0
95 100 1410597.8 0.00094283068 0 0
100 105 1541646.3 0.0010304223 0 0
105 110 1677544.3 0.0011212552 0 0
110 115 1820005.6 0.0012164751 0 0
115 120 1962193.5 0.0013115122 0 0
120 125 2112368.2 0.0014118876 0 0
125 130 2266073 0.0015146225 0 0
130 135 2421529.6 0.0016185283 0 0
135 140 2580429.6 0.0017247355 0 0
140 145 2741968.9 0.0018327069 0 0
145 150 2908877.8 0.0019442673 0 0
150 155 3076556.7 0.0020563424 0 0
155 160 3247203.8 0.0021704013 0 0
160 165 3421215.3 0.002286709 0 0
165 170 3596068 0.002403579 0 0
170 175 3774126.7 0.0025225918 0 0
175 180 3954899.1 0.0026434184 0 0
180 185 4137770.8 0.0027656482 0 0
185 190 4318696.7 0.0028865774 0 0
190 195 4502218.4 0.0030092416 0 0
195 200 4688282.8 0.0031336054 0 0
