0 5 4598.1763 2.9311934e-06 202.06103 1.2880758e-07
5 10 16893.451 1.0769046e-05 -122.85232 -7.831451e-08
10 15 35268.696 2.248269e-05 -1723.1507 -1.0984546e-06
15 20 61285.589 3.9067644e-05 -853.4419 -5.4404249e-07
20 25 93297.061 5.9473955e-05 402.92726 2.5685351e-07
25 30 132587.03 8.4520083e-05 4099.0312 2.6130041e-06
30 35 176372.22 0.00011243177 8607.1519 5.4867898e-06
35 40 226709.22 0.00014452003 17979.713 1.1461504e-05
40 45 283246.9 0.00018056103 25424.661 1.6207425e-05
45 50 344394.92 0.00021954098 37023.659 2.3601424e-05
50 55 409357.76 0.00026095276 51689.938 3.2950717e-05
55 60 479098.96 0.00030541059 66538.403 4.2416148e-05
60 65 552663.49 0.00035230567 84302.434 5.3740162e-05
65 70 631469.85 0.00040254226 100091.7 6.3805324e-05
70 75 711460.66 0.0004535339 114630.81 7.3073555e-05
75 80 798271.26 0.00050887294 133524.96 8.5117979e-05
80 85 888484.46 0.00056638103 155291.45 9.8993437e-05
85 90 979204.55 0.00062421224 178167.06 0.00011357592
90 95 1075513.1 0.00068560591 200553.84 0.00012784679
95 100 1172188.1 0.00074723323 229126.51 0.00014606098
100 105 1269906 0.00080952528 261685.03 0.00016681602
105 110 1369138.7 0.00087278305 288389.38 0.0001838392
110 115 1470591.2 0.00093745585 321691.62 0.00020506833
115 120 1572535.5 0.0010024421 358391.35 0.00022846327
120 125 1674083.6 0.0010671759 396155.15 0.0002525365
125 130 1776859.6 0.0011326924 441116.99 0.00028119827
130 135 1879753.6 0.001198284 475176.34 0.00030291004
135 140 1985006.2 0.0012653793 524339.13 0.00033424977
140 145 2087770.6 0.0013308884 573768.04 0.00036575916
145 150 2191689.8 0.0013971336 624900.42 0.00039835445
150 155 2296028.1 0.001463646 670037.52 0.00042712794
155 160 2402301.8 0.0015313922 710175.98 0.00045271495
160 165 2506438.4 0.001597776 753270.92 0.00048018663
165 170 2613169.2 0.0016658135 792635.14 0.00050528008
170 175 2718637.9 0.0017330465 841902.72 0.00053668662
175 180 2824684.1 0.0018006477 888919.19 0.00056665815
180 185 2930565.7 0.0018681439 937621.56 0.00059770439
185 190 3035082 0.0019347697 980006.88 0.0006247237
190 195 3140928.6 0.0020022436 1020352.9 0.00065044301
195 200 3244727 0.0020684118 1069731.2 0.00068192012
