0 5 4514.7669 3.0126029e-06 0 0
5 10 16165.253 1.0786711e-05 0 0
10 15 34753.103 2.3189968e-05 0 0
15 20 60954.198 4.0673373e-05 0 0
20 25 95074.292 6.3440948e-05 0 0
25 30 135963 9.0725065e-05 0 0
30 35 184695.11 0.00012324291 0 0
35 40 241089.99 0.00016087395 0 0
40 45 303899.95 0.00020278564 0 0
45 50 374599.6 0.00024996193 0 0
50 55 450931.3 0.00030089637 0 0
55 60 535480.72 0.0003573143 0 0
60 65 625394.14 0.00041731151 0 0
65 70 720300.57 0.00048064045 0 0
70 75 821151.9 0.00054793629 0 0
75 80 929679.35 0.00062035423 0 0
80 85 1042197.1 0.0006954348 0 0
85 90 1160409.8 0.00077431548 0 0
90 95 1283260.4 0.00085629095 0 0
95 100 1412986.1 0.00094285403 0 0
100 105 1544009.1 0.0010302827 0 0
105 110 1681979.6 0.0011223474 0 0
110 115 1824235.6 0.0012172716 0 0
115 120 1967648.8 0.001312968 0 0
120 125 2116581.6 0.0014123476 0 0
125 130 2270938.9 0.0015153467 0 0
130 135 2426689.9 0.0016192759 0 0
135 140 2584122.2 0.001724327 0 0
140 145 2746326.5 0.0018325622 0 0
145 150 2912319.6 0.0019433257 0 0
150 155 3078137.7 0.0020539724 0 0
155 160 3251904.6 0.0021699232 0 0
160 165 3426107 0.0022861645 0 0
165 170 3600231.2 0.0024023537 0 0
170 175 3779375.7 0.0025218929 0 0
175 180 3958737 0.0026415766 0 0
180 185 4140211.1 0.0027626702 0 0
185 190 4324071.1 0.0028853559 0 0
190 195 4506372.1 0.0030070013 0 0
195 200 4693904.6 0.0031321375 0 0
