0 5 4481.8475 2.9788983e-06 0 0
5 10 16246.384 1.0798298e-05 0 0
10 15 34381.362 2.2851866e-05 0 0
15 20 60313.093 4.0087612e-05 0 0
20 25 93813.698 6.2354076e-05 0 0
25 30 135216.77 8.987298e-05 0 0
30 35 184351.03 0.00012253049 0 0
35 40 239599.14 0.00015925162 0 0
40 45 302590.8 0.00020111956 0 0
45 50 373175.46 0.00024803426 0 0
50 55 450550.36 0.00029946215 0 0
55 60 532387.78 0.00035385609 0 0
60 65 622410.26 0.0004136903 0 0
65 70 717995.68 0.00047722196 0 0
70 75 817539.53 0.00054338464 0 0
75 80 925608.82 0.00061521381 0 0
80 85 1037549.1 0.00068961586 0 0
85 90 1155955.6 0.00076831577 0 0
90 95 1278676.6 0.00084988331 0 0
95 100 1407726.8 0.00093565767 0 0
100 105 1537581.2 0.0010219665 0 0
105 110 1674872.3 0.0011132182 0 0
110 115 1814288.1 0.0012058821 0 0
115 120 1958019.1 0.0013014141 0 0
120 125 2110311.4 0.0014026365 0 0
125 130 2261561.2 0.001503166 0 0
130 135 2418723.3 0.0016076251 0 0
135 140 2579920.2 0.001714766 0 0
140 145 2742806.3 0.0018230296 0 0
145 150 2909767.8 0.001934002 0 0
150 155 3079707.8 0.0020469541 0 0
155 160 3251995.3 0.0021614664 0 0
160 165 3424895.3 0.0022763859 0 0
165 170 3602746 0.0023945959 0 0
170 175 3782758.4 0.0025142427 0 0
175 180 3964039.5 0.0026347328 0 0
180 185 4146161.7 0.0027557818 0 0
185 190 4331544.9 0.0028789983 0 0
190 195 4515196.5 0.003001064 0 0
195 200 4698724 0.0031230471 0 0
