0 5 4457.9871 2.9680373e-06 0 0
5 10 16476.576 1.096977e-05 0 0
10 15 34828.618 2.3188187e-05 0 0
15 20 60641.121 4.0373627e-05 0 0
20 25 94682.38 6.3037606e-05 0 0
25 30 136136.21 9.0636724e-05 0 0
30 35 184738.61 0.00012299521 0 0
35 40 241726.37 0.00016093651 0 0
40 45 304593.95 0.00020279247 0 0
45 50 374812.64 0.00024954264 0 0
50 55 453101 0.00030166544 0 0
55 60 536897.4 0.00035745539 0 0
60 65 626539.24 0.0004171371 0 0
65 70 722223.49 0.00048084173 0 0
70 75 824767.54 0.00054911348 0 0
75 80 931210.87 0.00061998129 0 0
80 85 1045458.1 0.00069604475 0 0
85 90 1162720.9 0.00077411598 0 0
90 95 1284912.7 0.00085546877 0 0
95 100 1414783.8 0.00094193433 0 0
100 105 1549610.8 0.0010316994 0 0
105 110 1686903.1 0.0011231058 0 0
110 115 1828272.9 0.0012172269 0 0
115 120 1974238.9 0.0013144082 0 0
120 125 2124470.2 0.0014144291 0 0
125 130 2279996.7 0.0015179755 0 0
130 135 2436379.4 0.0016220919 0 0
135 140 2594183.8 0.0017271549 0 0
140 145 2761957.4 0.0018388552 0 0
145 150 2931190.5 0.0019515271 0 0
150 155 3098328.8 0.0020628044 0 0
155 160 3273428.8 0.0021793824 0 0
160 165 3450777.4 0.0022974575 0 0
165 170 3626638.9 0.0024145425 0 0
170 175 3804606 0.0025330294 0 0
175 180 3984835.3 0.0026530224 0 0
180 185 4165791 0.0027734991 0 0
185 190 4354890.4 0.0028993976 0 0
190 195 4541681.8 0.0030237595 0 0
195 200 4729797.4 0.0031490031 0 0
