0 5 4356.6782 2.9183636e-06 0 0
5 10 16054.467 1.0754242e-05 0 0
10 15 34074.976 2.2825457e-05 0 0
15 20 59978.361 4.0177093e-05 0 0
20 25 92965.914 6.2274129e-05 0 0
25 30 133822.74 8.9642475e-05 0 0
30 35 182363.17 0.00012215776 0 0
35 40 237091.66 0.00015881818 0 0
40 45 300272.71 0.00020114062 0 0
45 50 368714.39 0.00024698695 0 0
50 55 445255.71 0.00029825891 0 0
55 60 528679.07 0.00035414086 0 0
60 65 616531.22 0.00041298948 0 0
65 70 710153.16 0.00047570306 0 0
70 75 811359.66 0.00054349723 0 0
75 80 918965.28 0.0006155779 0 0
80 85 1030277.4 0.00069014144 0 0
85 90 1149199.9 0.00076980285 0 0
90 95 1270907.5 0.00085132988 0 0
95 100 1396979.5 0.00093578042 0 0
100 105 1527779 0.0010233977 0 0
105 110 1664602.7 0.0011150504 0 0
110 115 1804521.1 0.0012087762 0 0
115 120 1946969.1 0.0013041964 0 0
120 125 2092886.7 0.0014019407 0 0
125 130 2244994.5 0.0015038316 0 0
130 135 2402125.6 0.0016090874 0 0
135 140 2560263.5 0.0017150176 0 0
140 145 2721727.8 0.0018231761 0 0
145 150 2886880.2 0.001933805 0 0
150 155 3053537.5 0.0020454421 0 0
155 160 3223064.6 0.0021590014 0 0
160 165 3392121.1 0.0022722456 0 0
165 170 3564707.9 0.0023878545 0 0
170 175 3738468.1 0.0025042495 0 0
175 180 3914370.3 0.0026220793 0 0
180 185 4095229.7 0.0027432298 0 0
185 190 4276394.6 0.0028645849 0 0
190 195 4456993.1 0.0029855605 0 0
195 200 4636917.1 0.0031060844 0 0
