0 5 4394.8734 2.9367315e-06 0 0
5 10 16191.47 1.0819424e-05 0 0
10 15 34433.659 2.3009174e-05 0 0
15 20 60236.092 4.0250813e-05 0 0
20 25 93986.382 6.2803348e-05 0 0
25 30 134918.81 9.0155112e-05 0 0
30 35 183527.59 0.00012263635 0 0
35 40 240133.8 0.00016046162 0 0
40 45 302897.72 0.00020240157 0 0
45 50 372874.67 0.00024916139 0 0
50 55 449654.51 0.00030046703 0 0
55 60 533431.76 0.00035644846 0 0
60 65 622422.82 0.00041591384 0 0
65 70 716857.77 0.00047901693 0 0
70 75 819580.88 0.00054765832 0 0
75 80 925836.47 0.00061866016 0 0
80 85 1039403.2 0.00069454746 0 0
85 90 1157626.7 0.00077354649 0 0
90 95 1280689.8 0.00085577936 0 0
95 100 1409461.6 0.00094182692 0 0
100 105 1541513.9 0.0010300666 0 0
105 110 1679812.1 0.0011224799 0 0
110 115 1819846.8 0.0012160535 0 0
115 120 1963653.8 0.0013121479 0 0
120 125 2113691.4 0.0014124057 0 0
125 130 2268995.3 0.0015161825 0 0
130 135 2424895.5 0.0016203577 0 0
135 140 2583155.9 0.0017261101 0 0
140 145 2746023.4 0.001834941 0 0
145 150 2912280.1 0.0019460366 0 0
150 155 3082283.6 0.0020596359 0 0
155 160 3252391.1 0.0021733048 0 0
160 165 3425352.3 0.0022888804 0 0
165 170 3601701.8 0.0024067203 0 0
170 175 3779629.4 0.0025256146 0 0
175 180 3957559.5 0.0026445107 0 0
180 185 4139395.6 0.0027660167 0 0
185 190 4319044.9 0.0028860615 0 0
190 195 4505426.9 0.0030106053 0 0
195 200 4690365.4 0.0031341844 0 0
