0 5 4561.6869 2.9213275e-06 0 0
5 10 16635.258 1.0653304e-05 0 0
10 15 35044.728 2.2442822e-05 0 0
15 20 60588.86 3.8801414e-05 0 0
20 25 92416.379 5.9183919e-05 0 0
25 30 131199.07 8.4020549e-05 0 0
30 35 175892.32 0.00011264234 0 0
35 40 226028.14 0.00014474957 0 0
40 45 282092.28 0.00018065333 0 0
45 50 342873.71 0.00021957807 0 0
50 55 407733.67 0.00026111472 0 0
55 60 476725.05 0.00030529714 0 0
60 65 550328.69 0.00035243329 0 0
65 70 629535.24 0.00040315757 0 0
70 75 710011.96 0.00045469527 0 0
75 80 794452.6 0.00050877148 0 0
80 85 881498.76 0.00056451629 0 0
85 90 973480.68 0.00062342198 0 0
90 95 1064622.9 0.0006817899 0 0
95 100 1160351.9 0.00074309523 0 0
100 105 1255928 0.00080430268 0 0
105 110 1354048.7 0.00086713966 0 0
110 115 1454281.5 0.00093132927 0 0
115 120 1555425 0.00099610208 0 0
120 125 1657382.5 0.0010613962 0 0
125 130 1757676.3 0.0011256249 0 0
130 135 1858952.1 0.0011904824 0 0
135 140 1960399.3 0.0012554497 0 0
140 145 2068048.7 0.0013243889 0 0
145 150 2171030.4 0.0013903389 0 0
150 155 2276121.4 0.0014576397 0 0
155 160 2378990.1 0.0015235174 0 0
160 165 2487911.4 0.0015932711 0 0
165 170 2591016.4 0.0016593001 0 0
170 175 2698065.4 0.0017278548 0 0
175 180 2802441.9 0.001794698 0 0
180 185 2906918 0.0018616051 0 0
185 190 3011203.5 0.00192839 0 0
190 195 3117128.4 0.0019962249 0 0
195 200 3223777.5 0.0020645235 0 0
