0 5 4610.5327 2.9245908e-06 0 0
5 10 16834.929 1.067887e-05 0 0
10 15 35290.284 2.2385622e-05 0 0
15 20 60289.806 3.8243523e-05 0 0
20 25 93086.676 5.9047502e-05 0 0
25 30 131794.02 8.3600659e-05 0 0
30 35 177130.32 0.00011235876 0 0
35 40 228756.01 0.00014510639 0 0
40 45 284776.53 0.00018064178 0 0
45 50 345984.48 0.0002194677 0 0
50 55 413035.53 0.00026200008 0 0
55 60 483625.06 0.00030677701 0 0
60 65 557694.89 0.00035376159 0 0
65 70 637075.06 0.00040411467 0 0
70 75 719402.26 0.00045633713 0 0
75 80 806457.97 0.00051155902 0 0
80 85 895896.34 0.0005682923 0 0
85 90 987218.21 0.00062622034 0 0
90 95 1081214.1 0.00068584456 0 0
95 100 1177340.4 0.00074682021 0 0
100 105 1276015.5 0.00080941257 0 0
105 110 1375349 0.00087242264 0 0
110 115 1478284.8 0.00093771772 0 0
115 120 1579400.4 0.0010018582 0 0
120 125 1681492.9 0.0010666183 0 0
125 130 1783636.7 0.001131411 0 0
130 135 1890875.7 0.0011994358 0 0
135 140 1993844.1 0.0012647515 0 0
140 145 2097815.1 0.0013307032 0 0
145 150 2203576.5 0.0013977907 0 0
150 155 2311458.5 0.0014662233 0 0
155 160 2416962.6 0.0015331475 0 0
160 165 2522230.4 0.0015999218 0 0
165 170 2628567.5 0.0016673744 0 0
170 175 2732904.1 0.0017335581 0 0
175 180 2840725.9 0.0018019525 0 0
180 185 2947217.3 0.001869503 0 0
185 190 3051657.5 0.0019357524 0 0
190 195 3160568.3 0.0020048376 0 0
195 200 3266060.2 0.0020717541 0 0
