0 5 4688.8142 2.9388068e-06 0 0
5 10 17091.891 1.071268e-05 0 0
10 15 36070.104 2.260765e-05 0 0
15 20 62471.311 3.9155127e-05 0 0
20 25 95158.19 5.9642274e-05 0 0
25 30 135411.49 8.4871828e-05 0 0
30 35 181473.11 0.00011374186 0 0
35 40 233182.45 0.00014615171 0 0
40 45 290191.47 0.00018188323 0 0
45 50 353583.61 0.00022161551 0 0
50 55 420520.44 0.00026356949 0 0
55 60 492606.1 0.0003087506 0 0
60 65 568125.45 0.00035608384 0 0
65 70 647505.57 0.0004058369 0 0
70 75 732273.39 0.0004589668 0 0
75 80 819367.9 0.00051355501 0 0
80 85 908955.35 0.00056970571 0 0
85 90 1003956.4 0.00062924948 0 0
90 95 1100685.7 0.00068987649 0 0
95 100 1198529.9 0.00075120225 0 0
100 105 1301155.1 0.00081552466 0 0
105 110 1401037.5 0.0008781279 0 0
110 115 1504646 0.00094306658 0 0
115 120 1608042.3 0.0010078723 0 0
120 125 1712993.1 0.0010736523 0 0
125 130 1819052.1 0.0011401268 0 0
130 135 1922659.6 0.0012050649 0 0
135 140 2030476.7 0.0012726414 0 0
140 145 2132369.2 0.0013365045 0 0
145 150 2244817.9 0.0014069839 0 0
150 155 2352806.6 0.001474668 0 0
155 160 2464474.3 0.0015446579 0 0
160 165 2567391.1 0.0016091631 0 0
165 170 2677608.7 0.0016782441 0 0
170 175 2785165.7 0.0017456576 0 0
175 180 2896324.5 0.0018153286 0 0
180 185 3001147.7 0.0018810286 0 0
185 190 3107901.2 0.0019479384 0 0
190 195 3219699.2 0.0020180101 0 0
195 200 3322679.2 0.0020825548 0 0
