0 5 4449.5819 2.9756338e-06 0 0
5 10 16212.136 1.0841778e-05 0 0
10 15 34329.395 2.2957597e-05 0 0
15 20 59980.033 4.0111322e-05 0 0
20 25 93520.811 6.2541535e-05 0 0
25 30 134499.66 8.9945921e-05 0 0
30 35 182807.17 0.0001222513 0 0
35 40 238323.62 0.00015937763 0 0
40 45 300386.58 0.0002008819 0 0
45 50 370814.42 0.00024798013 0 0
50 55 446878.19 0.00029884736 0 0
55 60 529600.27 0.00035416731 0 0
60 65 619651.63 0.00041438867 0 0
65 70 713963.5 0.00047745922 0 0
70 75 814121.98 0.00054443966 0 0
75 80 921090.5 0.00061597428 0 0
80 85 1030749.5 0.00068930811 0 0
85 90 1148845.3 0.00076828408 0 0
90 95 1270780.5 0.00084982758 0 0
95 100 1398070.8 0.00093495223 0 0
100 105 1529357.2 0.0010227494 0 0
105 110 1665917.1 0.0011140731 0 0
110 115 1806380.1 0.0012080069 0 0
115 120 1951565.6 0.0013050989 0 0
120 125 2097662.1 0.0014028002 0 0
125 130 2249443.8 0.0015043034 0 0
130 135 2403205.8 0.0016071309 0 0
135 140 2559833.3 0.0017118746 0 0
140 145 2722617.5 0.0018207357 0 0
145 150 2889765.6 0.0019325151 0 0
150 155 3055983 0.002043672 0 0
155 160 3225407.8 0.002156974 0 0
160 165 3400202.7 0.0022738671 0 0
165 170 3577304.6 0.002392303 0 0
170 175 3753566.8 0.0025101775 0 0
175 180 3933733.6 0.002630663 0 0
180 185 4114449.3 0.0027515156 0 0
185 190 4292435.8 0.0028705431 0 0
190 195 4477490 0.0029942971 0 0
195 200 4664353.4 0.003119261 0 0
