0 5 4350.1963 2.9270937e-06 429.49086 2.8898925e-07
5 10 16058.422 1.0805145e-05 29.457188 1.9820703e-08
10 15 34289.455 2.3072165e-05 -2216.6226 -1.4914872e-06
15 20 59885.34 4.0294733e-05 -3923.4221 -2.6399323e-06
20 25 93294.258 6.2774415e-05 -3661.2401 -2.4635194e-06
25 30 133617.94 8.9906799e-05 -2355.5853 -1.5849903e-06
30 35 181807.59 0.00012233192 -433.75709 -2.9185984e-07
35 40 237558.91 0.00015984501 1693.1858 1.139285e-06
40 45 299300.7 0.00020138888 5724.8528 3.8520515e-06
45 50 368607.5 0.00024802299 10049.025 6.7616344e-06
50 55 445491.83 0.00029975574 16069.909 1.0812875e-05
55 60 528178.98 0.000355393 22022.624 1.4818247e-05
60 65 615743.66 0.00041431219 28023.707 1.8856164e-05
65 70 710957.25 0.00047837806 34226.654 2.3029908e-05
70 75 810809.58 0.00054556517 45297.087 3.0478812e-05
75 80 917444.25 0.00061731587 56214.282 3.7824608e-05
80 85 1029425.4 0.00069266404 61721.824 4.1530438e-05
85 90 1145939.5 0.00077106224 73119.682 4.9199655e-05
90 95 1268169.5 0.00085330654 85319.086 5.7408203e-05
95 100 1395483.8 0.0009389718 94047.636 6.3281337e-05
100 105 1527398.8 0.0010277328 107060.15 7.2036997e-05
105 110 1664877.2 0.0011202371 117366.34 7.8971672e-05
110 115 1803471.7 0.0012134925 131417.53 8.8426218e-05
115 120 1947318 0.0013102816 136437.82 9.1804195e-05
120 125 2095881.8 0.0014102449 150876.73 0.00010151963
125 130 2247432 0.0015122178 162291 0.00010919989
130 135 2404880.8 0.0016181595 181587.57 0.00012218387
135 140 2562155.9 0.0017239843 189893 0.0001277723
140 145 2720261.3 0.0018303679 209433.76 0.00014092059
145 150 2887091.6 0.0019426221 217313.26 0.00014622243
150 155 3056454 0.0020565801 232081.57 0.00015615951
155 160 3226204.5 0.0021707992 252438.87 0.00016985721
160 165 3398493.4 0.0022867263 264647.86 0.00017807221
165 170 3573473.1 0.002404464 279978.94 0.00018838795
170 175 3753374 0.002525513 297653.92 0.00020028083
175 180 3927935.1 0.002642969 303005 0.00020388138
180 185 4106701.8 0.0027632548 310038.42 0.00020861392
185 190 4289787.4 0.0028864466 318756.04 0.00021447969
190 195 4470693.2 0.0030081718 326256.5 0.00021952649
195 200 4657645.6 0.0031339654 335961.47 0.00022605663
