0 5 4723.4919 2.9882198e-06 0 0
5 10 17021.877 1.076854e-05 0 0
10 15 35864.805 2.268913e-05 0 0
15 20 61525.078 3.8922573e-05 0 0
20 25 94598.573 5.9845838e-05 0 0
25 30 133557.78 8.4492576e-05 0 0
30 35 179677.98 0.00011366958 0 0
35 40 230511.43 0.00014582831 0 0
40 45 287464.58 0.00018185854 0 0
45 50 349651 0.00022119951 0 0
50 55 417046.69 0.000263836 0 0
55 60 486658.3 0.00030787435 0 0
60 65 562108.45 0.00035560633 0 0
65 70 641551.71 0.00040586447 0 0
70 75 724763.07 0.00045850643 0 0
75 80 812564.34 0.00051405209 0 0
80 85 903351.34 0.00057148661 0 0
85 90 998105.08 0.00063143062 0 0
90 95 1092105.1 0.00069089779 0 0
95 100 1189402.1 0.00075245076 0 0
100 105 1288914.1 0.00081540493 0 0
105 110 1388876.8 0.00087864427 0 0
110 115 1491542.2 0.00094359347 0 0
115 120 1593461.4 0.0010080705 0 0
120 125 1695783.1 0.0010728022 0 0
125 130 1800567.7 0.0011390921 0 0
130 135 1904882.8 0.0012050849 0 0
135 140 2009203.2 0.001271081 0 0
140 145 2113208.2 0.0013368776 0 0
145 150 2221329.2 0.0014052781 0 0
150 155 2328624.6 0.0014731564 0 0
155 160 2436429.7 0.001541357 0 0
160 165 2541675 0.0016079384 0 0
165 170 2650163.3 0.0016765712 0 0
170 175 2757047.5 0.0017441893 0 0
175 180 2865930.2 0.0018130717 0 0
180 185 2972906.2 0.0018807479 0 0
185 190 3076987.9 0.001946593 0 0
190 195 3185440.6 0.0020152034 0 0
195 200 3292226.8 0.0020827595 0 0
