0 5 4663.1791 2.9469938e-06 0 0
5 10 17045.514 1.077227e-05 0 0
10 15 35493.276 2.243072e-05 0 0
15 20 61413.042 3.881126e-05 0 0
20 25 94257.802 5.9568195e-05 0 0
25 30 133576.05 8.4416184e-05 0 0
30 35 179671.32 0.00011354706 0 0
35 40 231704.03 0.00014643022 0 0
40 45 287517.51 0.00018170272 0 0
45 50 350324.21 0.00022139473 0 0
50 55 418737.87 0.00026463018 0 0
55 60 488182.73 0.00030851732 0 0
60 65 564230.54 0.00035657732 0 0
65 70 645247.06 0.00040777741 0 0
70 75 728058.23 0.00046011167 0 0
75 80 816408.28 0.00051594634 0 0
80 85 906529.49 0.00057290033 0 0
85 90 999443.07 0.00063161901 0 0
90 95 1097162 0.00069337455 0 0
95 100 1194466.9 0.00075486843 0 0
100 105 1293913.8 0.000817716 0 0
105 110 1394966.9 0.00088157859 0 0
110 115 1495628.4 0.00094519376 0 0
115 120 1598928 0.0010104761 0 0
120 125 1702255.1 0.0010757758 0 0
125 130 1807860.9 0.0011425156 0 0
130 135 1910295.8 0.0012072515 0 0
135 140 2017624.8 0.0012750803 0 0
140 145 2125524.1 0.0013432695 0 0
145 150 2233533.4 0.0014115283 0 0
150 155 2337398.1 0.0014771678 0 0
155 160 2447277.6 0.0015466084 0 0
160 165 2556115.9 0.0016153911 0 0
165 170 2663936.4 0.0016835305 0 0
170 175 2772033.9 0.001751845 0 0
175 180 2877454.6 0.0018184678 0 0
180 185 2986971.7 0.0018876794 0 0
185 190 3094768.7 0.001955804 0 0
190 195 3200351.3 0.0020225291 0 0
195 200 3302710.9 0.0020872175 0 0
