0 5 4630.763 2.9645207e-06 0 0
5 10 16768.454 1.0734824e-05 0 0
10 15 35167.157 2.2513301e-05 0 0
15 20 60991.977 3.9045828e-05 0 0
20 25 92963.003 5.9513031e-05 0 0
25 30 131729.94 8.4330839e-05 0 0
30 35 176273.71 0.00011284686 0 0
35 40 227302.25 0.0001455143 0 0
40 45 282575.67 0.00018089922 0 0
45 50 344027.72 0.00022023958 0 0
50 55 409462.62 0.00026212967 0 0
55 60 478656.31 0.00030642607 0 0
60 65 553138.5 0.00035410806 0 0
65 70 630761.42 0.00040380068 0 0
70 75 712542.63 0.00045615535 0 0
75 80 798719.27 0.00051132389 0 0
80 85 886413.68 0.00056746408 0 0
85 90 976846.39 0.00062535727 0 0
90 95 1070746.2 0.00068547003 0 0
95 100 1167933.1 0.00074768713 0 0
100 105 1263612.6 0.00080893917 0 0
105 110 1362428.2 0.00087219892 0 0
110 115 1461531.5 0.00093564283 0 0
115 120 1562024.7 0.00099997659 0 0
120 125 1664920.3 0.0010658482 0 0
125 130 1767556.9 0.0011315541 0 0
130 135 1873028.3 0.0011990748 0 0
135 140 1976522.6 0.0012653297 0 0
140 145 2082372.5 0.0013330927 0 0
145 150 2185404.6 0.0013990517 0 0
150 155 2289761.6 0.001465859 0 0
155 160 2394996.4 0.0015332282 0 0
160 165 2499674.6 0.001600241 0 0
165 170 2607405.8 0.0016692083 0 0
170 175 2712214.6 0.0017363048 0 0
175 180 2823014.6 0.0018072368 0 0
180 185 2924870.7 0.001872443 0 0
185 190 3032308.7 0.0019412226 0 0
190 195 3133495 0.002006 0 0
195 200 3240200.7 0.0020743108 0 0
