0 5 49020.086 4.9800884e-07 2546.368 2.5869269e-08
5 10 334181.46 3.3950435e-06 8161.959 8.2919637e-08
10 15 894173.73 9.0841624e-06 18245.599 1.8536217e-07
15 20 1722957.4 1.7504009e-05 34487.411 3.5036731e-07
20 25 2804949.8 2.8496274e-05 74484.722 7.5671124e-07
25 30 4125258.1 4.1909657e-05 146094.24 1.4842125e-06
30 35 5672079 5.7624246e-05 248398.5 2.5235502e-06
35 40 7436008.5 7.5544501e-05 383925.4 3.9004061e-06
40 45 9401622.8 9.551373e-05 564215.22 5.7320211e-06
45 50 11557858 0.00011741953 782223.4 7.9468275e-06
50 55 13899163 0.00014120551 1038813.3 1.0553596e-05
55 60 16409835 0.00016671213 1338134.1 1.3594481e-05
60 65 19086087 0.00019390092 1677765 1.7044886e-05
65 70 21918297 0.00022267414 2051241.2 2.0839137e-05
70 75 24901284 0.00025297915 2460558.9 2.499751e-05
75 80 28022792 0.00028469143 2912586.6 2.9589786e-05
80 85 31275058 0.00031773211 3393389.1 3.4474394e-05
85 90 34651900 0.0003520384 3906360.3 3.9685813e-05
90 95 38150778 0.00038758448 4458528.6 4.5295446e-05
95 100 41757209 0.00042422323 5048885.5 5.1293048e-05
100 105 45462604 0.00046186738 5667129.7 5.7573964e-05
105 110 49262881 0.00050047546 6314368.1 6.4149441e-05
110 115 53154552 0.00054001205 6982783.7 7.0940064e-05
115 120 57127660 0.00058037596 7696827.4 7.8194235e-05
120 125 61176473 0.00062150899 8419224.1 8.5533266e-05
125 130 65296583 0.00066336635 9177555.9 9.3237371e-05
130 135 69476870 0.00070583506 9944727.2 0.00010103128
135 140 73719296 0.00074893506 10726847 0.00010897706
140 145 78021850 0.00079264591 11500642 0.00011683826
145 150 82375588 0.00083687676 12290044 0.00012485801
150 155 86782313 0.00088164593 13075549 0.00013283818
155 160 91232881 0.00092686049 13835463 0.00014055836
160 165 95722220 0.00097246895 14602903 0.00014835499
165 170 1.0025053e+08 0.0010184733 15350539 0.00015595044
170 175 1.0480571e+08 0.0010647507 16099296 0.00016355727
175 180 1.0938837e+08 0.0011113072 16827067 0.00017095091
180 185 1.1398632e+08 0.0011580191 17553520 0.00017833115
185 190 1.1860474e+08 0.0012049389 18260907 0.00018551769
190 195 1.2322479e+08 0.0012518753 18942871 0.00019244595
195 200 1.2785579e+08 0.0012989229 19621754 0.00019934291
