0 5 50351.338 4.9812981e-07 2616.1902 2.5882179e-08
5 10 343255.92 3.3958583e-06 8380.5744 8.2909692e-08
10 15 918473.11 9.0865278e-06 18710.022 1.8509974e-07
15 20 1769819.7 1.7508967e-05 35328.685 3.495095e-07
20 25 2881320.9 2.8505138e-05 76283.781 7.5468154e-07
25 30 4237710.5 4.1924008e-05 149628.5 1.4802867e-06
30 35 5826886.5 5.7645854e-05 254398.72 2.5167869e-06
35 40 7639225.4 7.5575468e-05 393175.29 3.8897146e-06
40 45 9658883.1 9.5556103e-05 577822.17 5.7164409e-06
45 50 11874542 0.0001174758 801078.19 7.9251305e-06
50 55 14280500 0.00014127813 1063849.7 1.052475e-05
55 60 16860640 0.00016680366 1370393.5 1.3557412e-05
60 65 19611082 0.000194014 1718185.1 1.6998143e-05
65 70 22521943 0.00022281138 2100633.8 2.0781738e-05
70 75 25587931 0.00025314345 2519839.9 2.4928978e-05
75 80 28796416 0.00028488524 2982776.4 2.9508845e-05
80 85 32139476 0.00031795841 3475199.7 3.4380429e-05
85 90 35610772 0.00035230021 4000524.8 3.9577512e-05
90 95 39207664 0.00038788456 4565954.9 4.5171357e-05
95 100 42915308 0.00042456458 5170499.3 5.1152163e-05
100 105 46724912 0.00046225329 5803549.2 5.7414976e-05
105 110 50632224 0.00050090864 6466213.2 6.3970764e-05
110 115 54633773 0.00054049629 7150455.7 7.074003e-05
115 120 58719232 0.00058091406 7881480.6 7.7972118e-05
120 125 62882733 0.00062210391 8620932 8.5287569e-05
125 130 67119777 0.00066402132 9397237.9 9.2967626e-05
130 135 71418878 0.00070655266 10182570 0.00010073698
135 140 75782064 0.00074971801 10983151 0.00010865719
140 145 80207254 0.00079349677 11775206 0.00011649306
145 150 84685231 0.00083779776 12583359 0.00012448818
150 155 89217819 0.00088263901 13387459 0.0001324432
155 160 93795637 0.00092792773 14165312 0.00014013857
160 165 98413459 0.00097361221 14950968 0.00014791112
165 170 1.0307152e+08 0.0010196947 15716350 0.0001554831
170 175 1.0775732e+08 0.0010660518 16482893 0.00016306658
175 180 1.124715e+08 0.0011126895 17227936 0.00017043735
180 185 1.1720154e+08 0.0011594842 17971595 0.00017779443
185 190 1.2195276e+08 0.0012064884 18695684 0.0001849579
190 195 1.2670577e+08 0.0012535103 19393616 0.00019186259
195 200 1.3147019e+08 0.0013006451 20088400 0.00019873614
