0 5 50440.135 4.9853148e-07 2622.7974 2.5922751e-08
5 10 343858.29 3.3985671e-06 8386.3024 8.2887085e-08
10 15 920140.64 9.094327e-06 18650.519 1.8433477e-07
15 20 1773153.4 1.7525187e-05 35107.316 3.4698762e-07
20 25 2886986.5 2.8533898e-05 75752.383 7.4870831e-07
25 30 4246438.7 4.1970217e-05 148602.87 1.4687354e-06
30 35 5839452.1 5.7714967e-05 252628.22 2.4968831e-06
35 40 7656492.9 7.5673921e-05 390367.1 3.8582428e-06
40 45 9681684.9 9.5690163e-05 573735.03 5.670583e-06
45 50 11903831 0.00011765303 795382.69 7.8612659e-06
50 55 14317211 0.00014150597 1056276.2 1.043984e-05
55 60 16905726 0.00016708989 1360664.8 1.3448304e-05
60 65 19665515 0.00019436662 1705906.8 1.6860547e-05
65 70 22586678 0.00022323831 2085547.1 2.0612769e-05
70 75 25663999 0.0002536534 2501839.4 2.4727247e-05
75 80 28884705 0.00028548565 2961523.3 2.9270592e-05
80 85 32241019 0.00031865821 3450539.9 3.4103849e-05
85 90 35726612 0.00035310851 3972097.6 3.9258731e-05
90 95 39338761 0.00038880965 4533365 4.4806089e-05
95 100 43062683 0.0004256155 5133484.3 5.0737444e-05
100 105 46889658 0.0004634399 5761745.3 5.6946942e-05
105 110 50815261 0.00050223909 6419174.2 6.3444724e-05
110 115 54836341 0.00054198195 7097702 7.0151039e-05
115 120 58942256 0.00058256328 7822842.4 7.7318057e-05
120 125 63127189 0.0006239256 8555967.4 8.4563991e-05
125 130 67386716 0.00066602517 9325844.2 9.2173167e-05
130 135 71709135 0.00070874635 10104606 9.9870156e-05
135 140 76096528 0.00075210971 10898324 0.00010771497
140 145 80546755 0.00079609409 11683580 0.00011547615
145 150 85050498 0.0008406074 12485162 0.00012339869
150 155 89609496 0.00088566685 13282532 0.0001312796
155 160 94214391 0.0009311799 14053729 0.00013890181
160 165 98859895 0.00097709434 14832954 0.00014660339
165 170 1.0354632e+08 0.0010234132 15592071 0.00015410621
170 175 1.0826097e+08 0.0010700111 16352383 0.00016162086
175 180 1.130045e+08 0.0011168943 17091322 0.00016892425
180 185 1.1776437e+08 0.0011639391 17828786 0.00017621307
185 190 1.2254592e+08 0.0012111982 18546685 0.00018330852
190 195 1.2732962e+08 0.0012584785 19238250 0.00019014369
195 200 1.3212524e+08 0.0013058766 19926712 0.0001969482
