0 5 49727.585 4.9816635e-07 2583.9733 2.5886006e-08
5 10 339003.37 3.3961045e-06 8275.8817 8.2907019e-08
10 15 907099.66 9.0872406e-06 18469.31 1.8502384e-07
15 20 1747915.6 1.7510458e-05 34863.642 3.4926075e-07
20 25 2845683.5 2.8507794e-05 75274.476 7.5409275e-07
25 30 4185334.8 4.1928298e-05 147650.39 1.479148e-06
30 35 5754924 5.7652298e-05 251032.95 2.5148249e-06
35 40 7544957 7.5584683e-05 387966.52 3.8866128e-06
40 45 9539785.6 9.5568692e-05 570171.05 5.711921e-06
45 50 11728246 0.00011749249 790468.06 7.918836e-06
50 55 14104706 0.00014129964 1049758.2 1.0516381e-05
55 60 16653252 0.00016683074 1352244.3 1.3546659e-05
60 65 19370056 0.00019404743 1695422.1 1.6984582e-05
65 70 22245356 0.00022285193 2072796.6 2.0765085e-05
70 75 25273935 0.00025319195 2486456.9 2.4909096e-05
75 80 28443307 0.00028494242 2943265.6 2.9485363e-05
80 85 31745664 0.00031802513 3429176 3.4353169e-05
85 90 35174746 0.00035237736 3947540.2 3.9546093e-05
90 95 38727941 0.00038797294 4505467.4 4.5135357e-05
95 100 42390595 0.00042466507 5101992.5 5.111129e-05
100 105 46154034 0.00046236685 5726629.9 5.736885e-05
105 110 50014043 0.00050103606 6380466.6 6.3918925e-05
110 115 53967225 0.00054063868 7055564.3 7.0681993e-05
115 120 58003353 0.00058107224 7776840.6 7.7907672e-05
120 125 62116637 0.00062227874 8506394.8 8.5216279e-05
125 130 66302642 0.00066421375 9272330.9 9.2889355e-05
130 135 70550004 0.00070676343 10047167 0.00010065159
135 140 74860734 0.00074994792 10837030 0.00010856437
140 145 79232768 0.00079374656 11618482 0.00011639288
145 150 83656998 0.00083806808 12415852 0.00012438086
150 155 88135214 0.00088293044 13209204 0.00013232858
155 160 92658157 0.00092824086 13976646 0.00014001675
160 165 97220659 0.0009739476 14751814 0.00014778231
165 170 1.0182296e+08 0.001020053 15506979 0.00015534748
170 175 1.064527e+08 0.0010664334 16263294 0.00016292418
175 180 1.1111051e+08 0.0011130948 16998391 0.00017028831
180 185 1.1578403e+08 0.0011599137 17732113 0.00017763867
185 190 1.2047851e+08 0.0012069426 18446511 0.00018479545
190 195 1.251748e+08 0.0012539896 19135063 0.00019169329
195 200 1.298824e+08 0.0013011499 19820511 0.00019856005
