0 5 49833.901 4.9816812e-07 2589.507 2.588619e-08
5 10 339728.14 3.3961164e-06 8293.5333 8.2906893e-08
10 15 909039.24 9.0872752e-06 18508.367 1.850202e-07
15 20 1751653.6 1.751053e-05 34936.861 3.4924881e-07
20 25 2851770.2 2.8507923e-05 75432.316 7.5406449e-07
25 30 4194288.8 4.1928505e-05 147960.07 1.4790933e-06
30 35 5767238.6 5.7652609e-05 251559.34 2.5147308e-06
35 40 7561105.6 7.5585128e-05 388779.71 3.8864639e-06
40 45 9560208.4 9.55693e-05 571366.34 5.7117041e-06
45 50 11753360 0.00011749329 792125.02 7.9185339e-06
50 55 14134915 0.00014130068 1051958.7 1.0515979e-05
55 60 16688928 0.00016683205 1355078.9 1.3546142e-05
60 65 19411561 0.00019404904 1698975.7 1.6983931e-05
65 70 22293033 0.00022285388 2077140.9 2.0764286e-05
70 75 25328114 0.00025319429 2491668.6 2.4908142e-05
75 80 28504293 0.00028494518 2949435 2.9484236e-05
80 85 31813744 0.00031802835 3436364.4 3.435186e-05
85 90 35250196 0.00035238108 3955815 3.9544585e-05
90 95 38811029 0.0003879772 4514911.1 4.5133629e-05
95 100 42481559 0.00042466991 5112686 5.1109328e-05
100 105 46253093 0.00046237232 5738631.5 5.7366636e-05
105 110 50121408 0.0005010422 6393836.3 6.3916437e-05
110 115 54083100 0.00054064554 7070345.2 7.0679207e-05
115 120 58127918 0.00058107985 7793130.2 7.7904578e-05
120 125 62250062 0.00062228716 8524208.7 8.5212856e-05
125 130 66445086 0.00066422301 9291746.1 9.2885598e-05
130 135 70701603 0.00070677358 10068201 0.00010064749
135 140 75021625 0.00074995899 10859716 0.00010855992
140 145 79403087 0.00079375858 11642800 0.00011638808
145 150 83836858 0.00083808109 12441837 0.00012437571
150 155 88324735 0.00088294447 13236847 0.00013232308
155 160 92857436 0.00092825593 14005893 0.0001400109
160 165 97429784 0.00097396374 14782682 0.00014777613
165 170 1.0204202e+08 0.0010200702 15539426 0.00015534097
170 175 1.0668176e+08 0.0010664517 16297323 0.00016291734
175 180 1.1134962e+08 0.0011131144 17033957 0.00017028116
180 185 1.1603323e+08 0.0011599344 17769213 0.0001776312
185 190 1.2073785e+08 0.0012069645 18485104 0.00018478765
190 195 1.2544428e+08 0.0012540126 19175092 0.00019168517
195 200 1.3016205e+08 0.0013011742 19861971 0.0001985516
