0 5 49173.29 4.9885588e-07 2558.3057 2.5953639e-08
5 10 335219.95 3.4007576e-06 8169.3982 8.2877357e-08
10 15 897063.68 9.1005806e-06 18117.967 1.8380414e-07
15 20 1728766.5 1.7538085e-05 34028.9 3.4521824e-07
20 25 2814882.6 2.8556575e-05 73388.118 7.4451179e-07
25 30 4140655.9 4.2006352e-05 143976.58 1.4606215e-06
30 35 5694376.9 5.7768626e-05 244744.74 2.4828998e-06
35 40 7466825.1 7.5749855e-05 378135.1 3.8361256e-06
40 45 9442520.2 9.5792995e-05 555785.15 5.6383595e-06
45 50 11610644 0.0001177883 770477.92 7.8163865e-06
50 55 13965614 0.00014167912 1023195.6 1.038017e-05
55 60 16491768 0.00016730659 1318070.3 1.3371631e-05
60 65 19185360 0.00019463269 1652448.4 1.6763849e-05
65 70 22036739 0.00022355952 2020139 2.0494017e-05
70 75 25040879 0.00025403607 2423443.1 2.4585478e-05
75 80 28185244 0.0002859352 2868760.8 2.9103161e-05
80 85 31462363 0.0003191811 3342531.3 3.3909494e-05
85 90 34866081 0.00035371132 3847735.5 3.9034717e-05
90 95 38393687 0.00038949838 4391329 4.4549395e-05
95 100 42030832 0.00042639668 4972568.7 5.0445986e-05
100 105 45769075 0.00046432061 5580956.4 5.6617992e-05
105 110 49603987 0.00050322524 6217433.8 6.3074962e-05
110 115 53532722 0.00054308168 6874121.1 6.9736959e-05
115 120 57544701 0.00058378263 7576075.6 7.6858185e-05
120 125 61634293 0.00062527095 8285497.6 8.4055168e-05
125 130 65797245 0.00066750349 9030631.9 9.1614447e-05
130 135 70022014 0.00071036315 9784318.5 9.9260489e-05
135 140 74310662 0.00075387086 10552366 0.00010705222
140 145 78661065 0.00079800507 11312217 0.00011476079
145 150 83064081 0.00084267303 12088123 0.00012263225
150 155 87521345 0.00088789132 12859818 0.00013046098
155 160 92023759 0.00093356765 13606079 0.00013803169
160 165 96566134 0.00097964938 14360315 0.0001456833
165 170 1.0114883e+08 0.0010261402 15095086 0.00015313745
170 175 1.0575934e+08 0.0010729131 15831046 0.00016060366
175 180 1.103983e+08 0.0011199748 16546283 0.00016785963
180 185 1.1505352e+08 0.0011672013 17260020 0.0001751004
185 190 1.1973021e+08 0.0012146456 17954711 0.00018214793
190 195 1.2440922e+08 0.0012621135 18623641 0.00018893413
195 200 1.2910021e+08 0.0013097029 19289579 0.00019568998
