0 5 49323.262 4.9802055e-07 2562.1819 2.5870536e-08
5 10 336248.19 3.3951223e-06 8212.1423 8.2918596e-08
10 15 899705.51 9.0843918e-06 18355.416 1.8533596e-07
15 20 1733620.4 1.7504491e-05 34691.422 3.502818e-07
20 25 2822316.7 2.8497137e-05 74923.595 7.5650897e-07
25 30 4150812.7 4.1911057e-05 146955.59 1.4838212e-06
30 35 5707234.2 5.7626357e-05 249862.15 2.5228762e-06
35 40 7482122.4 7.5547532e-05 386185.28 3.8993407e-06
40 45 9459958 9.5517882e-05 567537.62 5.7304685e-06
45 50 11629613 0.00011742504 786828.6 7.9446654e-06
50 55 13985503 0.00014121264 1044928.8 1.0550722e-05
55 60 16511828 0.00016672113 1346012.6 1.3590787e-05
60 65 19204779 0.00019391204 1687640.5 1.7040228e-05
65 70 22054674 0.00022268764 2063312.6 2.0833417e-05
70 75 25056304 0.00025299532 2475042.2 2.499068e-05
75 80 28197333 0.00028471051 2929732.4 2.958172e-05
80 85 31469953 0.0003177544 3413368.6 3.446503e-05
85 90 34867949 0.00035206421 3929358.8 3.9675021e-05
90 95 38388757 0.00038761407 4484773.3 4.5283081e-05
95 100 42017812 0.00042425689 5078601.6 5.1279009e-05
100 105 45746473 0.00046190546 5700476.2 5.7558121e-05
105 110 49570627 0.00050051821 6351508 6.4131637e-05
110 115 53486775 0.00054005984 7023831.1 7.0920132e-05
115 120 57484889 0.00058042909 7742056.2 7.8172102e-05
120 125 61559204 0.00062156774 8468671 8.5508785e-05
125 130 65705287 0.00066343104 9231437.6 9.3210494e-05
130 135 69911943 0.00070590596 10003093 0.00010100196
135 140 74181147 0.00074901242 10789780 0.00010894519
140 145 78510875 0.00079273 11568092 0.00011680387
145 150 82892125 0.00083696779 12362114 0.00012482116
150 155 87326708 0.0008817441 13152211 0.00013279883
155 160 91805423 0.00092696601 13916562 0.00014051653
160 165 96323166 0.00097258199 14688492 0.00014831077
165 170 1.0088014e+08 0.0010185941 15440504 0.00015590388
170 175 1.0546417e+08 0.0010648794 16193643 0.00016350839
175 180 1.1007586e+08 0.0011114439 16925672 0.00017089974
180 185 1.1470295e+08 0.001158164 17656373 0.00017827767
185 190 1.1935065e+08 0.0012050922 18367891 0.00018546192
190 195 1.2400001e+08 0.0012520371 19053823 0.00019238783
195 200 1.2866039e+08 0.0012990933 19736658 0.00019928246
