0 5 49433.926 4.9847879e-07 2570.2366 2.5917594e-08
5 10 336999.17 3.3982115e-06 8220.0959 8.2889299e-08
10 15 901779.4 9.0933078e-06 18289.589 1.8442744e-07
15 20 1737755.9 1.7523077e-05 34441.084 3.4729488e-07
20 25 2829325 2.8530174e-05 74321.301 7.4943657e-07
25 30 4161577.4 4.1964259e-05 145793.5 1.4701436e-06
30 35 5722688.1 5.7706091e-05 247855.47 2.4993098e-06
35 40 7503300.4 7.566132e-05 383000.85 3.8620805e-06
40 45 9487855.5 9.5673055e-05 562903.78 5.6761746e-06
45 50 11665363 0.00011763047 780370.61 7.8690533e-06
50 55 14030217 0.00014147704 1036341.2 1.0450193e-05
55 60 16566635 0.00016705362 1334981.8 1.3461608e-05
60 65 19270829 0.00019432201 1673717.1 1.6877325e-05
65 70 22133098 0.00022318438 2046202.8 2.0633374e-05
70 75 25148318 0.00025358907 2454629.9 2.4751846e-05
75 80 28303987 0.00028541 2905633.1 2.9299644e-05
80 85 31592462 0.00031857013 3385408.5 3.4137574e-05
85 90 35007540 0.00035300688 3897126.2 3.9297602e-05
90 95 38546560 0.00038869343 4447817.6 4.485063e-05
95 100 42195024 0.00042548359 5036625.5 5.0788015e-05
100 105 45944375 0.00046329107 5653063.7 5.7004017e-05
105 110 49790297 0.00050207234 6298147.8 6.3508876e-05
110 115 53729663 0.00054179587 6963972.1 7.0222875e-05
115 120 57752077 0.00058235685 7675509.5 7.7397832e-05
120 125 61851833 0.00062369771 8394927.3 8.4652252e-05
125 130 66024583 0.00066577464 9150383.7 9.2270078e-05
130 135 70258884 0.00070847222 9914566.8 9.99759e-05
135 140 74556769 0.00075181098 10693446 0.00010782992
140 145 78916149 0.00079576981 11464023 0.00011560021
145 150 83327900 0.00084025676 12250576 0.00012353161
150 155 87793738 0.00088528911 13033020 0.00013142156
155 160 92304487 0.00093077431 13789797 0.00013905271
160 165 96854970 0.00097666021 14554418 0.00014676294
165 170 1.0144549e+08 0.0010229498 15299307 0.00015427421
170 175 1.0606361e+08 0.0010695177 16045364 0.00016179725
175 180 1.1070998e+08 0.0011163705 16770454 0.00016910887
180 185 1.1537231e+08 0.0011633842 17494109 0.00017640602
185 190 1.2005584e+08 0.0012106118 18198584 0.00018350977
190 195 1.2474143e+08 0.00125786 18877267 0.00019035343
195 200 1.2943865e+08 0.0013052255 19552903 0.00019716637
