0 5 48801.706 4.9803551e-07 2535.1707 2.587215e-08
5 10 332692.5 3.3952231e-06 8124.9332 8.291729e-08
10 15 890193.79 9.0846848e-06 18157.519 1.8530273e-07
15 20 1715297.5 1.7505106e-05 34312.926 3.5017333e-07
20 25 2792497 2.8498238e-05 74103.962 7.5625235e-07
25 30 4106972.7 4.1912843e-05 145348.64 1.4833249e-06
30 35 5646978.8 5.762905e-05 247128.83 2.5220211e-06
35 40 7403160.8 7.5551394e-05 381957.73 3.897989e-06
40 45 9360163.4 9.5523172e-05 561326.46 5.7284987e-06
45 50 11506982 0.00011743208 778216.3 7.9419222e-06
50 55 13838091 0.00014122172 1033491 1.0547075e-05
55 60 16337859 0.00016673258 1331280.3 1.35861e-05
60 65 19002519 0.0001939262 1669165.7 1.7034319e-05
65 70 21822491 0.00022270483 2040722.2 2.082616e-05
70 75 24792625 0.0002530159 2447947.9 2.4982016e-05
75 80 27900710 0.0002847348 2897662.9 2.9571487e-05
80 85 31139027 0.00031778277 3376009.3 3.445315e-05
85 90 34501427 0.00035209704 3886350.4 3.9661328e-05
90 95 37985373 0.0003876517 4435679.6 4.5267392e-05
95 100 41576453 0.00042429972 5023003 5.1261197e-05
100 105 45266125 0.00046195388 5638059 5.7538021e-05
105 110 49050309 0.00050057258 6281943.4 6.4109047e-05
110 115 52925560 0.00054012063 6946872.7 7.0894843e-05
115 120 56881942 0.00058049665 7657208.2 7.8144022e-05
120 125 60913753 0.00062164245 8375826 8.5477724e-05
125 130 65016611 0.0006635133 9130206.4 9.3176394e-05
130 135 69179433 0.0007059961 9893375.4 0.00010096475
135 140 73404172 0.00074911078 10671403 0.00010890475
140 145 77688825 0.00079283691 11441149 0.00011676023
145 150 82024481 0.00083708353 12226446 0.00012477441
150 155 86412928 0.0008818689 13007853 0.0001327489
155 160 90845065 0.00092710014 13763791 0.00014046347
160 165 95315841 0.00097272569 14527238 0.00014825466
165 170 99825458 0.0010187476 15270984 0.00015584481
170 175 1.0436186e+08 0.0010650429 16015848 0.00016344636
175 180 1.0892565e+08 0.0011116177 16739832 0.00017083482
180 185 1.135047e+08 0.0011583482 17462497 0.00017820983
185 190 1.1810415e+08 0.001205287 18166184 0.00018539116
190 195 1.2270526e+08 0.0012522427 18844551 0.00019231409
195 200 1.2731731e+08 0.0012993099 19519855 0.00019920576
