0 5 49110.061 4.9835728e-07 2552.8314 2.5905529e-08
5 10 334792.18 3.3973918e-06 8168.8143 8.2895194e-08
10 15 895857.85 9.0909535e-06 18196.05 1.846492e-07
15 20 1726310.7 1.7518192e-05 34296.05 3.480282e-07
20 25 2810622.8 2.8521535e-05 74023.612 7.511741e-07
25 30 4133956.4 4.1950412e-05 145204.76 1.4735035e-06
30 35 5684545.5 5.7685422e-05 246862.23 2.5050995e-06
35 40 7453064.3 7.5631933e-05 381486.62 3.8712359e-06
40 45 9424057.2 9.5633103e-05 560666.86 5.6895147e-06
45 50 11586566 0.00011757773 777277.87 7.8876318e-06
50 55 13935023 0.00014140932 1032236.8 1.0474894e-05
55 60 16453737 0.00016696863 1329686.9 1.3493348e-05
60 65 19138937 0.00019421741 1667101.7 1.6917353e-05
65 70 21980986 0.00022305784 2038136.7 2.0682529e-05
70 75 24974768 0.00025343803 2444926.1 2.4810532e-05
75 80 28107897 0.00028523229 2894130.7 2.9368954e-05
80 85 31372737 0.00031836312 3371977.7 3.4218032e-05
85 90 34763118 0.00035276789 3881676.7 3.9390337e-05
90 95 38276420 0.00038842005 4430226.4 4.4956889e-05
95 100 41898213 0.00042517315 5016737.2 5.0908662e-05
100 105 45619974 0.0004629407 5630814.8 5.7140176e-05
105 110 49437460 0.00050167965 6273492.3 6.3661915e-05
110 115 53347472 0.00054135752 6936921.2 7.0394235e-05
115 120 57339769 0.00058187041 7645835.5 7.7588129e-05
120 125 61408661 0.00062316056 8362708.1 8.4862783e-05
125 130 65549809 0.00066518395 9115431.1 9.2501238e-05
130 135 69751897 0.00070782574 9876868.3 0.00010022812
135 140 74016933 0.00075110632 10652996 0.00010810409
140 145 78342855 0.00079500475 11420853 0.00011589612
145 150 82720625 0.00083942933 12204526 0.00012384864
150 155 87151973 0.0008843976 12984158 0.00013176016
155 160 91627769 0.00092981692 13738259 0.0001394126
160 165 96142889 0.00097563529 14500091 0.00014714349
165 170 1.006976e+08 0.0010218554 15242264 0.00015467489
170 175 1.0527963e+08 0.0010683527 15985588 0.00016221796
175 180 1.0988957e+08 0.0011151334 16708035 0.00016954919
180 185 1.1451526e+08 0.0011620737 17429082 0.0001768662
185 190 1.1916187e+08 0.0012092264 18131064 0.00018398975
190 195 1.2381042e+08 0.0012563988 18807460 0.00019085365
195 200 1.2847038e+08 0.0013036871 19480814 0.00019768669
