0 5 49029.603 4.9818175e-07 2547.7834 2.5887608e-08
5 10 334244.97 3.3962083e-06 8159.3618 8.2905935e-08
10 15 894369.41 9.0875407e-06 18206.407 1.8499231e-07
15 20 1723390.1 1.7511084e-05 34363.049 3.4915729e-07
20 25 2805764.3 2.850891e-05 74191.521 7.5384786e-07
25 30 4126638.8 4.1930099e-05 145526.84 1.4786744e-06
30 35 5674238.1 5.7655001e-05 247421.47 2.5140089e-06
35 40 7439205.7 7.5588547e-05 382382.2 3.8853227e-06
40 45 9406112.9 9.5573968e-05 561965.69 5.7100411e-06
45 50 11563958 0.00011749948 779091.23 7.916218e-06
50 55 13907187 0.00014130865 1034649.2 1.05129e-05
55 60 16420114 0.00016684208 1332782.7 1.3542186e-05
60 65 19098962 0.00019406142 1671018.2 1.6978941e-05
65 70 21934110 0.00022286889 2042957.8 2.0758159e-05
70 75 24920414 0.00025321223 2450667.2 2.4900827e-05
75 80 28045560 0.00028496633 2900902.8 2.9475597e-05
80 85 31301857 0.00031805303 3379823.4 3.4341831e-05
85 90 34683132 0.00035240961 3890725.7 3.9533025e-05
90 95 38186807 0.00038800988 4440617.4 4.5120384e-05
95 100 41798438 0.00042470706 5028551.9 5.109429e-05
100 105 45509475 0.0004624143 5644187.8 5.7349665e-05
105 110 49315756 0.0005010893 6288593.3 6.3897364e-05
110 115 53213946 0.00054069817 6953941 7.0657852e-05
115 120 57193947 0.00058113831 7664809 7.7880866e-05
120 125 61250056 0.00062235175 8383820.7 8.5186625e-05
125 130 65377900 0.00066429411 9138696.9 9.2856799e-05
130 135 69566270 0.00070685144 9902341.6 0.00010061607
135 140 73817148 0.00075004392 10680791 0.00010852576
140 145 78128499 0.00079385085 11450949 0.00011635122
145 150 82491338 0.00083818094 12236810 0.00012433622
150 155 86907428 0.0008830521 13018703 0.00013228091
155 160 91367639 0.00092837157 13775055 0.00013996608
160 165 95866877 0.00097408759 14539033 0.00014772873
165 170 1.0040538e+08 0.0010202025 15283297 0.00015529107
170 175 1.0497095e+08 0.0010665926 16028696 0.00016286495
175 180 1.0956422e+08 0.001113264 16753181 0.00017022632
180 185 1.1417299e+08 0.001160093 17476307 0.00017757388
185 190 1.1880245e+08 0.0012071322 18180382 0.00018472787
190 195 1.234337e+08 0.0012541896 18858968 0.00019162287
195 200 1.2807613e+08 0.0013013605 19534496 0.0001984868
