0 5 49942.246 4.9846604e-07 2596.6066 2.591634e-08
5 10 340464.56 3.3981255e-06 8304.8908 8.2889864e-08
10 15 911050.82 9.093061e-06 18480.408 1.8445017e-07
15 20 1755618.6 1.7522565e-05 34803.67 3.4737018e-07
20 25 2858401.1 2.852927e-05 75105.334 7.4961502e-07
25 30 4204332.9 4.1962813e-05 147331.01 1.4704886e-06
30 35 5781465.4 5.7703935e-05 250470.11 2.4999044e-06
35 40 7580342.7 7.5658258e-05 387043.29 3.8630208e-06
40 45 9585246 9.5668896e-05 568843.84 5.6775447e-06
45 50 11785068 0.00011762499 788606.38 7.8709614e-06
50 55 14174144 0.00014147 1047278.7 1.045273e-05
55 60 16736530 0.00016704479 1349070.3 1.3464868e-05
60 65 19468398 0.00019431115 1691382.8 1.6881437e-05
65 70 22359945 0.00022317124 2067802.3 2.0638423e-05
70 75 25405994 0.0002535734 2480537.8 2.4757874e-05
75 80 28593916 0.00028539157 2936299.5 2.9306763e-05
80 85 31915988 0.00031854867 3421135.5 3.4145838e-05
85 90 35365939 0.00035298211 3938254.7 3.9307127e-05
90 95 38941085 0.00038866511 4494762.1 4.4861544e-05
95 100 42626776 0.00042545143 5089788 5.0800407e-05
100 105 46414365 0.00046325478 5712740.5 5.7018002e-05
105 110 50299495 0.00050203168 6364648.3 6.3524595e-05
110 115 54278997 0.00054175049 7037524.9 7.0240476e-05
115 120 58342380 0.0005823065 7756592.2 7.7417378e-05
120 125 62483873 0.00062364212 8483634.5 8.4673877e-05
125 130 66699085 0.00066571351 9247091.1 9.2293823e-05
130 135 70976458 0.00070840533 10019369 0.00010000181
135 140 75318047 0.00075173808 10806503 0.00010785808
140 145 79721741 0.00079569068 11585247 0.00011563061
145 150 84178326 0.00084017119 12380126 0.00012356417
150 155 88689538 0.00088519692 13170858 0.00013145635
155 160 93246105 0.00093067532 13935656 0.00013908968
160 165 97842799 0.00097655424 14708371 0.00014680204
165 170 1.0247992e+08 0.0010228366 15461146 0.00015431537
170 175 1.0714492e+08 0.0010693973 16215100 0.00016184047
175 180 1.1183844e+08 0.0011162426 16947867 0.00016915411
180 185 1.1654808e+08 0.0011632488 17679186 0.0001764533
185 190 1.2127912e+08 0.0012104686 18391128 0.00018355908
190 195 1.2601222e+08 0.001257709 19077016 0.00019040482
195 200 1.3075706e+08 0.0013050665 19759823 0.00019721982
