2.5 1.8769876 0.12992709
7.5 0.5632634 -0.0025903861
12.5 0.24154304 -0.046903006
17.5 0.12995425 -0.038225499
22.5 0.077066555 -0.025642916
27.5 0.048026723 -0.019346716
32.5 0.030392879 -0.015834712
37.5 0.020304288 -0.011325102
42.5 0.013166099 -0.0078791389
47.5 0.0093965803 -0.0089344449
52.5 0.0066117466 -0.0063743057
57.5 0.0044429655 -0.0043357783
62.5 0.0026548955 -0.0042773424
67.5 0.0018802614 -0.0049023747
72.5 0.00080974544 -0.0038976702
77.5 1.3907171e-05 -0.0024885517
82.5 0.00045977071 -0.0020213469
87.5 0.0010281896 -0.0005942352
92.5 0.0010729893 -0.0011134867
97.5 0.00083173413 -0.0013101792
102.5 0.001223773 -0.001868975
107.5 0.0011728821 -0.00042160678
112.5 0.00050483979 -0.00073647279
117.5 -0.00016747097 -0.0013160819
122.5 4.6583525e-05 -0.0005057205
127.5 -0.00013946414 -0.00078399265
132.5 -0.00064650329 -0.00040158563
137.5 -0.0007224957 -0.00021004957
142.5 -0.00062016056 -0.00067908901
147.5 -0.0009643326 -0.00035956195
152.5 -0.00065879894 0.00074368701
157.5 -0.00074732947 -2.4875664e-05
162.5 -0.00057131559 0.00061212149
167.5 -0.00036229781 0.00027955237
172.5 -0.00035940503 0.00045812062
177.5 -0.00060104206 -0.00055521744
182.5 -0.00073637137 -0.0003376567
187.5 -0.00063337382 -0.00057200152
192.5 -8.6127343e-05 -0.00065198771
197.5 -0.00050779963 -0.00028055473
