2.5 1.8848558 0.14198136
7.5 0.56929464 -0.03120336
12.5 0.2497496 -0.055952163
17.5 0.13130963 -0.044698091
22.5 0.078139351 -0.034194549
27.5 0.048525818 -0.02550808
32.5 0.030097747 -0.020200798
37.5 0.020417756 -0.01568187
42.5 0.012041644 -0.014416199
47.5 0.0071837869 -0.011163827
52.5 0.0052303127 -0.011079158
57.5 0.0035283213 -0.0072197957
62.5 0.0028550479 -0.0086351142
67.5 0.00070065533 -0.0046121138
72.5 0.00053647949 -0.0023796946
77.5 0.00059650339 -0.0031450093
82.5 0.0013714136 -0.0034842968
87.5 0.0017622281 -0.0019425612
92.5 0.0015223581 -0.001177116
97.5 0.0014531905 -0.0017490808
102.5 0.0015322945 -0.0016005232
107.5 0.0014942716 -0.0012256979
112.5 0.0012824793 -0.0025109475
117.5 0.00095369939 -0.0016714616
122.5 -0.00036918905 -0.0013319149
127.5 -0.00046741136 -0.00153752
132.5 -0.00054623327 -0.001843634
137.5 -0.00058358476 -0.0012531264
142.5 3.6412655e-05 -0.00051977949
147.5 -0.00059715698 -0.00093061428
152.5 -0.0012126092 -0.00058678475
157.5 -0.0011317453 -0.00089066313
162.5 -0.00096261887 -0.00096568281
167.5 -0.00040629137 -0.00082765895
172.5 -0.00071737839 -0.00087294173
177.5 -0.00033426054 -0.001464934
182.5 -0.0005513886 -0.0017915779
187.5 -0.00081504744 -0.0019813898
192.5 -0.00084637748 -0.0015517118
197.5 -0.00076338084 -0.0016536415
