2.5 1.9185893 0
7.5 0.5661831 0
12.5 0.24145969 0
17.5 0.12966491 0
22.5 0.079538486 0
27.5 0.048468106 0
32.5 0.031406693 0
37.5 0.020822749 0
42.5 0.015641231 0
47.5 0.0085090799 0
52.5 0.0060246974 0
57.5 0.0050693003 0
62.5 0.0036477227 0
67.5 0.0021336832 0
72.5 0.00097621821 0
77.5 0.00053411871 0
82.5 -7.2947465e-05 0
87.5 -0.00028834805 0
92.5 0.00033356324 0
97.5 0.00063310709 0
102.5 3.4862784e-05 0
107.5 0.00078551884 0
112.5 -0.00010018061 0
117.5 -0.00031865306 0
122.5 -0.0010406558 0
127.5 -0.00123248 0
132.5 -0.00085732785 0
137.5 -0.0010388654 0
142.5 -0.00029185053 0
147.5 -7.3749852e-05 0
152.5 -0.00050792085 0
157.5 -0.00017430379 0
162.5 0.00010800095 0
167.5 -0.00032530524 0
172.5 6.8610215e-05 0
177.5 -0.00066391102 0
182.5 -0.0002374174 0
187.5 -0.0007773426 0
192.5 -8.7472953e-05 0
197.5 -0.00047802046 0
