2.5 1.9226123 0
7.5 0.56234841 0
12.5 0.24604123 0
17.5 0.13287477 0
22.5 0.078194658 0
27.5 0.049414143 0
32.5 0.032302554 0
37.5 0.021297954 0
42.5 0.015086727 0
47.5 0.010049428 0
52.5 0.006162432 0
57.5 0.0042616191 0
62.5 0.0029832115 0
67.5 0.002689371 0
72.5 0.0022011888 0
77.5 0.00086662862 0
82.5 0.00042262687 0
87.5 0.0013589894 0
92.5 0.0019882792 0
97.5 0.0018090463 0
102.5 0.0012984644 0
107.5 0.0011864369 0
112.5 5.0289647e-05 0
117.5 -0.00023990982 0
122.5 -9.81162e-05 0
127.5 -0.00048950501 0
132.5 -0.00080857169 0
137.5 -0.00077651424 0
142.5 -0.00044595036 0
147.5 -0.00067978632 0
152.5 -0.00042573724 0
157.5 -0.00045357715 0
162.5 -0.00044395762 0
167.5 -0.00055668524 0
172.5 -0.000369057 0
177.5 0.00018986394 0
182.5 -0.00020695958 0
187.5 0.00010316571 0
192.5 0.00013867812 0
197.5 0.00010577642 0
