2.5 1.8982204 0
7.5 0.56838104 0
12.5 0.24878436 0
17.5 0.13436932 0
22.5 0.078253672 0
27.5 0.049882668 0
32.5 0.032880901 0
37.5 0.022208709 0
42.5 0.016635644 0
47.5 0.01010654 0
52.5 0.0062730572 0
57.5 0.0030150306 0
62.5 0.0019470545 0
67.5 0.0011618699 0
72.5 0.00040842633 0
77.5 0.00028975403 0
82.5 0.00065196818 0
87.5 0.00063306891 0
92.5 0.0002727657 0
97.5 0.0016998836 0
102.5 0.00069331429 0
107.5 0.001564758 0
112.5 0.00099828668 0
117.5 0.0010656083 0
122.5 0.00089678425 0
127.5 0.00048892007 0
132.5 -0.00018645298 0
137.5 0.0002301152 0
142.5 -9.4529431e-06 0
147.5 -0.00030182005 0
152.5 -0.00034040803 0
157.5 -0.00026155571 0
162.5 -0.00038998428 0
167.5 -0.00041112167 0
172.5 -0.00018197511 0
177.5 -0.00011823733 0
182.5 -0.00020761911 0
187.5 -0.00049194893 0
192.5 -0.0005341111 0
197.5 -0.00036077677 0
