2.5 1.9186499 0
7.5 0.57352645 0
12.5 0.24604657 0
17.5 0.1361197 0
22.5 0.083642614 0
27.5 0.050900605 0
32.5 0.033573309 0
37.5 0.02018669 0
42.5 0.014240832 0
47.5 0.0075116639 0
52.5 0.0066886719 0
57.5 0.0047380577 0
62.5 0.0027376123 0
67.5 0.0017573086 0
72.5 0.0013230139 0
77.5 0.0016835902 0
82.5 0.0012346881 0
87.5 0.00069980681 0
92.5 0.0017655026 0
97.5 0.0019711731 0
102.5 0.0019389853 0
107.5 0.0018910497 0
112.5 0.0012958271 0
117.5 0.00060140779 0
122.5 0.00047532781 0
127.5 -0.00070553101 0
132.5 -0.00037995875 0
137.5 -0.0005889217 0
142.5 -0.00051294968 0
147.5 -0.00090891227 0
152.5 -0.00050237479 0
157.5 -0.00093492732 0
162.5 -0.00060477151 0
167.5 -0.00031326104 0
172.5 -0.0003297586 0
177.5 -0.00049840835 0
182.5 -9.9549048e-05 0
187.5 6.4708844e-05 0
192.5 -0.0002001503 0
197.5 -5.0408642e-05 0
