2.5 1.9012393 0.10817374
7.5 0.55440625 -0.0063405433
12.5 0.23647789 -0.05206944
17.5 0.12954056 -0.033678435
22.5 0.075867787 -0.029361934
27.5 0.047075647 -0.023187951
32.5 0.031285615 -0.020509789
37.5 0.020339806 -0.015600763
42.5 0.012110739 -0.012748161
47.5 0.010354123 -0.010873685
52.5 0.0068351121 -0.0085525109
57.5 0.004148957 -0.0079432075
62.5 0.0025867227 -0.0069465003
67.5 0.0020005441 -0.0046293487
72.5 0.0017500245 -0.0048676055
77.5 0.0018148491 -0.0036802208
82.5 0.0012407637 -0.0036219031
87.5 0.0009211603 -0.002428009
92.5 0.00092935084 -0.00078945122
97.5 0.00043537044 -0.0012616096
102.5 0.00089327782 -0.0015854327
107.5 0.00045452838 -0.0023354532
112.5 4.0494412e-05 -0.0025790108
117.5 -0.00079691636 -0.0013805105
122.5 -0.00081167276 -0.00027951638
127.5 -0.0011274314 -0.0021101756
132.5 -0.0012802499 -0.00097767235
137.5 -0.00085783358 -0.0017430655
142.5 -0.00041391506 -0.00033462559
147.5 -0.00077202364 -0.00043355697
152.5 -0.00020525728 -0.00085727181
157.5 -0.00025889909 -0.0008643759
162.5 -0.00029731326 -0.0010270581
167.5 -0.00046233023 -0.00060179443
172.5 -0.00068211553 -0.0010176121
177.5 -0.00020050216 -0.00012521264
182.5 0.0003657457 0.00038589721
187.5 7.030774e-05 0.0010902607
192.5 -7.8917665e-05 0.0011827094
197.5 -0.00019990642 0.0012894484
