2.5 1.8436119 0
7.5 0.55746199 0
12.5 0.2417059 0
17.5 0.1288644 0
22.5 0.078391075 0
27.5 0.049145537 0
32.5 0.032240315 0
37.5 0.024472891 0
42.5 0.016666988 0
47.5 0.012081641 0
52.5 0.0095701466 0
57.5 0.0060445471 0
62.5 0.0046396515 0
67.5 0.0027044215 0
72.5 0.0024387992 0
77.5 0.0021689154 0
82.5 0.0015710741 0
87.5 0.0012726375 0
92.5 0.0010457196 0
97.5 0.0012495129 0
102.5 0.00065244127 0
107.5 0.0007772873 0
112.5 0.0003795459 0
117.5 -0.00012735523 0
122.5 0.00018450201 0
127.5 -0.00069087923 0
132.5 -0.0010588253 0
137.5 -0.0010518703 0
142.5 -0.00057183013 0
147.5 -0.00085064739 0
152.5 -0.00099636961 0
157.5 -0.00080615517 0
162.5 -0.00035421848 0
167.5 -0.00033088831 0
172.5 -0.00045572533 0
177.5 -0.00027271745 0
182.5 -8.3698632e-05 0
187.5 -6.4610017e-06 0
192.5 -0.00035480778 0
197.5 -0.00029016891 0
