2.5 1.9017115 0.081777574
7.5 0.55682417 -0.012034079
12.5 0.23964064 -0.057119757
17.5 0.13132224 -0.040121833
22.5 0.077015281 -0.02918494
27.5 0.047682449 -0.021820354
32.5 0.03217795 -0.018450353
37.5 0.020523943 -0.01396896
42.5 0.013514141 -0.010129928
47.5 0.0086725854 -0.0087250738
52.5 0.0067642698 -0.0057739187
57.5 0.005032344 -0.0068224941
62.5 0.0035949784 -0.0055213567
67.5 0.0018480977 -0.0060651628
72.5 0.00092159717 -0.0055196944
77.5 -0.00076874916 -0.0055893071
82.5 -0.00094276372 -0.0051102284
87.5 -0.00084544001 -0.003055254
92.5 -0.00031324468 -0.0027034644
97.5 0.00060502293 -0.002418194
102.5 0.00077199253 -0.0011764718
107.5 0.00093356994 -0.0010524329
112.5 0.00038187573 -0.00069242626
117.5 0.00069768399 0.00020141092
122.5 -0.00016368856 -0.00050461563
127.5 -0.00031495176 -0.0014005388
132.5 -0.00043827481 -0.00085670773
137.5 -0.00085619453 -0.00081566932
142.5 -0.00096314763 -0.00066259767
147.5 -0.00072960675 -0.00071138846
152.5 -0.0011540859 0.00013933154
157.5 -0.0010734442 -0.000671056
162.5 -0.0010634744 0.00038861208
167.5 -0.0010768388 0.00066520561
172.5 -0.00089409866 0.00017675037
177.5 -0.00073236724 0.00043782789
182.5 -0.00040665095 0.00062239827
187.5 -0.00043453265 0.00021746918
192.5 -0.00062187181 -2.6865463e-05
197.5 -0.00044449539 0.00015574252
