2.5 1.8891996 0
7.5 0.56152861 0
12.5 0.24294822 0
17.5 0.13201696 0
22.5 0.079396699 0
27.5 0.050260168 0
32.5 0.033169686 0
37.5 0.022527864 0
42.5 0.015296068 0
47.5 0.0098094245 0
52.5 0.0066127326 0
57.5 0.0039488186 0
62.5 0.0036320371 0
67.5 0.0020199213 0
72.5 0.00055321977 0
77.5 0.00042244706 0
82.5 1.975742e-05 0
87.5 -4.740834e-05 0
92.5 0.00025617912 0
97.5 0.00052043087 0
102.5 0.00051315984 0
107.5 -3.8515752e-06 0
112.5 -0.00025774199 0
117.5 -0.00015698079 0
122.5 3.6452401e-05 0
127.5 1.0507593e-05 0
132.5 -0.00041662572 0
137.5 -0.00051491398 0
142.5 -0.00013281549 0
147.5 -0.00076149336 0
152.5 -0.00070530091 0
157.5 -0.0011218345 0
162.5 -0.00097969452 0
167.5 -0.0008992145 0
172.5 -0.00069864286 0
177.5 -0.0003316114 0
182.5 -9.2408e-05 0
187.5 3.7365754e-05 0
192.5 0.00023722496 0
197.5 0.0001516316 0
