2.5 1.8846554 0.13312305
7.5 0.5655696 -0.0097113299
12.5 0.25123137 -0.048635158
17.5 0.13292958 -0.036752561
22.5 0.077113423 -0.029019379
27.5 0.048429774 -0.02428346
32.5 0.028554776 -0.017160019
37.5 0.018863805 -0.012369784
42.5 0.011621046 -0.010187011
47.5 0.0069882764 -0.0079251155
52.5 0.0039257336 -0.0047482156
57.5 0.0028169987 -0.0052811201
62.5 0.0025970656 -0.0030621568
67.5 0.0017952622 -0.0011164482
72.5 0.0021406522 -0.0009441564
77.5 0.00085936479 -0.001748666
82.5 0.0011335723 -0.00097497805
87.5 0.0018156504 -0.00013472647
92.5 0.00050761901 -0.0010463905
97.5 0.00091386778 -0.00088094303
102.5 0.00073178013 -0.0013020094
107.5 0.00022237039 -0.0015259329
112.5 -3.4046943e-05 -0.0011844191
117.5 -0.00077357531 -0.00040883635
122.5 -0.0010904026 -0.00038866995
127.5 -0.0011265544 -0.00034142388
132.5 -0.0013969256 0.0001237449
137.5 -0.00069471647 -0.0010664025
142.5 -0.0007707969 5.1593039e-05
147.5 -0.0010482779 -0.00037913139
152.5 -0.0011318123 -0.00010888223
157.5 -0.0016746257 -0.00049396915
162.5 -0.0014521933 -0.0013249922
167.5 -0.0011102462 -0.00046839698
172.5 -0.0012738282 -5.2146609e-05
177.5 -0.0012939355 -0.00025450327
182.5 -0.0009433379 0.00016351926
187.5 -0.0010611924 3.4863726e-05
192.5 -0.00039608057 0.00015342625
197.5 -0.00056500624 -0.0005647796
