0 5 47713.253 1.0103395e-06 0 0
5 10 323143.68 6.8426443e-06 0 0
10 15 853623.76 1.8075686e-05 0 0
15 20 1620374.9 3.4311823e-05 0 0
20 25 2606009.7 5.5182876e-05 0 0
25 30 3792967.6 8.0316992e-05 0 0
30 35 5172259.9 0.00010952383 0 0
35 40 6722216 0.00014234452 0 0
40 45 8435541.8 0.00017862461 0 0
45 50 10297630 0.00021805476 0 0
50 55 12296959 0.00026039104 0 0
55 60 14431819 0.0003055972 0 0
60 65 16687001 0.00035335122 0 0
65 70 19063647 0.00040367726 0 0
70 75 21561408 0.00045656794 0 0
75 80 24165279 0.00051170553 0 0
80 85 26859500 0.0005687563 0 0
85 90 29631608 0.00062745635 0 0
90 95 32479322 0.00068775737 0 0
95 100 35381271 0.00074920684 0 0
100 105 38348144 0.00081203109 0 0
105 110 41354390 0.00087568905 0 0
110 115 44401233 0.00094020667 0 0
115 120 47475050 0.0010052955 0 0
120 125 50583742 0.0010711228 0 0
125 130 53704072 0.0011371965 0 0
130 135 56853002 0.0012038758 0 0
135 140 60015736 0.0012708475 0 0
140 145 63198447 0.0013382422 0 0
145 150 66394151 0.001405912 0 0
150 155 69616799 0.0014741523 0 0
155 160 72831493 0.0015422242 0 0
160 165 76081987 0.0016110542 0 0
165 170 79318007 0.0016795777 0 0
170 175 82562721 0.0017482853 0 0
175 180 85805833 0.001816959 0 0
180 185 89043879 0.0018855253 0 0
185 190 92283254 0.0019541199 0 0
190 195 95496844 0.0020221684 0 0
195 200 98709035 0.0020901873 0 0
