0 5 47864.101 1.0135587e-06 0 0
5 10 322609.65 6.8315047e-06 0 0
10 15 851343.99 1.8027857e-05 0 0
15 20 1615475.5 3.4208923e-05 0 0
20 25 2598645.6 5.5028298e-05 0 0
25 30 3783918.9 8.012736e-05 0 0
30 35 5160125.7 0.00010926959 0 0
35 40 6703366.6 0.00014194889 0 0
40 45 8410687.6 0.00017810271 0 0
45 50 10266927 0.00021740999 0 0
50 55 12260418 0.00025962368 0 0
55 60 14384803 0.00030460914 0 0
60 65 16641858 0.000352404 0 0
65 70 19018475 0.00040273068 0 0
70 75 21508709 0.00045546328 0 0
75 80 24111426 0.00051057778 0 0
80 85 26799481 0.00056749939 0 0
85 90 29578967 0.00062635712 0 0
90 95 32430097 0.00068673197 0 0
95 100 35347940 0.00074851951 0 0
100 105 38313448 0.0008113164 0 0
105 110 41324946 0.00087508717 0 0
110 115 44375219 0.00093967901 0 0
115 120 47447898 0.0010047453 0 0
120 125 50548454 0.001070402 0 0
125 130 53653863 0.0011361614 0 0
130 135 56792085 0.0012026156 0 0
135 140 59939465 0.0012692638 0 0
140 145 63102994 0.0013362539 0 0
145 150 66276454 0.0014034543 0 0
150 155 69466370 0.0014710032 0 0
155 160 72678467 0.0015390218 0 0
160 165 75907853 0.0016074065 0 0
165 170 79131165 0.0016756626 0 0
170 175 82361309 0.0017440634 0 0
175 180 85591476 0.0018124646 0 0
180 185 88810956 0.0018806396 0 0
185 190 92029780 0.0019488006 0 0
190 195 95240969 0.0020168 0 0
195 200 98427657 0.0020842805 0 0
