0 5 47731.332 1.0097811e-06 0 0
5 10 323049.75 6.834285e-06 0 0
10 15 852030.15 1.802514e-05 0 0
15 20 1617107.1 3.421074e-05 0 0
20 25 2601736.9 5.5041095e-05 0 0
25 30 3787714.7 8.013107e-05 0 0
30 35 5164908.3 0.00010926632 0 0
35 40 6712869.6 0.00014201424 0 0
40 45 8420638.3 0.00017814297 0 0
45 50 10284200 0.0002175676 0 0
50 55 12287867 0.00025995619 0 0
55 60 14417194 0.00030500322 0 0
60 65 16678424 0.00035284072 0 0
65 70 19052591 0.00040306745 0 0
70 75 21548724 0.00045587444 0 0
75 80 24152309 0.00051095462 0 0
80 85 26841582 0.0005678476 0 0
85 90 29626066 0.00062675479 0 0
90 95 32470653 0.00068693351 0 0
95 100 35383846 0.00074856362 0 0
100 105 38351836 0.00081135299 0 0
105 110 41370296 0.00087521008 0 0
110 115 44424124 0.00093981539 0 0
115 120 47516653 0.0010052394 0 0
120 125 50636664 0.0010712449 0 0
125 130 53777823 0.0011376978 0 0
130 135 56938052 0.001204554 0 0
135 140 60115940 0.0012717839 0 0
140 145 63305104 0.0013392523 0 0
145 150 66516556 0.0014071923 0 0
150 155 69737017 0.0014753228 0 0
155 160 72968663 0.0015436899 0 0
160 165 76217377 0.0016124182 0 0
165 170 79467511 0.0016811764 0 0
170 175 82719018 0.0017499637 0 0
175 180 85962357 0.0018185783 0 0
180 185 89194361 0.001886953 0 0
185 190 92421867 0.0019552325 0 0
190 195 95629596 0.0020230937 0 0
195 200 98831965 0.0020908415 0 0
