0 5 47628.18 1.0076148e-06 0 0
5 10 322782.57 6.8287405e-06 0 0
10 15 852093.23 1.8026759e-05 0 0
15 20 1616685.9 3.4202369e-05 0 0
20 25 2600869.3 5.5023607e-05 0 0
25 30 3788490 8.0148737e-05 0 0
30 35 5162329.7 0.00010921349 0 0
35 40 6713669.6 0.0001420334 0 0
40 45 8424327.1 0.00017822382 0 0
45 50 10281939 0.00021752318 0 0
50 55 12285028 0.00025990023 0 0
55 60 14414928 0.00030496009 0 0
60 65 16676697 0.00035280975 0 0
65 70 19053447 0.00040309192 0 0
70 75 21549151 0.00045589067 0 0
75 80 24144609 0.00051079978 0 0
80 85 26845148 0.000567932 0 0
85 90 29621506 0.00062666822 0 0
90 95 32472913 0.00068699216 0 0
95 100 35392426 0.00074875694 0 0
100 105 38359598 0.00081153001 0 0
105 110 41381132 0.00087545313 0 0
110 115 44437279 0.00094010852 0 0
115 120 47533639 0.0010056147 0 0
120 125 50644093 0.001071419 0 0
125 130 53774190 0.0011376388 0 0
130 135 56921163 0.0012042157 0 0
135 140 60084593 0.0012711408 0 0
140 145 63256449 0.0013382441 0 0
145 150 66466983 0.0014061657 0 0
150 155 69666158 0.001473847 0 0
155 160 72892380 0.0015421004 0 0
160 165 76131848 0.0016106342 0 0
165 170 79381446 0.0016793822 0 0
170 175 82625170 0.0017480059 0 0
175 180 85866237 0.0018165735 0 0
180 185 89095997 0.0018849018 0 0
185 190 92322331 0.0019531576 0 0
190 195 95533313 0.0020210887 0 0
195 200 98732588 0.0020887721 0 0
