0 5 47208.395 1.0153984e-06 0 0
5 10 319600.91 6.8742489e-06 0 0
10 15 843162.68 1.8135462e-05 0 0
15 20 1600831.4 3.4432046e-05 0 0
20 25 2574904.9 5.5383251e-05 0 0
25 30 3746113.6 8.0574605e-05 0 0
30 35 5103755.1 0.00010977592 0 0
35 40 6635904.8 0.0001427307 0 0
40 45 8319370.8 0.00017894012 0 0
45 50 10155010 0.00021842261 0 0
50 55 12131364 0.00026093173 0 0
55 60 14230782 0.0003060878 0 0
60 65 16454988 0.00035392792 0 0
65 70 18801685 0.00040440267 0 0
70 75 21266049 0.00045740832 0 0
75 80 23840358 0.00051277875 0 0
80 85 26500958 0.00057000521 0 0
85 90 29248471 0.00062910105 0 0
90 95 32063145 0.00068964147 0 0
95 100 34946576 0.00075166076 0 0
100 105 37882266 0.00081480408 0 0
105 110 40856526 0.000878777 0 0
110 115 43867678 0.00094354343 0 0
115 120 46902602 0.0010088212 0 0
120 125 49964725 0.0010746839 0 0
125 130 53041278 0.001140857 0 0
130 135 56143923 0.0012075914 0 0
135 140 59247781 0.0012743518 0 0
140 145 62359313 0.0013412773 0 0
145 150 65487387 0.0014085586 0 0
150 155 68645246 0.0014764805 0 0
155 160 71788810 0.0015440949 0 0
160 165 74956738 0.0016122334 0 0
165 170 78140313 0.0016807085 0 0
170 175 81322116 0.0017491454 0 0
175 180 84508758 0.0018176864 0 0
180 185 87687468 0.0018860568 0 0
185 190 90870340 0.0019545168 0 0
190 195 94047171 0.0020228468 0 0
195 200 97212009 0.0020909188 0 0
