0 5 47504.365 1.0089938e-06 1393.0289 2.9587964e-08
5 10 322599.69 6.8520246e-06 8911.597 1.8928252e-07
10 15 849803.92 1.8049854e-05 34694.014 7.3690162e-07
15 20 1610207.5 3.4200843e-05 85350.877 1.8128545e-06
20 25 2590898.8 5.5030748e-05 172589.47 3.6658041e-06
25 30 3772507 8.0128132e-05 294772.37 6.2609716e-06
30 35 5141134.6 0.00010919781 469098.3 9.9636583e-06
35 40 6681464.7 0.00014191446 699578.39 1.4859061e-05
40 45 8383947.4 0.00017807523 985059.15 2.0922678e-05
45 50 10236432 0.00021742205 1311707.3 2.7860692e-05
50 55 12226957 0.00025970083 1689946.9 3.5894509e-05
55 60 14347283 0.0003047366 2123563.4 4.5104534e-05
60 65 16594586 0.00035246938 2600994.4 5.5245178e-05
65 70 18965516 0.00040282797 3107569 6.6004835e-05
70 75 21449960 0.00045559762 3639401.6 7.7300971e-05
75 80 24041286 0.00051063745 4205970.6 8.9334909e-05
80 85 26729982 0.0005677454 4835742.5 0.00010271128
85 90 29501289 0.00062660803 5535537.4 0.00011757494
90 95 32341153 0.00068692681 6291508.4 0.00013363178
95 100 35242848 0.00074855886 7121335.1 0.00015125731
100 105 38202449 0.00081142085 8005266.3 0.00017003203
105 110 41210028 0.0008753019 8968361.4 0.00019048819
110 115 44250740 0.0009398867 9983170.6 0.00021204276
115 120 47319086 0.0010050584 11075093 0.00023523522
120 125 50417768 0.0010708745 12204949 0.00025923338
125 130 53537342 0.0011371343 13413836 0.00028491018
130 135 56676308 0.001203806 14658347 0.00031134361
135 140 59813614 0.0012704425 15939970 0.00033856532
140 145 62978596 0.0013376668 17235931 0.00036609156
145 150 66164701 0.0014053397 18550707 0.00039401743
150 155 69367920 0.0014733762 19845133 0.00042151106
155 160 72583104 0.0015416667 21140824 0.00044903157
160 165 75818357 0.0016103836 22403066 0.00047584162
165 170 79048716 0.0016789965 23656932 0.00050247376
170 175 82287038 0.0017477785 24904996 0.00052898267
175 180 85524193 0.0018165357 26150598 0.00055543928
180 185 88756161 0.0018851828 27384460 0.00058164654
185 190 91965985 0.0019533596 28607974 0.00060763399
190 195 95197262 0.002021992 29869878 0.00063443687
195 200 98392747 0.0020898641 31062402 0.00065976611
