0 5 45991.721 1.0075565e-06 1425.1392 3.1221016e-08
5 10 312520.19 6.8464877e-06 5029.7277 1.1018798e-07
10 15 836961.09 1.8335596e-05 14841.373 3.2513508e-07
15 20 1606920 3.5203351e-05 32899.035 7.2073052e-07
20 25 2624859.1 5.7503694e-05 58220.693 1.2754608e-06
25 30 3875071.6 8.489253e-05 99311.005 2.1756405e-06
30 35 5354963.2 0.00011731303 159165.77 3.4868994e-06
35 40 7056556.1 0.00015459041 236423.1 5.1794024e-06
40 45 8974265.7 0.00019660234 337630.53 7.3965886e-06
45 50 11104527 0.00024327071 454139.1 9.9489819e-06
50 55 13431636 0.00029425148 605087.05 1.3255851e-05
55 60 15952085 0.00034946783 763841.27 1.6733734e-05
60 65 18668557 0.00040897852 939587.15 2.058386e-05
65 70 21570936 0.00047256194 1151206 2.5219867e-05
70 75 24642075 0.00053984244 1383998.2 3.0319726e-05
75 80 27880024 0.00061077732 1617900.1 3.5443896e-05
80 85 31301433 0.00068573129 1895229.8 4.1519452e-05
85 90 34867824 0.00076386145 2182615.8 4.7815318e-05
90 95 38601309 0.0008456522 2478746.1 5.4302747e-05
95 100 42488054 0.00093080046 2796654.1 6.1267268e-05
100 105 46507579 0.0010188576 3111198.9 6.8158108e-05
105 110 50675557 0.0011101669 3447883.9 7.5533982e-05
110 115 54975238 0.0012043615 3828245.6 8.3866698e-05
115 120 59385134 0.0013009706 4203477.9 9.2087042e-05
120 125 63924911 0.0014004251 4586402.5 0.0001004759
125 130 68574322 0.0015022813 4975435.4 0.00010899858
130 135 73333246 0.0016065367 5372710 0.00011770181
135 140 78191303 0.0017129639 5800107.7 0.00012706496
140 145 83142548 0.0018214325 6200534.5 0.00013583725
145 150 88190656 0.0019320231 6615367.2 0.00014492513
150 155 93301825 0.0020439953 7025978.7 0.00015392054
155 160 98507530 0.0021580385 7473087.1 0.0001637155
160 165 1.0379765e+08 0.0022739309 7890677.9 0.0001728638
165 170 1.0913216e+08 0.002390796 8267528.9 0.00018111961
170 175 1.1454468e+08 0.0025093697 8647689.3 0.00018944791
175 180 1.1999912e+08 0.0026288621 9022943.7 0.00019766874
180 185 1.2550285e+08 0.0027494341 9396977.4 0.00020586283
185 190 1.3105614e+08 0.0028710921 9743103.2 0.00021344552
190 195 1.366406e+08 0.0029934328 10025334 0.00021962844
195 200 1.4228587e+08 0.0031171056 10299173 0.00022562753
