0 5 47448.308 1.0102622e-06 1207.1056 2.570151e-08
5 10 321654.23 6.8486132e-06 8439.548 1.7969358e-07
10 15 849549.9 1.8088488e-05 35761.35 7.6142524e-07
15 20 1611750.7 3.4317151e-05 86325.252 1.8380242e-06
20 25 2591641.3 5.5180833e-05 170349.19 3.6270492e-06
25 30 3774507.4 8.036624e-05 298146.36 6.3480872e-06
30 35 5140769.3 0.00010945648 474247.86 1.0097614e-05
35 40 6681844.9 0.00014226883 707337.09 1.5060514e-05
40 45 8379722.6 0.00017841978 989219.28 2.1062307e-05
45 50 10227370 0.00021775961 1316453.6 2.802973e-05
50 55 12216111 0.00026010359 1704595.9 3.6293997e-05
55 60 14331856 0.0003051517 2138137.9 4.5524909e-05
60 65 16579888 0.00035301645 2620912.7 5.5804076e-05
65 70 18944514 0.00040336371 3137274 6.6798362e-05
70 75 21424605 0.00045616945 3673801.7 7.8222028e-05
75 80 24009983 0.00051121692 4243034.8 9.0342053e-05
80 85 26704298 0.00056858387 4872006.7 0.00010373403
85 90 29467914 0.00062742636 5560854.5 0.00011840087
90 95 32303514 0.00068780153 6316198.9 0.00013448355
95 100 35213368 0.00074975769 7158058 0.00015240828
100 105 38157765 0.00081244935 8053328.4 0.00017147025
105 110 41160817 0.00087638988 9029468.5 0.00019225407
110 115 44196444 0.00094102399 10063768 0.00021427622
115 120 47263095 0.0010063187 11186813 0.00023818793
120 125 50347261 0.0010719862 12335808 0.00026265215
125 130 53462534 0.0011383162 13553267 0.0002885741
130 135 56588688 0.0012048778 14846765 0.00031611507
135 140 59727242 0.0012717034 16120619 0.00034323778
140 145 62891531 0.0013390769 17431348 0.00037114562
145 150 66063905 0.0014066226 18752097 0.00039926681
150 155 69262561 0.0014747279 20072723 0.00042738536
155 160 72477884 0.0015431881 21361770 0.00045483158
160 165 75687279 0.0016115221 22639041 0.00048202702
165 170 78915600 0.001680259 23903344 0.00050894639
170 175 82171238 0.0017495775 25140584 0.00053528949
175 180 85405521 0.0018184414 26385734 0.00056180105
180 185 88631642 0.0018871315 27616416 0.00058800454
185 190 91846751 0.0019555871 28812933 0.0006134806
190 195 95063404 0.0020240756 30014218 0.00063905819
195 200 98261090 0.0020921602 31172622 0.00066372275
