0 5 47570.078 1.020754e-06 0 0
5 10 320705.16 6.8816594e-06 0 0
10 15 846337.51 1.8160626e-05 0 0
15 20 1606441.8 3.447087e-05 0 0
20 25 2582354.3 5.5411903e-05 0 0
25 30 3760707.1 8.069688e-05 0 0
30 35 5123544.4 0.00010994051 0 0
35 40 6660748.2 0.00014292567 0 0
40 45 8351887.7 0.00017921398 0 0
45 50 10197852 0.00021882449 0 0
50 55 12181307 0.00026138528 0 0
55 60 14298614 0.00030681824 0 0
60 65 16532244 0.00035474726 0 0
65 70 18899236 0.00040553794 0 0
70 75 21379621 0.00045876178 0 0
75 80 23970435 0.00051435521 0 0
80 85 26646506 0.00057177809 0 0
85 90 29409614 0.00063106858 0 0
90 95 32241190 0.00069182826 0 0
95 100 35130311 0.00075382273 0 0
100 105 38075673 0.00081702402 0 0
105 110 41068935 0.00088125313 0 0
110 115 44102402 0.00094634496 0 0
115 120 47159749 0.0010119492 0 0
120 125 50226247 0.0010777498 0 0
125 130 53318034 0.0011440931 0 0
130 135 56437336 0.0012110268 0 0
135 140 59567225 0.0012781876 0 0
140 145 62710587 0.0013456376 0 0
145 150 65889756 0.0014138559 0 0
150 155 69091932 0.0014825678 0 0
155 160 72292610 0.0015512477 0 0
160 165 75504014 0.0016201577 0 0
165 170 78731447 0.0016894116 0 0
170 175 81964535 0.0017587869 0 0
175 180 85193795 0.00182808 0 0
180 185 88402893 0.0018969405 0 0
185 190 91603090 0.00196561 0 0
190 195 94804024 0.0020342954 0 0
195 200 97978492 0.0021024128 0 0
