0 5 47479.773 1.0092347e-06 1428.1234 3.0356331e-08
5 10 321516.29 6.8341819e-06 9857.8878 2.0954023e-07
10 15 848417.52 1.8034046e-05 34768.473 7.390421e-07
15 20 1610825.1 3.4239858e-05 83601.253 1.7770365e-06
20 25 2590854.7 5.5071462e-05 167677.19 3.5641629e-06
25 30 3772565.4 8.0190023e-05 289501.01 6.153662e-06
30 35 5140675.6 0.00010927071 460601.6 9.790593e-06
35 40 6682004 0.00014203334 681923.74 1.4495038e-05
40 45 8386902.4 0.00017827283 952839.99 2.0253661e-05
45 50 10236315 0.00021758411 1281498 2.7239649e-05
50 55 12223784 0.00025982995 1659895.4 3.52829e-05
55 60 14345927 0.00030493844 2096083 4.4554548e-05
60 65 16590186 0.00035264263 2575478.8 5.4744631e-05
65 70 18960513 0.00040302653 3076770.6 6.540014e-05
70 75 21449695 0.00045593682 3607531.8 7.6682051e-05
75 80 24043490 0.0005110708 4192420.6 8.9114505e-05
80 85 26730353 0.00056818301 4809894.4 0.00010223959
85 90 29505028 0.00062716178 5509187.2 0.00011710383
90 95 32350418 0.00068764368 6296596.6 0.00013384108
95 100 35252723 0.00074933535 7119936.8 0.00015134208
100 105 38214525 0.0008122917 8027992 0.00017064379
105 110 41225066 0.00087628406 9004924.4 0.00019140956
110 115 44258848 0.00094077043 10054289 0.00021371496
115 120 47316880 0.0010057723 11142714 0.00023685062
120 125 50414159 0.0010716083 12309295 0.0002616476
125 130 53534485 0.0011379343 13522179 0.00028742878
130 135 56668792 0.0012045574 14768386 0.00031391827
135 140 59799305 0.0012710999 16059429 0.0003413608
140 145 62969372 0.0013384832 17374556 0.00036931528
145 150 66134561 0.0014057628 18703886 0.00039757165
150 155 69334824 0.0014737878 19997212 0.00042506272
155 160 72541091 0.0015419406 21290163 0.0004525458
160 165 75749773 0.0016101446 22569113 0.00047973129
165 170 78978826 0.0016787817 23821625 0.00050635481
170 175 82214459 0.0017475586 25099548 0.00053351847
175 180 85436580 0.0018160484 26349104 0.00056007915
180 185 88664078 0.0018846524 27608729 0.00058685387
185 190 91872796 0.0019528572 28837405 0.00061297073
190 195 95071562 0.0020208505 30032246 0.00063836838
195 200 98253170 0.0020884791 31253750 0.00066433278
