0 5 45966.225 1.01164e-06 1598.4419 3.5179041e-08
5 10 312600.18 6.8798089e-06 5050.9397 1.1116276e-07
10 15 836522.81 1.8410473e-05 15009.544 3.3033504e-07
15 20 1610483.2 3.544405e-05 32634.954 7.1824094e-07
20 25 2627974.3 5.7837333e-05 56984.554 1.254135e-06
25 30 3881436.6 8.542395e-05 102249.3 2.2503367e-06
30 35 5366314.4 0.00011810363 157510.28 3.4665386e-06
35 40 7070373.5 0.00015560714 236138.94 5.1970244e-06
40 45 8989465.3 0.00019784315 335892.14 7.3924261e-06
45 50 11123264 0.0002448045 467580.25 1.0290662e-05
50 55 13457376 0.00029617442 612609.32 1.348251e-05
55 60 15988511 0.00035188048 768213.34 1.6907095e-05
60 65 18706247 0.00041169332 953483.38 2.098458e-05
65 70 21605587 0.00047550296 1161748.6 2.556815e-05
70 75 24685143 0.00054327885 1395062.2 3.0702993e-05
75 80 27932039 0.00061473761 1627394.5 3.5816241e-05
80 85 31353240 0.00069003256 1905631.2 4.1939767e-05
85 90 34937354 0.00076891293 2176529 4.7901776e-05
90 95 38678979 0.00085125985 2480110 5.4583086e-05
95 100 42558955 0.00093665165 2789828.3 6.139947e-05
100 105 46591286 0.0010253965 3113083.7 6.8513783e-05
105 110 50769478 0.0011173516 3446422.6 7.5850015e-05
110 115 55079196 0.0012122013 3799376.3 8.3617939e-05
115 120 59516748 0.0013098644 4121415.3 9.0705481e-05
120 125 64066032 0.0014099866 4489187 9.8799523e-05
125 130 68728533 0.0015126004 4857636.5 0.00010690848
130 135 73496522 0.0016175359 5227994.7 0.00011505945
135 140 78389857 0.0017252301 5620771.8 0.00012370382
140 145 83356529 0.0018345383 6013128.3 0.00013233893
145 150 88421463 0.001946009 6434049.6 0.00014160271
150 155 93563349 0.0020591734 6844010 0.00015062525
155 160 98796609 0.0021743487 7230156.2 0.00015912368
160 165 1.0409975e+08 0.002291062 7611702.5 0.00016752088
165 170 1.0948083e+08 0.0024094905 8010560.1 0.00017629907
170 175 1.1489892e+08 0.0025287338 8385273.3 0.00018454589
175 180 1.2038055e+08 0.0026493752 8737668 0.00019230151
180 185 1.2594268e+08 0.0027717884 9092494.6 0.00020011065
185 190 1.3152714e+08 0.0028946931 9416049.5 0.00020723155
190 195 1.3714165e+08 0.0030182592 9708362.7 0.00021366488
195 200 1.4280514e+08 0.003142903 9935924 0.00021867313
