0 5 46060.121 1.0160598e-06 1548.675 3.4162881e-08
5 10 313229.44 6.9096614e-06 5103.7569 1.1258594e-07
10 15 837862.63 1.8482768e-05 12743.399 2.8111204e-07
15 20 1612360.1 3.5567736e-05 31845.051 7.0248352e-07
20 25 2628907.6 5.799219e-05 57150.954 1.2607172e-06
25 30 3884083.7 8.5680654e-05 95722.264 2.1115781e-06
30 35 5369893.6 0.00011845676 147081.72 3.2445382e-06
35 40 7073885.9 0.00015604586 229502.51 5.0626935e-06
40 45 8995932.5 0.0001984451 327524.81 7.2250089e-06
45 50 11127118 0.00024545783 444741.04 9.8107317e-06
50 55 13464420 0.00029701737 585175.08 1.2908626e-05
55 60 15996922 0.00035288291 748012.25 1.650072e-05
60 65 18718257 0.000412914 939140.86 2.0716907e-05
65 70 21618035 0.00047688142 1145185.3 2.5262129e-05
70 75 24705067 0.00054497958 1374658.5 3.0324176e-05
75 80 27958662 0.00061675201 1614486.8 3.561465e-05
80 85 31381040 0.0006922477 1873532.6 4.1329051e-05
85 90 34962017 0.00077124198 2163775.7 4.7731648e-05
90 95 38703679 0.00085378091 2456577.7 5.4190692e-05
95 100 42584443 0.00093938832 2781845 6.1365902e-05
100 105 46616990 0.001028344 3104363.8 6.8480481e-05
105 110 50789537 0.001120388 3454674.3 7.6208128e-05
110 115 55101309 0.0012155032 3795688.7 8.373071e-05
115 120 59526753 0.0013131259 4147288.9 9.1486807e-05
120 125 64078513 0.0014135352 4518209.9 9.9669112e-05
125 130 68730804 0.001516162 4899199.8 0.00010807353
130 135 73499048 0.0016213467 5293182.9 0.00011676457
135 140 78382056 0.0017290631 5667947.4 0.00012503166
140 145 83337025 0.0018383669 6086879.9 0.00013427307
145 150 88396349 0.0019499726 6491889.3 0.00014320734
150 155 93547012 0.0020635933 6931963.3 0.00015291512
155 160 98758857 0.0021785636 7315234.6 0.00016136987
160 165 1.040403e+08 0.0022950693 7771810.4 0.00017144167
165 170 1.0940391e+08 0.0024133872 8163581.6 0.00018008392
170 175 1.14807e+08 0.0025325764 8537319.6 0.00018832836
175 180 1.2027633e+08 0.0026532267 8949941 0.00019743055
180 185 1.2580592e+08 0.0027752062 9302422.9 0.0002052061
185 190 1.3135249e+08 0.0028975603 9639964.4 0.00021265207
190 195 1.3695443e+08 0.003021136 9968968.5 0.00021990971
195 200 1.4259151e+08 0.0031454867 10245819 0.00022601688
