0 5 47704.634 1.0080298e-06 0 0
5 10 323343.73 6.8324624e-06 0 0
10 15 853083.87 1.8026215e-05 0 0
15 20 1616453 3.41567e-05 0 0
20 25 2602404 5.4990483e-05 0 0
25 30 3787257 8.0027193e-05 0 0
30 35 5160375.6 0.00010904208 0 0
35 40 6706227.9 0.00014170694 0 0
40 45 8415903 0.00017783348 0 0
45 50 10275003 0.00021711746 0 0
50 55 12275993 0.00025939968 0 0
55 60 14405024 0.00030438749 0 0
60 65 16660708 0.00035205155 0 0
65 70 19039751 0.00040232226 0 0
70 75 21535908 0.0004550677 0 0
75 80 24145723 0.00051021478 0 0
80 85 26843278 0.00056721586 0 0
85 90 29617998 0.0006258475 0 0
90 95 32471412 0.00068614198 0 0
95 100 35390564 0.00074782554 0 0
100 105 38353878 0.00081044229 0 0
105 110 41376088 0.00087430355 0 0
110 115 44422477 0.00093867573 0 0
115 120 47511067 0.0010039396 0 0
120 125 50619520 0.0010696233 0 0
125 130 53740024 0.0011355615 0 0
130 135 56883850 0.0012019926 0 0
135 140 60050768 0.0012689116 0 0
140 145 63217275 0.001335822 0 0
145 150 66406630 0.0014032151 0 0
150 155 69611726 0.0014709409 0 0
155 160 72821557 0.0015387667 0 0
160 165 76041868 0.0016068139 0 0
165 170 79279208 0.001675221 0 0
170 175 82524843 0.0017438034 0 0
175 180 85769633 0.0018123679 0 0
180 185 89002218 0.0018806745 0 0
185 190 92237896 0.0019490465 0 0
190 195 95466373 0.0020172663 0 0
195 200 98678561 0.0020851419 0 0
