0 5 47790.041 1.0132781e-06 0 0
5 10 322497.76 6.8378247e-06 0 0
10 15 851715.66 1.8058676e-05 0 0
15 20 1614197.7 3.4225358e-05 0 0
20 25 2597138.8 5.5066368e-05 0 0
25 30 3781427.1 8.0176483e-05 0 0
30 35 5150193.6 0.00010919803 0 0
35 40 6696376.7 0.0001419813 0 0
40 45 8403353.6 0.00017817383 0 0
45 50 10257948 0.00021749624 0 0
50 55 12249770 0.00025972825 0 0
55 60 14375987 0.00030480982 0 0
60 65 16633717 0.00035267978 0 0
65 70 19011729 0.00040310009 0 0
70 75 21509951 0.00045606914 0 0
75 80 24118818 0.00051138417 0 0
80 85 26830894 0.00056888752 0 0
85 90 29615333 0.00062792517 0 0
90 95 32475664 0.00068857192 0 0
95 100 35405079 0.00075068344 0 0
100 105 38396582 0.00081411139 0 0
105 110 41430925 0.00087844767 0 0
110 115 44510075 0.00094373398 0 0
115 120 47613242 0.0010095295 0 0
120 125 50739061 0.0010758053 0 0
125 130 53897517 0.0011427732 0 0
130 135 57069017 0.0012100175 0 0
135 140 60248476 0.0012774306 0 0
140 145 63450557 0.0013453234 0 0
145 150 66658078 0.0014133315 0 0
150 155 69887533 0.0014818047 0 0
155 160 73126834 0.0015504867 0 0
160 165 76371523 0.0016192829 0 0
165 170 79629642 0.0016883638 0 0
170 175 82891061 0.0017575147 0 0
175 180 86148238 0.0018265757 0 0
180 185 89394521 0.0018954056 0 0
185 190 92636218 0.0019641384 0 0
190 195 95870563 0.0020327152 0 0
195 200 99092460 0.0021010282 0 0
