0 5 47717.676 1.0038867e-06 0 0
5 10 324104.03 6.8185155e-06 0 0
10 15 855854.21 1.80055e-05 0 0
15 20 1624790.7 3.4182421e-05 0 0
20 25 2613954.7 5.4992499e-05 0 0
25 30 3805139.7 8.0052702e-05 0 0
30 35 5189521.8 0.0001091774 0 0
35 40 6746769.1 0.00014193884 0 0
40 45 8469700.4 0.00017818595 0 0
45 50 10340370 0.00021754118 0 0
50 55 12352650 0.00025987561 0 0
55 60 14498442 0.00030501888 0 0
60 65 16770513 0.00035281881 0 0
65 70 19156406 0.00040301335 0 0
70 75 21669632 0.00045588671 0 0
75 80 24281692 0.00051083936 0 0
80 85 26994903 0.00056792 0 0
85 90 29779794 0.00062650868 0 0
90 95 32640799 0.00068669863 0 0
95 100 35565698 0.00074823279 0 0
100 105 38538376 0.00081077212 0 0
105 110 41559392 0.00087432839 0 0
110 115 44617253 0.0009386598 0 0
115 120 47710933 0.0010037448 0 0
120 125 50825384 0.0010692667 0 0
125 130 53951436 0.0011350328 0 0
130 135 57117899 0.001201649 0 0
135 140 60292234 0.0012684308 0 0
140 145 63479036 0.0013354749 0 0
145 150 66696499 0.001403164 0 0
150 155 69924352 0.0014710717 0 0
155 160 73161615 0.0015391774 0 0
160 165 76408205 0.0016074793 0 0
165 170 79662392 0.0016759411 0 0
170 175 82913814 0.0017443446 0 0
175 180 86167761 0.0018128013 0 0
180 185 89411217 0.0018810373 0 0
185 190 92650986 0.0019491957 0 0
190 195 95881231 0.0020171537 0 0
195 200 99097422 0.0020848161 0 0
