0 5 47669.293 1.0148407e-06 1141.1415 2.4293978e-08
5 10 323204.76 6.8807677e-06 9047.2525 1.9260868e-07
10 15 853782.83 1.8176345e-05 35140.169 7.4810575e-07
15 20 1620099.3 3.4490602e-05 84074.326 1.7898744e-06
20 25 2605453.4 5.5467995e-05 168012.74 3.5768552e-06
25 30 3793189.9 8.0753942e-05 294986.62 6.2800264e-06
30 35 5170532.6 0.00011007645 465148.67 9.9026388e-06
35 40 6722083.4 0.00014310771 685914.84 1.4602572e-05
40 45 8433120.8 0.00017953432 967643.11 2.0600339e-05
45 50 10299140 0.00021926036 1304717.7 2.7776384e-05
50 55 12298841 0.00026183237 1681651 3.5800988e-05
55 60 14429134 0.00030718459 2124433.8 4.5227475e-05
60 65 16688950 0.00035529423 2615523.6 5.568238e-05
65 70 19066859 0.00040591799 3125672.4 6.6543036e-05
70 75 21567004 0.00045914406 3668626.3 7.8102085e-05
75 80 24165974 0.00051447402 4281427.3 9.1148122e-05
80 85 26860095 0.00057182968 4907603.2 0.0001044789
85 90 29631036 0.00063082079 5621389.8 0.00011967484
90 95 32480476 0.00069148304 6390071.5 0.00013603945
95 100 35401696 0.00075367346 7237170.1 0.00015407349
100 105 38359487 0.00081664243 8128698.1 0.0001730534
105 110 41373016 0.00088079802 9091904.7 0.00019355929
110 115 44424799 0.00094576802 10124211 0.00021553626
115 120 47498728 0.0010112095 11203912 0.00023852223
120 125 50597722 0.0010771845 12347810 0.00026287489
125 130 53720423 0.0011436643 13556445 0.00028860574
130 135 56861388 0.0012105329 14785989 0.00031478174
135 140 60009170 0.0012775467 16079764 0.00034232515
140 145 63179656 0.0013450437 17396226 0.00037035158
145 150 66361910 0.0014127914 18706420 0.00039824454
150 155 69560239 0.0014808812 19993646 0.00042564854
155 160 72767538 0.001549162 21288798 0.00045322128
160 165 75983310 0.0016176232 22558711 0.00048025671
165 170 79217211 0.0016864703 23811128 0.00050691965
170 175 82454058 0.0017553802 25050315 0.00053330094
175 180 85679428 0.0018240457 26273931 0.00055935074
180 185 88917435 0.0018929802 27506679 0.00058559494
185 190 92146347 0.0019617212 28714694 0.00061131259
190 195 95352311 0.0020299735 29923554 0.00063704825
195 200 98554277 0.0020981408 31089750 0.00066187562
