0 5 47626.923 1.0130731e-06 0 0
5 10 322346.25 6.8566329e-06 0 0
10 15 850844.63 1.8098331e-05 0 0
15 20 1614648.4 3.4345215e-05 0 0
20 25 2600125 5.5307305e-05 0 0
25 30 3783450.5 8.0477842e-05 0 0
30 35 5157642.8 0.00010970831 0 0
35 40 6708478.7 0.00014269617 0 0
40 45 8418338.8 0.00017906663 0 0
45 50 10280641 0.00021867969 0 0
50 55 12280291 0.00026121429 0 0
55 60 14412326 0.00030656484 0 0
60 65 16670728 0.00035460336 0 0
65 70 19050978 0.00040523368 0 0
70 75 21539544 0.00045816802 0 0
75 80 24136708 0.00051341235 0 0
80 85 26826757 0.00057063243 0 0
85 90 29603083 0.00062968771 0 0
90 95 32446037 0.00069016023 0 0
95 100 35350501 0.00075194113 0 0
100 105 38308838 0.00081486798 0 0
105 110 41321871 0.00087895826 0 0
110 115 44367885 0.00094375007 0 0
115 120 47451497 0.0010093416 0 0
120 125 50556623 0.0010753908 0 0
125 130 53681263 0.0011418551 0 0
130 135 56823092 0.001208685 0 0
135 140 59966686 0.0012755524 0 0
140 145 63144044 0.0013431381 0 0
145 150 66315681 0.001410602 0 0
150 155 69520035 0.0014787619 0 0
155 160 72739564 0.0015472446 0 0
160 165 75958062 0.0016157053 0 0
165 170 79177026 0.0016841759 0 0
170 175 82415482 0.0017530612 0 0
175 180 85643855 0.001821732 0 0
180 185 88852298 0.0018899788 0 0
185 190 92076427 0.0019585593 0 0
190 195 95284371 0.0020267955 0 0
195 200 98468515 0.0020945255 0 0
