0 5 47658.673 1.0100054e-06 0 0
5 10 322501.11 6.8345976e-06 0 0
10 15 850667.87 1.802776e-05 0 0
15 20 1614077.6 3.4206304e-05 0 0
20 25 2599017.1 5.5079612e-05 0 0
25 30 3783046.2 8.0172123e-05 0 0
30 35 5157813.7 0.00010930685 0 0
35 40 6707121.5 0.00014214052 0 0
40 45 8420386.7 0.00017844886 0 0
45 50 10286539 0.00021799726 0 0
50 55 12285866 0.00026036794 0 0
55 60 14421565 0.0003056287 0 0
60 65 16685968 0.000353617 0 0
65 70 19067511 0.00040408781 0 0
70 75 21558138 0.00045687037 0 0
75 80 24159380 0.00051199712 0 0
80 85 26850412 0.00056902675 0 0
85 90 29626560 0.00062786021 0 0
90 95 32470198 0.00068812396 0 0
95 100 35372734 0.00074963588 0 0
100 105 38337834 0.0008124737 0 0
105 110 41333740 0.00087596437 0 0
110 115 44377019 0.000940459 0 0
115 120 47457515 0.0010057423 0 0
120 125 50559478 0.0010714806 0 0
125 130 53675817 0.0011375236 0 0
130 135 56803158 0.0012037997 0 0
135 140 59966691 0.0012708428 0 0
140 145 63136819 0.0013380256 0 0
145 150 66321203 0.0014055106 0 0
150 155 69525713 0.0014734221 0 0
155 160 72739606 0.0015415325 0 0
160 165 75959714 0.0016097746 0 0
165 170 79194327 0.001678324 0 0
170 175 82425978 0.0017468107 0 0
175 180 85663505 0.0018154219 0 0
180 185 88881814 0.0018836259 0 0
185 190 92100261 0.0019518327 0 0
190 195 95304354 0.0020197354 0 0
195 200 98491594 0.0020872809 0 0
