0 5 48170.159 1.0124215e-06 0 0
5 10 325533.37 6.8419324e-06 0 0
10 15 858041.3 1.8033975e-05 0 0
15 20 1628804 3.4233563e-05 0 0
20 25 2620643.5 5.5079655e-05 0 0
25 30 3816837.3 8.0220787e-05 0 0
30 35 5205139.9 0.00010939959 0 0
35 40 6765965.7 0.00014220441 0 0
40 45 8492590.4 0.00017849393 0 0
45 50 10367121 0.00021789208 0 0
50 55 12386006 0.00026032421 0 0
55 60 14542003 0.00030563811 0 0
60 65 16823049 0.00035358024 0 0
65 70 19231531 0.00040420076 0 0
70 75 21752770 0.00045719117 0 0
75 80 24389028 0.000512599 0 0
80 85 27116334 0.00056992044 0 0
85 90 29934361 0.00062914864 0 0
90 95 32809190 0.00068957066 0 0
95 100 35754470 0.00075147341 0 0
100 105 38766267 0.00081477417 0 0
105 110 41814546 0.0008788417 0 0
110 115 44913495 0.00094397419 0 0
115 120 48033929 0.0010095582 0 0
120 125 51180928 0.0010757006 0 0
125 130 54350273 0.0011423127 0 0
130 135 57540196 0.0012093572 0 0
135 140 60749356 0.0012768061 0 0
140 145 63975957 0.0013446215 0 0
145 150 67205293 0.0014124944 0 0
150 155 70461773 0.0014809379 0 0
155 160 73719647 0.0015494106 0 0
160 165 77005091 0.0016184627 0 0
165 170 80275410 0.001687197 0 0
170 175 83558157 0.0017561925 0 0
175 180 86830296 0.001824965 0 0
180 185 90102050 0.0018937295 0 0
185 190 93359795 0.0019621995 0 0
190 195 96608920 0.0020304883 0 0
195 200 99839118 0.0020983793 0 0
