0 5 45876.243 1.0109116e-06 0 0
5 10 313097 6.8992876e-06 0 0
10 15 836757.7 1.8438477e-05 0 0
15 20 1609707.5 3.5470909e-05 0 0
20 25 2626593.9 5.7878634e-05 0 0
25 30 3879915.8 8.5496362e-05 0 0
30 35 5361912.6 0.00011815309 0 0
35 40 7067545.5 0.00015573777 0 0
40 45 8986112.3 0.00019801458 0 0
45 50 11119103 0.00024501637 0 0
50 55 13447329 0.00029632028 0 0
55 60 15978844 0.00035210379 0 0
60 65 18693224 0.00041191685 0 0
65 70 21594006 0.00047583738 0 0
70 75 24668901 0.00054359462 0 0
75 80 27921915 0.00061527679 0 0
80 85 31328474 0.00069034244 0 0
85 90 34905020 0.00076915386 0 0
90 95 38632412 0.00085128927 0 0
95 100 42512868 0.00093679753 0 0
100 105 46544127 0.0010256288 0 0
105 110 50711720 0.0011174643 0 0
110 115 55005276 0.0012120755 0 0
115 120 59429282 0.0013095613 0 0
120 125 63968129 0.0014095776 0 0
125 130 68617828 0.0015120366 0 0
130 135 73385603 0.0016170975 0 0
135 140 78252950 0.0017243525 0 0
140 145 83211759 0.001833623 0 0
145 150 88268717 0.0019450562 0 0
150 155 93409900 0.0020583453 0 0
155 160 98625036 0.0021732641 0 0
160 165 1.0390769e+08 0.0022896707 0 0
165 170 1.0927098e+08 0.0024078541 0 0
170 175 1.1469888e+08 0.0025274614 0 0
175 180 1.2016804e+08 0.0026479776 0 0
180 185 1.2569193e+08 0.0027696999 0 0
185 190 1.3126563e+08 0.00289252 0 0
190 195 1.3687493e+08 0.0030161244 0 0
195 200 1.4252573e+08 0.0031406434 0 0
