0 5 47517.315 1.0135829e-06 0 0
5 10 321638.64 6.8608134e-06 0 0
10 15 849157.11 1.8113211e-05 0 0
15 20 1611448.7 3.4373509e-05 0 0
20 25 2592297.7 5.5295815e-05 0 0
25 30 3772258.6 8.0465339e-05 0 0
30 35 5141121.9 0.0001096643 0 0
35 40 6676666.3 0.00014241871 0 0
40 45 8378017.6 0.00017870992 0 0
45 50 10226714 0.00021814411 0 0
50 55 12210586 0.00026046172 0 0
55 60 14330877 0.00030568925 0 0
60 65 16574988 0.00035355795 0 0
65 70 18942197 0.00040405244 0 0
70 75 21421059 0.00045692858 0 0
75 80 24012635 0.000512209 0 0
80 85 26696591 0.00056945996 0 0
85 90 29462857 0.00062846666 0 0
90 95 32296117 0.00068890239 0 0
95 100 35190947 0.00075065147 0 0
100 105 38135375 0.00081345851 0 0
105 110 41133675 0.00087741468 0 0
110 115 44170928 0.00094220177 0 0
115 120 47233657 0.0010075323 0 0
120 125 50322103 0.0010734113 0 0
125 130 53435240 0.0011398171 0 0
130 135 56545370 0.0012061587 0 0
135 140 59686978 0.0012731717 0 0
140 145 62841853 0.0013404678 0 0
145 150 66006444 0.0014079711 0 0
150 155 69195148 0.0014759887 0 0
155 160 72402085 0.0015443953 0 0
160 165 75611183 0.0016128479 0 0
165 170 78825176 0.001681405 0 0
170 175 82060159 0.0017504098 0 0
175 180 85286126 0.0018192223 0 0
180 185 88489025 0.0018875428 0 0
185 190 91704074 0.0019561224 0 0
190 195 94891504 0.0020241128 0 0
195 200 98065198 0.0020918103 0 0
