0 5 45668.211 1.0089448e-06 1438.3408 3.1777169e-08
5 10 311823.45 6.8890947e-06 5684.2385 1.2558151e-07
10 15 834248.22 1.8430991e-05 13206.229 2.9176433e-07
15 20 1605678.7 3.5474152e-05 31032.253 6.8559351e-07
20 25 2622877.2 5.7947052e-05 52743.56 1.16526e-06
25 30 3872733.1 8.5560036e-05 91639.98 2.024596e-06
30 35 5355846 0.00011832635 148661.04 3.2843585e-06
35 40 7061020.2 0.00015599865 220900.08 4.8803309e-06
40 45 8975739.1 0.00019830041 316817.49 6.9994279e-06
45 50 11103520 0.00024530932 437825.48 9.6728494e-06
50 55 13433472 0.00029678481 578494.5 1.2780641e-05
55 60 15958271 0.00035256503 740001.03 1.6348794e-05
60 65 18671477 0.00041250771 916909.27 2.0257216e-05
65 70 21569540 0.00047653443 1118187.8 2.4704049e-05
70 75 24638418 0.00054433495 1345092.1 2.9717031e-05
75 80 27880121 0.00061595367 1603194.8 3.5419276e-05
80 85 31287830 0.00069123995 1857323.9 4.1033733e-05
85 90 34855205 0.00077005374 2154238.8 4.7593456e-05
90 95 38578910 0.00085232131 2456958.2 5.4281415e-05
95 100 42447063 0.00093778015 2786314.9 6.1557871e-05
100 105 46466046 0.0010265713 3093514.5 6.8344812e-05
105 110 50623636 0.0011184246 3427070.3 7.5714038e-05
110 115 54913460 0.0012131994 3760283.4 8.3075692e-05
115 120 59328901 0.0013107495 4109199.7 9.0784276e-05
120 125 63859671 0.0014108475 4480882.3 9.8995836e-05
125 130 68507307 0.0015135274 4896976.6 0.00010818858
130 135 73260415 0.0016185375 5261968.8 0.00011625233
135 140 78118524 0.0017258674 5655027 0.00012493614
140 145 83059332 0.0018350243 6053993.4 0.00013375048
145 150 88101718 0.0019464254 6442452.3 0.00014233267
150 155 93220035 0.0020595041 6848809.8 0.0001513103
155 160 98419296 0.002174371 7263793.9 0.00016047852
160 165 1.0369419e+08 0.0022909089 7645536.7 0.00016891234
165 170 1.0904402e+08 0.0024091022 8032396.3 0.0001774592
170 175 1.144405e+08 0.0025283263 8411702 0.00018583918
175 180 1.1990367e+08 0.0026490237 8769771.8 0.00019374999
180 185 1.2541353e+08 0.0027707529 9116938.3 0.00020141991
185 190 1.3095654e+08 0.0028932142 9467568.1 0.00020916635
190 195 1.3654391e+08 0.0030166555 9814183.6 0.00021682411
195 200 1.4214439e+08 0.0031403865 10076886 0.00022262797
