0 5 47744.002 1.0112579e-06 816.30647 1.7290053e-08
5 10 323087.69 6.8432673e-06 8970.1468 1.8999521e-07
10 15 852727.66 1.8061484e-05 34881.034 7.3880946e-07
15 20 1617080 3.4251105e-05 85750.88 1.8162753e-06
20 25 2602568.8 5.5124581e-05 166268.5 3.5217058e-06
25 30 3790018.2 8.0275752e-05 295511.97 6.2591904e-06
30 35 5162842.3 0.00010935331 467229.28 9.8963065e-06
35 40 6713115.4 0.00014218939 684365.31 1.4495429e-05
40 45 8426154.7 0.000178473 968865.27 2.0521376e-05
45 50 10280138 0.00021774191 1304681.2 2.7634239e-05
50 55 12279631 0.00026009285 1688437.4 3.5762514e-05
55 60 14405706 0.00030512489 2131636.6 4.5149844e-05
60 65 16662742 0.0003529308 2610135.1 5.5284842e-05
65 70 19041521 0.00040331532 3132707.6 6.6353365e-05
70 75 21539385 0.00045622218 3683735 7.8024587e-05
75 80 24141551 0.00051133823 4272601.4 9.0497268e-05
80 85 26843796 0.00056857403 4909937.4 0.00010399658
85 90 29625807 0.00062749936 5613306.8 0.00011889453
90 95 32481268 0.0006879804 6383227.9 0.0001352021
95 100 35399462 0.00074979018 7219368.9 0.00015291227
100 105 38375517 0.00081282553 8115847.6 0.00017190043
105 110 41396739 0.00087681752 9084522.3 0.00019241778
110 115 44464643 0.0009417983 10099906 0.00021392446
115 120 47560566 0.0010073725 11186143 0.00023693186
120 125 50676434 0.0010733692 12323911 0.00026103072
125 130 53809798 0.0011397365 13549180 0.00028698295
130 135 56964287 0.0012065512 14805219 0.00031358691
135 140 60125064 0.0012734991 16115520 0.00034134019
140 145 63311301 0.0013409863 17436291 0.00036931521
145 150 66501247 0.001408552 18752772 0.00039719937
150 155 69716984 0.001476664 20052254 0.00042472351
155 160 72946637 0.0015450707 21370948 0.00045265453
160 165 76182320 0.0016136052 22693732 0.00048067221
165 170 79429026 0.0016823732 23985715 0.00050803749
170 175 82670229 0.0017510245 25253034 0.00053488037
175 180 85896692 0.0018193637 26509135 0.00056148564
180 185 89131948 0.0018878892 27767086 0.00058813008
185 190 92358426 0.0019562287 29019645 0.00061466033
190 195 95571922 0.0020242932 30266360 0.00064106679
195 200 98762741 0.0020918774 31503516 0.0006672708
