0 5 47571.815 1.0055022e-06 0 0
5 10 322879.36 6.824543e-06 0 0
10 15 850661.55 1.7980017e-05 0 0
15 20 1614302 3.4120711e-05 0 0
20 25 2595799.1 5.4866135e-05 0 0
25 30 3777527.5 7.9843752e-05 0 0
30 35 5149261 0.00010883741 0 0
35 40 6690907.3 0.00014142244 0 0
40 45 8391949.3 0.00017737653 0 0
45 50 10248335 0.00021661405 0 0
50 55 12237556 0.00025865922 0 0
55 60 14361646 0.00030355508 0 0
60 65 16613119 0.00035114338 0 0
65 70 18983683 0.00040124883 0 0
70 75 21470500 0.00045381146 0 0
75 80 24066751 0.00050868715 0 0
80 85 26753189 0.00056546906 0 0
85 90 29532060 0.00062420471 0 0
90 95 32380142 0.00068440323 0 0
95 100 35296143 0.00074603732 0 0
100 105 38262112 0.00080872755 0 0
105 110 41281854 0.00087255437 0 0
110 115 44338403 0.00093715915 0 0
115 120 47429067 0.001002485 0 0
120 125 50552765 0.0010685091 0 0
125 130 53669296 0.0011343817 0 0
130 135 56805977 0.0012006801 0 0
135 140 59975799 0.0012676791 0 0
140 145 63142222 0.0013346063 0 0
145 150 66335399 0.0014020989 0 0
150 155 69532664 0.0014696779 0 0
155 160 72756767 0.0015378242 0 0
160 165 75993084 0.0016062286 0 0
165 170 79231286 0.0016746729 0 0
170 175 82484905 0.0017434431 0 0
175 180 85733587 0.0018121089 0 0
180 185 88978965 0.0018807049 0 0
185 190 92217452 0.0019491552 0 0
190 195 95445432 0.0020173834 0 0
195 200 98655969 0.002085243 0 0
