0 5 45822.246 1.0019067e-06 1356.8147 2.9666853e-08
5 10 312728.87 6.8378394e-06 4682.7049 1.0238768e-07
10 15 837357.17 1.8308875e-05 14360.904 3.140022e-07
15 20 1610450 3.5212605e-05 26767.939 5.8528293e-07
20 25 2629756.5 5.7499816e-05 54648.411 1.1948915e-06
25 30 3882625.6 8.489389e-05 89053.122 1.947153e-06
30 35 5368867.8 0.00011739068 147349.03 3.2217973e-06
35 40 7074231.7 0.00015467859 225330.26 4.9268624e-06
40 45 8996457.9 0.0001967082 314423.85 6.8749002e-06
45 50 11126681 0.00024328569 431527.3 9.4353757e-06
50 55 13463371 0.00029437758 562955.35 1.2309059e-05
55 60 15996735 0.00034976976 729706.71 1.595509e-05
60 65 18719687 0.00040930731 909830.73 1.9893515e-05
65 70 21622172 0.00047277036 1115913.5 2.439953e-05
70 75 24707615 0.00054023378 1362471.8 2.9790544e-05
75 80 27961136 0.00061137227 1621660.4 3.5457721e-05
80 85 31382996 0.00068619148 1907501.7 4.1707662e-05
85 90 34960813 0.00076442071 2202086.3 4.8148777e-05
90 95 38697406 0.00084612159 2515638.8 5.5004624e-05
95 100 42581271 0.00093104256 2831423 6.1909268e-05
100 105 46616104 0.0010192645 3193871.5 6.9834232e-05
105 110 50779371 0.0011102946 3524606.9 7.7065786e-05
110 115 55072071 0.0012041548 3872089.9 8.4663526e-05
115 120 59503697 0.0013010526 4240371.5 9.271603e-05
120 125 64040939 0.0014002598 4612777.4 0.00010085871
125 130 68688614 0.0015018815 5000113.4 0.00010932784
130 135 73457191 0.0016061468 5400398.6 0.00011808011
135 140 78323473 0.0017125484 5791059.6 0.00012662194
140 145 83281963 0.0018209661 6180857.1 0.00013514489
145 150 88331416 0.0019313728 6569658.4 0.00014364606
150 155 93470539 0.0020437401 7007293.7 0.00015321498
155 160 98688746 0.0021578366 7403584.3 0.00016187991
160 165 1.0397454e+08 0.0022734108 7839780 0.00017141736
165 170 1.0933981e+08 0.0023907229 8246522.8 0.00018031082
170 175 1.1476489e+08 0.0025093426 8631744.2 0.00018873371
175 180 1.2022979e+08 0.002628833 9026569.5 0.00019736659
180 185 1.257456e+08 0.0027494366 9360350 0.00020466473
185 190 1.31327e+08 0.0028714742 9714386.4 0.00021240576
190 195 1.3694592e+08 0.0029943324 10068125 0.00022014029
195 200 1.4257351e+08 0.00311738 10342026 0.00022612915
