0 5 45921.504 1.0121013e-06 0 0
5 10 311977.05 6.8759153e-06 0 0
10 15 835046.62 1.840427e-05 0 0
15 20 1606741.5 3.541228e-05 0 0
20 25 2621495.9 5.7777276e-05 0 0
25 30 3875679.9 8.5419256e-05 0 0
30 35 5352315 0.00011796401 0 0
35 40 7062041.9 0.00015564607 0 0
40 45 8981855.6 0.00019795841 0 0
45 50 11111379 0.00024489269 0 0
50 55 13442567 0.00029627164 0 0
55 60 15973662 0.0003520565 0 0
60 65 18688663 0.0004118946 0 0
65 70 21591578 0.00047587431 0 0
70 75 24671818 0.00054376222 0 0
75 80 27921207 0.00061537815 0 0
80 85 31343790 0.00069081123 0 0
85 90 34916990 0.00076956389 0 0
90 95 38647104 0.0008517749 0 0
95 100 42532683 0.00093741232 0 0
100 105 46558661 0.0010261441 0 0
105 110 50724810 0.0011179652 0 0
110 115 55018651 0.0012126007 0 0
115 120 59437111 0.0013099827 0 0
120 125 63970232 0.0014098919 0 0
125 130 68623415 0.0015124471 0 0
130 135 73382159 0.001617329 0 0
135 140 78235090 0.0017242866 0 0
140 145 83194850 0.0018335988 0 0
145 150 88234217 0.0019446655 0 0
150 155 93360631 0.0020576507 0 0
155 160 98560313 0.0021722507 0 0
160 165 1.0383584e+08 0.0022885222 0 0
165 170 1.0916647e+08 0.0024060085 0 0
170 175 1.1457127e+08 0.0025251291 0 0
175 180 1.200276e+08 0.0026453857 0 0
180 185 1.2552516e+08 0.0027665509 0 0
185 190 1.3106259e+08 0.0028885948 0 0
190 195 1.3665377e+08 0.0030118233 0 0
195 200 1.4225198e+08 0.0031352069 0 0
