0 5 45967.021 1.0019047e-06 0 0
5 10 313092.22 6.8242089e-06 0 0
10 15 838439.61 1.8274766e-05 0 0
15 20 1612052.9 3.5136567e-05 0 0
20 25 2632129.1 5.7370314e-05 0 0
25 30 3883229.2 8.4639493e-05 0 0
30 35 5370622.7 0.00011705897 0 0
35 40 7081738.6 0.00015435472 0 0
40 45 9003766.2 0.00019624755 0 0
45 50 11139197 0.00024279176 0 0
50 55 13482864 0.00029387468 0 0
55 60 16013928 0.00034904217 0 0
60 65 18737062 0.00040839604 0 0
65 70 21647031 0.00047182219 0 0
70 75 24730336 0.00053902642 0 0
75 80 27985679 0.0006099804 0 0
80 85 31412934 0.0006846814 0 0
85 90 35003729 0.00076294697 0 0
90 95 38744526 0.00084448198 0 0
95 100 42642097 0.00092943408 0 0
100 105 46675087 0.0010173378 0 0
105 110 50852817 0.0011083963 0 0
110 115 55168121 0.0012024533 0 0
115 120 59606383 0.0012991904 0 0
120 125 64145740 0.001398131 0 0
125 130 68814809 0.0014998988 0 0
130 135 73581528 0.0016037949 0 0
135 140 78462713 0.001710186 0 0
140 145 83427588 0.0018184013 0 0
145 150 88491876 0.0019287833 0 0
150 155 93636705 0.0020409208 0 0
155 160 98852360 0.0021546021 0 0
160 165 1.0415408e+08 0.0022701593 0 0
165 170 1.0951522e+08 0.0023870115 0 0
170 175 1.1495714e+08 0.0025056245 0 0
175 180 1.204251e+08 0.002624805 0 0
180 185 1.2596447e+08 0.002745542 0 0
185 190 1.3154589e+08 0.0028671956 0 0
190 195 1.3716402e+08 0.0029896492 0 0
195 200 1.4281216e+08 0.003112757 0 0
