0 5 45596.935 1.0119574e-06 1244.0842 2.7610632e-08
5 10 310852.26 6.8989121e-06 4105.1653 9.1108153e-08
10 15 832759.51 1.8481882e-05 12131.521 2.6924141e-07
15 20 1601634.1 3.5545931e-05 32043.75 7.1116426e-07
20 25 2612866.1 5.798875e-05 55684.053 1.2358263e-06
25 30 3858699.7 8.5638207e-05 89882.288 1.9948062e-06
30 35 5337210.5 0.0001184516 143485.29 3.1844466e-06
35 40 7035361.5 0.00015613958 221155.97 4.9082339e-06
40 45 8943876.1 0.00019849628 314516.02 6.980224e-06
45 50 11068432 0.0002456477 443889.51 9.8514797e-06
50 55 13388835 0.00029714565 580578.52 1.2885093e-05
55 60 15911031 0.00035312211 751741.84 1.6683813e-05
60 65 18618245 0.00041320477 935623 2.0764787e-05
65 70 21513303 0.00047745637 1136468.8 2.5222267e-05
70 75 24580093 0.00054551928 1373778.7 3.0489014e-05
75 80 27828858 0.00061762088 1620942.5 3.5974452e-05
80 85 31233875 0.00069319026 1888994.6 4.1923479e-05
85 90 34805685 0.00077246138 2146665.2 4.7642101e-05
90 95 38524921 0.00085500438 2431891.7 5.3972286e-05
95 100 42398056 0.00094096297 2738402.1 6.0774838e-05
100 105 46416867 0.0010301546 3055442.8 6.7811093e-05
105 110 50563578 0.0011221848 3393164.6 7.5306336e-05
110 115 54852661 0.0012173748 3716783.4 8.2488583e-05
115 120 59255817 0.0013150964 4089337.2 9.0756871e-05
120 125 63787111 0.0014156618 4454519.3 9.8861554e-05
125 130 68425148 0.0015185963 4840936.3 0.00010743752
130 135 73166553 0.0016238248 5245188.4 0.0001164093
135 140 78005210 0.0017312118 5643053.5 0.00012523934
140 145 82948321 0.0018409169 6051095.4 0.00013429523
145 150 87972336 0.0019524176 6469467.9 0.0001435804
150 155 93075577 0.0020656766 6892475.5 0.00015296843
155 160 98257581 0.0021806836 7303531.4 0.00016209122
160 165 1.0351313e+08 0.0022973229 7737961.2 0.00017173275
165 170 1.0883834e+08 0.0024155082 8148966.6 0.00018085442
170 175 1.1421329e+08 0.0025347973 8533504.9 0.00018938869
175 180 1.1964128e+08 0.0026552636 8904209.2 0.00019761593
180 185 1.2512267e+08 0.0027769151 9260793.2 0.00020552979
185 190 1.3063139e+08 0.002899173 9611264.6 0.00021330799
190 195 1.362069e+08 0.0030229135 9941134.4 0.00022062897
195 200 1.4180466e+08 0.0031471475 10212261 0.00022664624
