0 5 59336.942 4.7469121e-07 2368.9238 1.8951218e-08
5 10 406534.78 3.2522486e-06 8423.7487 6.7389376e-08
10 15 1090759.9 8.7259995e-06 18375.763 1.4700476e-07
15 20 2105155.7 1.6841092e-05 36263.645 2.9010651e-07
20 25 3429727.3 2.7437568e-05 84812.456 6.7849347e-07
25 30 5043070.2 4.0344194e-05 175536.92 1.4042826e-06
30 35 6938341.9 5.550623e-05 301739.21 2.4138917e-06
35 40 9092332.2 7.2737995e-05 466517.59 3.7321067e-06
40 45 11499972 9.1998942e-05 680072.48 5.4405303e-06
45 50 14139576 0.00011311558 939054.48 7.5123674e-06
50 55 17005159 0.00013604003 1234014.9 9.8720291e-06
55 60 20078736 0.00016062842 1585325.1 1.2682485e-05
60 65 23355261 0.00018684038 1968768.9 1.5750008e-05
65 70 26820745 0.000214564 2390026.4 1.9120037e-05
70 75 30471811 0.00024377227 2860166.6 2.2881124e-05
75 80 34287061 0.00027429399 3359104.6 2.6872592e-05
80 85 38269036 0.0003061495 3878625.6 3.1028722e-05
85 90 42401704 0.00033921054 4433396 3.5466845e-05
90 95 46676397 0.00037340777 5016610.9 4.0132522e-05
95 100 51076973 0.00040861207 5612404.9 4.489883e-05
100 105 55610447 0.00044487952 6273969.4 5.0191298e-05
105 110 60248851 0.00048198642 6942851.8 5.5542309e-05
110 115 64986026 0.00051988347 7664940 6.1318961e-05
115 120 69821403 0.00055856613 8394711.2 6.7157078e-05
120 125 74744154 0.00059794778 9130547.8 7.3043717e-05
125 130 79747107 0.00063797105 9880455 7.904292e-05
130 135 84818941 0.00067854535 10645405 8.5162462e-05
135 140 89957511 0.00071965354 11419211 9.1352857e-05
140 145 95179577 0.00076142968 12166400 9.7330312e-05
145 150 1.0045487e+08 0.00080363163 12912450 0.00010329866
150 155 1.057845e+08 0.0008462683 13633279 0.00010906524
155 160 1.1115427e+08 0.00088922603 14334358 0.00011467382
160 165 1.1658114e+08 0.00093264063 14994655 0.00011995615
165 170 1.2204141e+08 0.00097632235 15624702 0.00012499648
170 175 1.2753308e+08 0.0010202554 16235774 0.00012988501
175 180 1.3305432e+08 0.0010644249 16817578 0.0001345394
180 185 1.3858437e+08 0.0011086649 17356061 0.00013884722
185 190 1.4414402e+08 0.0011531416 17922552 0.00014337911
190 195 1.4970985e+08 0.0011976679 18475197 0.00014780023
195 200 1.5526747e+08 0.0012421285 19012423 0.000152098
