0 5 60073.172 4.7627137e-07 2153.7355 1.7075219e-08
5 10 411422.19 3.2618323e-06 8119.9638 6.4376596e-08
10 15 1103916.3 8.7520552e-06 18073.12 1.4328708e-07
15 20 2129540 1.6883392e-05 35135.204 2.7855849e-07
20 25 3470192.2 2.7512335e-05 84723.565 6.7170431e-07
25 30 5105453.1 4.047699e-05 175183.18 1.3888851e-06
30 35 7022196.6 5.5673292e-05 298321.62 2.3651497e-06
35 40 9205643.5 7.2984068e-05 469850.23 3.7250607e-06
40 45 11644466 9.2319513e-05 680375.18 5.394142e-06
45 50 14317362 0.00011351073 933245.26 7.3989435e-06
50 55 17210956 0.00013645169 1236468 9.8029503e-06
55 60 20323866 0.00016113142 1579057.3 1.2519063e-05
60 65 23636826 0.00018739719 1962476.5 1.5558882e-05
65 70 27144432 0.00021520615 2384313.7 1.8903287e-05
70 75 30839676 0.00024450274 2840595.8 2.2520776e-05
75 80 34697849 0.00027509106 3351220.9 2.6569108e-05
80 85 38722660 0.00030700051 3856891.6 3.057816e-05
85 90 42900654 0.00034012443 4409712.6 3.4961028e-05
90 95 47220165 0.00037437032 4997265.7 3.961926e-05
95 100 51671184 0.00040965884 5601985 4.4413588e-05
100 105 56246761 0.00044593487 6249133.1 4.9544299e-05
105 110 60937769 0.00048312606 6906456.9 5.4755686e-05
110 115 65733694 0.00052114905 7568844.3 6.0007217e-05
115 120 70619225 0.00055988246 8252248.1 6.5425371e-05
120 125 75609058 0.00059944279 8972744.1 7.1137598e-05
125 130 80665549 0.0006395316 9689327.9 7.6818809e-05
130 135 85798985 0.00068023045 10424084 8.264409e-05
135 140 90982107 0.00072132321 11166797 8.8532463e-05
140 145 96233843 0.00076295996 11896779 9.4319896e-05
145 150 1.0155715e+08 0.00080516413 12619884 0.00010005281
150 155 1.0692318e+08 0.00084770704 13312873 0.00010554695
155 160 1.1234741e+08 0.00089071134 14004214 0.00011102803
160 165 1.1782284e+08 0.00093412158 14629395 0.00011598459
165 170 1.2330116e+08 0.00097755476 15267310 0.0001210421
170 175 1.2884172e+08 0.0010214813 15861621 0.0001257539
175 180 1.3440008e+08 0.001065549 16434530 0.00013029603
180 185 1.3998921e+08 0.0011098607 16985387 0.00013466334
185 190 1.4558425e+08 0.0011542192 17512376 0.0001388414
190 195 1.5118428e+08 0.0011986173 18047085 0.00014308067
195 200 1.5677967e+08 0.0012429786 18504240 0.00014670508
