0 5 60526.787 4.7442867e-07 2529.809 1.9829467e-08
5 10 415378.21 3.2558697e-06 8899.789 6.9759445e-08
10 15 1113929.1 8.7313389e-06 19725.111 1.5461184e-07
15 20 2151161.1 1.6861501e-05 36489.687 2.8601805e-07
20 25 3504171.8 2.7466839e-05 85657.971 6.7141507e-07
25 30 5157827.3 4.042873e-05 177421.86 1.3906903e-06
30 35 7094541.7 5.5609328e-05 302090.64 2.3678848e-06
35 40 9300869.7 7.2903245e-05 465438.27 3.6482567e-06
40 45 11761559 9.219093e-05 678452.99 5.3179355e-06
45 50 14468232 0.00011340671 933437.94 7.3165906e-06
50 55 17397750 0.00013636923 1246253.8 9.7685429e-06
55 60 20552440 0.00016109672 1576243.4 1.2355109e-05
60 65 23909119 0.00018740746 1965577.9 1.540684e-05
65 70 27461030 0.0002152485 2398212 1.8797966e-05
70 75 31193102 0.00024450169 2856887.4 2.2393214e-05
75 80 35107987 0.00027518784 3356779.2 2.6311529e-05
80 85 39179191 0.00030709926 3880454.8 3.0416269e-05
85 90 43408260 0.00034024808 4445923.4 3.4848596e-05
90 95 47786537 0.00037456644 5046054.9 3.9552621e-05
95 100 52291737 0.00040987966 5668526.9 4.443176e-05
100 105 56928958 0.00044622771 6308220 4.9445883e-05
105 110 61675333 0.00048343135 6973608.7 5.4661416e-05
110 115 66524113 0.00052143766 7671408.7 6.0130999e-05
115 120 71481820 0.00056029779 8372111.7 6.5623338e-05
120 125 76533357 0.00059989338 9086380.8 7.1222011e-05
125 130 81652305 0.00064001735 9832794.9 7.7072649e-05
130 135 86845885 0.00068072633 10579301 8.2924008e-05
135 140 92122451 0.00072208577 11311697 8.8664763e-05
140 145 97469728 0.00076399947 12068883 9.4599838e-05
145 150 1.0287558e+08 0.00080637226 12803444 0.00010035756
150 155 1.0831645e+08 0.00084901964 13536233 0.0001061014
155 160 1.1381434e+08 0.00089211388 14218561 0.00011144971
160 165 1.1936902e+08 0.00093565327 14886804 0.00011668762
165 170 1.2496265e+08 0.00097949793 15493573 0.00012144367
170 175 1.3059329e+08 0.0010236328 16085999 0.0001260873
175 180 1.3624251e+08 0.0010679132 16653525 0.00013053575
180 185 1.4191539e+08 0.0011123791 17212794 0.00013491948
185 190 1.476103e+08 0.0011570176 17735765 0.0001390187
190 195 1.5330307e+08 0.0012016394 18216406 0.00014278612
195 200 1.5902037e+08 0.0012464534 18713149 0.00014667976
