0 5 60082.392 4.7448827e-07 2308.3964 1.8230084e-08
5 10 411938.59 3.2531999e-06 8509.2226 6.7199827e-08
10 15 1105345.2 8.7292352e-06 18297.833 1.4450335e-07
15 20 2133482.6 1.6848738e-05 35673.316 2.8172264e-07
20 25 3477177.9 2.7460294e-05 87924.896 6.9436869e-07
25 30 5116208.4 4.0404198e-05 176312.93 1.3923949e-06
30 35 7035732.7 5.5563245e-05 301332.76 2.3797132e-06
35 40 9222492.2 7.2832726e-05 467821.51 3.6945237e-06
40 45 11664192 9.2115542e-05 676812.25 5.3449848e-06
45 50 14343057 0.00011327133 926816.46 7.3193414e-06
50 55 17252077 0.00013624471 1229033.1 9.7060347e-06
55 60 20374825 0.00016090597 1568492.9 1.2386848e-05
60 65 23698499 0.00018715399 1968568.7 1.5546364e-05
65 70 27214956 0.00021492449 2399231.3 1.8947434e-05
70 75 30913327 0.00024413161 2856507.9 2.255868e-05
75 80 34779348 0.00027466271 3341621.6 2.6389765e-05
80 85 38815190 0.00030653493 3860078 3.0484168e-05
85 90 43001292 0.00033959382 4425886.9 3.4952527e-05
90 95 47333319 0.0003738051 5012010.8 3.9581319e-05
95 100 51792264 0.0004090187 5627313.8 4.4440547e-05
100 105 56376835 0.0004452244 6259552.8 4.9433524e-05
105 110 61073847 0.00048231808 6923506.9 5.4676964e-05
110 115 65882508 0.00052029349 7638283.4 6.0321764e-05
115 120 70785202 0.0005590115 8323737.1 6.5734993e-05
120 125 75771597 0.00059839052 9058042.8 7.153402e-05
125 130 80847084 0.00063847313 9794695.5 7.7351583e-05
130 135 85986558 0.00067906106 10548443 8.3304146e-05
135 140 91186475 0.00072012634 11292906 8.9183394e-05
140 145 96466312 0.00076182275 12023608 9.4953955e-05
145 150 1.0179558e+08 0.00080390956 12742350 0.00010063007
150 155 1.0718674e+08 0.00084648515 13449084 0.00010621136
155 160 1.1261387e+08 0.00088934475 14166497 0.00011187698
160 165 1.1810378e+08 0.00093270016 14835499 0.00011716029
165 170 1.2362696e+08 0.00097631833 15458613 0.0001220812
170 175 1.2917196e+08 0.0010201089 16057384 0.00012680987
175 180 1.3475822e+08 0.0010642252 16598294 0.0001310816
180 185 1.4035853e+08 0.0011084525 17146761 0.000135413
185 190 1.4598096e+08 0.0011528545 17659153 0.00013945951
190 195 1.5159805e+08 0.0011972143 18160746 0.00014342074
195 200 1.5720886e+08 0.0012415245 18630809 0.00014713296
