0 5 59675.123 4.757052e-07 2693.8008 2.1473857e-08
5 10 408180.03 3.253841e-06 9631.082 7.677497e-08
10 15 1094964.7 8.7286022e-06 20076.884 1.6004455e-07
15 20 2115565.9 1.6864409e-05 36192.613 2.8851242e-07
20 25 3443414.8 2.7449467e-05 89315.27 7.1198409e-07
25 30 5065957.4 4.03837e-05 174818.79 1.3935825e-06
30 35 6964521.4 5.5518261e-05 295671.34 2.3569686e-06
35 40 9130084.7 7.2781229e-05 468995.41 3.7386359e-06
40 45 11543658 9.2021225e-05 680536.64 5.4249543e-06
45 50 14197909 0.00011317981 928706.21 7.4032587e-06
50 55 17071014 0.00013608301 1241233.8 9.8945981e-06
55 60 20158129 0.0001606922 1577277.1 1.2573395e-05
60 65 23452585 0.00018695423 1954906.8 1.5583702e-05
65 70 26936292 0.00021472489 2389954.8 1.9051723e-05
70 75 30594418 0.00024388594 2844813 2.2677663e-05
75 80 34425273 0.00027442393 3350462.1 2.6708487e-05
80 85 38415507 0.0003062324 3884245.6 3.0963586e-05
85 90 42557538 0.00033925095 4439973.4 3.5393617e-05
90 95 46843783 0.0003734191 5033625.3 4.0125962e-05
95 100 51261744 0.00040863725 5651928 4.5054814e-05
100 105 55803103 0.00044483907 6292034.2 5.0157473e-05
105 110 60453602 0.00048191091 6968966.7 5.5553697e-05
110 115 65206354 0.00051979786 7682987.4 6.1245573e-05
115 120 70061092 0.00055849782 8382561.4 6.6822285e-05
120 125 75003693 0.00059789816 9116214.6 7.2670662e-05
125 130 80027510 0.00063794594 9833340.3 7.8387289e-05
130 135 85124626 0.00067857802 10586879 8.4394185e-05
135 140 90297948 0.00071981759 11361228 9.0566977e-05
140 145 95529474 0.00076152114 12120494 9.6619524e-05
145 150 1.0080964e+08 0.0008036124 12878372 0.00010266101
150 155 1.0616094e+08 0.00084627078 13625746 0.00010861877
155 160 1.1154984e+08 0.00088922882 14315635 0.00011411827
160 165 1.1699724e+08 0.00093265325 15015924 0.00011970068
165 170 1.2247919e+08 0.00097635303 15668721 0.00012490451
170 175 1.279907e+08 0.0010202885 16291539 0.00012986936
175 180 1.3353936e+08 0.0010645201 16896278 0.00013469008
180 185 1.3909607e+08 0.0011088159 17472734 0.00013928535
185 190 1.4466096e+08 0.0011531769 18057995 0.00014395081
190 195 1.5023974e+08 0.0011976486 18609338 0.00014834588
195 200 1.5581885e+08 0.0012421229 19126972 0.00015247225
