0 5 59552.786 4.7489623e-07 2249.4088 1.7937629e-08
5 10 408274.66 3.2557351e-06 8039.4205 6.4109351e-08
10 15 1095800.9 8.7383272e-06 19793.282 1.5783904e-07
15 20 2113660.6 1.6855122e-05 35524.289 2.8328399e-07
20 25 3445336.1 2.7474401e-05 82843.543 6.6062545e-07
25 30 5068583.8 4.0418786e-05 172837.06 1.3782675e-06
30 35 6971700.4 5.5594951e-05 298903.82 2.383571e-06
35 40 9141500.1 7.2897747e-05 460047.74 3.668593e-06
40 45 11563865 9.2214589e-05 665184.05 5.3044268e-06
45 50 14219890 0.00011339473 921460.05 7.3480677e-06
50 55 17103094 0.00013638648 1223546.8 9.7570205e-06
55 60 20199638 0.00016107948 1564250.2 1.2473917e-05
60 65 23499416 0.00018739315 1948104.1 1.5534912e-05
65 70 26995737 0.00021527412 2367969.1 1.8883073e-05
70 75 30664225 0.00024452802 2807206.8 2.2385719e-05
75 80 34513667 0.00027522491 3289144.6 2.6228871e-05
80 85 38524607 0.00030720965 3823181.6 3.0487483e-05
85 90 42686550 0.00034039854 4383673.7 3.4957056e-05
90 95 47006506 0.00037484749 4944165.5 3.9426628e-05
95 100 51449983 0.00041028144 5547237.5 4.423575e-05
100 105 56009505 0.00044664078 6173041.8 4.9226148e-05
105 110 60690501 0.00048396879 6822776.8 5.4407379e-05
110 115 65488382 0.0005222289 7492807.4 5.9750453e-05
115 120 70370022 0.00056115692 8178423 6.5217809e-05
120 125 75343988 0.00060082119 8889114.9 7.0885133e-05
125 130 80399961 0.00064113941 9615082.2 7.6674268e-05
130 135 85536149 0.0006820973 10359823 8.261311e-05
135 140 90744803 0.00072363306 11084005 8.838801e-05
140 145 96011839 0.00076563438 11809577 9.417399e-05
145 150 1.0134121e+08 0.00080813276 12529607 9.9915781e-05
150 155 1.0672922e+08 0.00085109877 13226635 0.00010547414
155 160 1.1216773e+08 0.00089446752 13915396 0.00011096658
160 165 1.1763904e+08 0.0009380978 14571298 0.00011619699
165 170 1.2314613e+08 0.00098201337 15183290 0.00012107724
170 175 1.2869974e+08 0.0010262999 15800274 0.00012599731
175 180 1.3425727e+08 0.0010706178 16389244 0.00013069398
180 185 1.3984309e+08 0.0011151612 16939992 0.00013508585
185 190 1.4543714e+08 0.0011597703 17475352 0.00013935501
190 195 1.5104772e+08 0.0012045111 18008615 0.00014360744
195 200 1.5664693e+08 0.0012491614 18525904 0.0001477325
