0 5 59144.337 4.7474964e-07 2583.9451 2.0741242e-08
5 10 405386.53 3.2540243e-06 8062.6482 6.4718611e-08
10 15 1088927.1 8.7407817e-06 16927.911 1.3587978e-07
15 20 2100504.9 1.6860684e-05 36664.561 2.9430522e-07
20 25 3420335.1 2.7454917e-05 86422.494 6.9371051e-07
25 30 5035825.1 4.0422402e-05 174709.56 1.4023879e-06
30 35 6923172.7 5.5572079e-05 303445.39 2.4357461e-06
35 40 9072067.6 7.2821187e-05 470737.62 3.7785953e-06
40 45 11470643 9.2074476e-05 688900.6 5.5297824e-06
45 50 14102550 0.0001132007 951495.39 7.6376222e-06
50 55 16962383 0.00013615649 1262209.3 1.0131712e-05
55 60 20024988 0.00016073992 1602354.5 1.2862047e-05
60 65 23287492 0.00018692793 2003732 1.6083891e-05
65 70 26734475 0.00021459675 2431418.9 1.951692e-05
70 75 30365305 0.0002437413 2899323 2.327277e-05
75 80 34165401 0.00027424455 3393319.9 2.7238067e-05
80 85 38127721 0.00030604996 3921015.7 3.1473864e-05
85 90 42242589 0.00033907987 4489393.5 3.6036213e-05
90 95 46496067 0.0003732224 5078493.9 4.0764903e-05
95 100 50885756 0.00040845829 5689810.7 4.5671923e-05
100 105 55388033 0.00044459791 6341507.8 5.0903074e-05
105 110 60011757 0.00048171239 6990259.2 5.6110581e-05
110 115 64731065 0.00051959413 7679111.4 6.1639974e-05
115 120 69554303 0.0005583101 8392498.9 6.7366312e-05
120 125 74460114 0.00059768888 9132783.4 7.3308551e-05
125 130 79454320 0.0006377772 9881879.2 7.9321519e-05
130 135 84510224 0.00067836079 10636712 8.5380534e-05
135 140 89635506 0.00071950126 11397481 9.1487206e-05
140 145 94825436 0.00076116065 12162803 9.7630419e-05
145 150 1.0007508e+08 0.00080329936 12935356 0.00010383168
150 155 1.0536694e+08 0.00084577698 13654111 0.0001096011
155 160 1.1071702e+08 0.00088872189 14385577 0.00011547255
160 165 1.1611397e+08 0.00093204302 15085960 0.0001210945
165 170 1.215401e+08 0.00097559837 15734087 0.000126297
170 175 1.2699865e+08 0.001019414 16368438 0.00013138891
175 180 1.3248527e+08 0.0010634549 16988837 0.00013636884
180 185 1.3800095e+08 0.001107729 17578966 0.00014110578
185 190 1.4350159e+08 0.0011518826 18158377 0.0001457567
190 195 1.4902862e+08 0.0011962478 18716412 0.00015023602
195 200 1.5455081e+08 0.0012405743 19250351 0.00015452193
