0 5 59302.463 4.7694273e-07 2614.6121 2.1028136e-08
5 10 405734.89 3.2631411e-06 7767.4592 6.2470141e-08
10 15 1087591 8.7469997e-06 18210.857 1.4646164e-07
15 20 2097947.7 1.6872839e-05 38142.645 3.0676395e-07
20 25 3416752.2 2.7479384e-05 84402.982 6.7881479e-07
25 30 5025514.4 4.0417927e-05 176574.39 1.4201075e-06
30 35 6912027.2 5.5590291e-05 300397.42 2.4159598e-06
35 40 9058112.8 7.2850281e-05 463083.59 3.7243707e-06
40 45 11455145 9.2128518e-05 676135.56 5.4378508e-06
45 50 14086004 0.00011328732 933952.41 7.5113545e-06
50 55 16939216 0.00013623441 1230531 9.8966009e-06
55 60 19998102 0.00016083564 1577627 1.2688136e-05
60 65 23257871 0.00018705247 1961812.2 1.5777963e-05
65 70 26707799 0.00021479868 2374709.6 1.9098709e-05
70 75 30334034 0.00024396284 2830442.9 2.2763965e-05
75 80 34133612 0.00027452111 3316655 2.6674348e-05
80 85 38086640 0.00030631352 3840787.6 3.0889708e-05
85 90 42191483 0.0003393269 4389193.1 3.5300284e-05
90 95 46440318 0.00037349835 4969488.4 3.9967335e-05
95 100 50809427 0.00040863711 5594798.8 4.4996422e-05
100 105 55309198 0.00044482672 6241474.9 5.0197344e-05
105 110 59922365 0.00048192833 6916142.7 5.562339e-05
110 115 64633397 0.00051981702 7601104.6 6.1132227e-05
115 120 69430497 0.00055839791 8294975.1 6.6712711e-05
120 125 74319616 0.00059771887 9013937.9 7.2495003e-05
125 130 79281757 0.00063762711 9741000.6 7.8342437e-05
130 135 84323218 0.00067817328 10491236 8.437624e-05
135 140 89433237 0.00071927085 11221907 9.0252692e-05
140 145 94614870 0.00076094437 11936463 9.5999542e-05
145 150 99843722 0.00080299764 12628689 0.0001015668
150 155 1.0512483e+08 0.00084547118 13315858 0.00010709339
155 160 1.1047531e+08 0.00088850271 13964024 0.00011230629
160 165 1.1584728e+08 0.00093170696 14593813 0.0001173714
165 170 1.2127612e+08 0.00097536867 15193510 0.00012219449
170 175 1.2671108e+08 0.0010190796 15739628 0.00012658667
175 180 1.3220001e+08 0.0010632245 16269812 0.0001308507
180 185 1.3769589e+08 0.0011074254 16792527 0.00013505465
185 190 1.4319808e+08 0.0011516771 17276439 0.00013894654
190 195 1.4871776e+08 0.0011960693 17725550 0.00014255854
195 200 1.5422977e+08 0.0012403999 18158472 0.00014604033
