0 5 59814.333 4.7738894e-07 3101.3375 2.4752332e-08
5 10 408599.43 3.2611055e-06 9108.4278 7.2695999e-08
10 15 1095239.6 8.7413038e-06 20524.466 1.6380945e-07
15 20 2113886.2 1.6871306e-05 36502.623 2.9133399e-07
20 25 3442772.3 2.7477384e-05 90447.994 7.2188169e-07
25 30 5066230.2 4.0434493e-05 177847.12 1.4194298e-06
30 35 6970470.4 5.5632576e-05 298785.94 2.3846642e-06
35 40 9137380.1 7.2927072e-05 461377.32 3.6823353e-06
40 45 11556309 9.2232978e-05 677085.82 5.4039436e-06
45 50 14208622 0.00011340157 928276.01 7.4087376e-06
50 55 17091809 0.0001364128 1227560.4 9.7973803e-06
55 60 20185211 0.0001611018 1567248.7 1.2508494e-05
60 65 23482623 0.00018741903 1953237.2 1.5589137e-05
65 70 26969988 0.00021525232 2380655.3 1.9000438e-05
70 75 30635057 0.0002445039 2844517.7 2.2702607e-05
75 80 34485625 0.00027523597 3329696.9 2.657491e-05
80 85 38494152 0.00030722874 3847020.7 3.0703763e-05
85 90 42657172 0.00034045455 4406229.7 3.5166911e-05
90 95 46958843 0.00037478697 4966194.9 3.9636094e-05
95 100 51393252 0.00041017878 5597936.1 4.4678134e-05
100 105 55954415 0.00044658224 6219710.9 4.964063e-05
105 110 60623305 0.00048384549 6895810.3 5.5036701e-05
110 115 65406244 0.00052201899 7597913.2 6.064031e-05
115 120 70280118 0.00056091825 8289313.8 6.6158503e-05
120 125 75245416 0.00060054718 9030217.4 7.2071787e-05
125 130 80289275 0.00064080313 9788939.9 7.8127288e-05
130 135 85395642 0.00068155796 10561971 8.4296988e-05
135 140 90577290 0.00072291363 11308628 9.0256189e-05
140 145 95824194 0.00076479011 12072449 9.6352387e-05
145 150 1.0113932e+08 0.00080721105 12809433 0.00010223439
150 155 1.0650867e+08 0.00085006487 13545351 0.00010810788
155 160 1.1192345e+08 0.00089328114 14221500 0.00011350434
160 165 1.1738113e+08 0.00093683988 14905988 0.00011896737
165 170 1.2288661e+08 0.00098078012 15537606 0.00012400842
170 175 1.2841754e+08 0.0010249234 16148102 0.0001288809
175 180 1.3397918e+08 0.0010693119 16736861 0.00013357989
180 185 1.3955021e+08 0.0011137753 17300790 0.00013808071
185 190 1.451419e+08 0.0011584036 17887408 0.00014276262
190 195 1.50741e+08 0.001203091 18405985 0.00014690147
195 200 1.563368e+08 0.0012477521 18897708 0.000150826
