0 5 58957.678 4.750181e-07 2381.8613 1.9190499e-08
5 10 402671.56 3.244298e-06 8148.794 6.5654292e-08
10 15 1081259.5 8.7116363e-06 19156.35 1.5434144e-07
15 20 2086630.2 1.6811841e-05 35840.721 2.8876631e-07
20 25 3398242.2 2.7379412e-05 83452.16 6.7236851e-07
25 30 4999717.3 4.028239e-05 173479.75 1.3977148e-06
30 35 6875826.9 5.539808e-05 295069.86 2.3773582e-06
35 40 9013421.4 7.2620538e-05 461094.89 3.7150109e-06
40 45 11395349 9.1811571e-05 672480.13 5.4181278e-06
45 50 14011801 0.00011289215 921475.33 7.4242656e-06
50 55 16844852 0.00013571785 1224565.3 9.8662416e-06
55 60 19894156 0.00016028589 1564756.7 1.2607141e-05
60 65 23135304 0.00018639961 1945156.5 1.5671997e-05
65 70 26562469 0.00021401205 2350270.7 1.8935975e-05
70 75 30174467 0.00024311368 2813300.5 2.2666575e-05
75 80 33949841 0.00027353162 3312916 2.6691944e-05
80 85 37887984 0.00030526097 3825939.9 3.0825343e-05
85 90 41973817 0.00033818025 4368928.2 3.5200164e-05
90 95 46195952 0.00037219772 4940074.7 3.9801854e-05
95 100 50554194 0.00040731178 5547185 4.4693301e-05
100 105 55030691 0.00044337862 6175072.8 4.9752151e-05
105 110 59617772 0.00048033643 6847161.4 5.5167125e-05
110 115 64303519 0.00051808918 7530989.5 6.0676682e-05
115 120 69086538 0.00055662565 8242834.5 6.641197e-05
120 125 73960275 0.00059589303 8970159.2 7.2271977e-05
125 130 78907299 0.00063575086 9743434.9 7.8502208e-05
130 135 83908315 0.00067604372 10531555 8.4852035e-05
135 140 89005306 0.00071710984 11305386 9.1086748e-05
140 145 94148143 0.00075854533 12072397 9.7266501e-05
145 150 99343136 0.00080040105 12817981 0.00010327362
150 155 1.0458819e+08 0.00084266012 13553620 0.00010920062
155 160 1.0989591e+08 0.00088542403 14265904 0.00011493944
160 165 1.1524363e+08 0.00092851024 14939291 0.00012036487
165 170 1.2062587e+08 0.0009718746 15572056 0.00012546302
170 175 1.2603844e+08 0.0010154834 16148370 0.00013010635
175 180 1.3148321e+08 0.0010593515 16737234 0.00013485079
180 185 1.3695425e+08 0.0011034313 17292394 0.00013932367
185 190 1.4242819e+08 0.0011475345 17823071 0.0001435993
190 195 1.4791127e+08 0.0011917113 18321556 0.00014761556
195 200 1.5340395e+08 0.0012359654 18808001 0.00015153482
