0 5 60471.554 4.7658875e-07 2448.107 1.9294035e-08
5 10 413114.27 3.2558385e-06 8930.0898 7.0379875e-08
10 15 1109449.7 8.7438015e-06 20079.22 1.5824847e-07
15 20 2139386.8 1.6860947e-05 36867.233 2.9055825e-07
20 25 3483166.1 2.7451548e-05 83473.88 6.5787482e-07
25 30 5124637.2 4.038832e-05 182050.6 1.4347782e-06
30 35 7049080.3 5.5555252e-05 305776.52 2.4098876e-06
35 40 9241013.6 7.2830329e-05 471172.92 3.7134107e-06
40 45 11689126 9.2124404e-05 681483.5 5.3709116e-06
45 50 14374093 0.00011328518 942356.11 7.4269024e-06
50 55 17287484 0.00013624622 1245051.3 9.8125052e-06
55 60 20417178 0.00016091198 1592690.7 1.2552323e-05
60 65 23746216 0.00018714881 1974569.2 1.5561986e-05
65 70 27271227 0.00021493015 2397698.7 1.8896756e-05
70 75 30985520 0.00024420326 2859385.5 2.2535405e-05
75 80 34868272 0.00027480403 3355169.3 2.644278e-05
80 85 38915739 0.00030670295 3908412.5 3.0803003e-05
85 90 43115625 0.00033980311 4459060.9 3.5142776e-05
90 95 47469193 0.00037411447 5055834.1 3.9846068e-05
95 100 51947672 0.00040941029 5667316 4.4665283e-05
100 105 56552531 0.00044570213 6319345.6 4.9804062e-05
105 110 61263281 0.00048282852 7000469.6 5.5172141e-05
110 115 66088898 0.0005208602 7692215.7 6.0623934e-05
115 120 71018973 0.00055971514 8415891.1 6.6327369e-05
120 125 76036411 0.0005992586 9134431 7.1990329e-05
125 130 81149386 0.00063955501 9884773.6 7.7903934e-05
130 135 86324922 0.00068034447 10651963 8.3950312e-05
135 140 91571413 0.00072169314 11388530 8.9755347e-05
140 145 96881072 0.00076353965 12140289 9.5680111e-05
145 150 1.0224632e+08 0.00080582428 12865750 0.00010139762
150 155 1.0769073e+08 0.00084873281 13567169 0.00010692565
155 160 1.1318348e+08 0.00089202229 14250455 0.00011231076
160 165 1.1871526e+08 0.00093561938 14946759 0.00011779848
165 170 1.242857e+08 0.00097952114 15549879 0.00012255179
170 175 1.2989603e+08 0.0010237373 16144072 0.00012723475
175 180 1.3554102e+08 0.0010682267 16744871 0.00013196977
180 185 1.4120126e+08 0.0011128362 17288958 0.00013625783
185 190 1.4688487e+08 0.0011576298 17827332 0.00014050087
190 195 1.5256699e+08 0.0012024118 18349071 0.0001446128
195 200 1.5825865e+08 0.0012472689 18848199 0.00014854653
