0 5 59842.758 4.7519627e-07 2573.6533 2.0436733e-08
5 10 410097.39 3.2564802e-06 7831.843 6.2190693e-08
10 15 1100103.8 8.7356472e-06 19896.029 1.5798935e-07
15 20 2123368.5 1.6861134e-05 35978.843 2.8569893e-07
20 25 3460308.6 2.747744e-05 88644.264 7.0390178e-07
25 30 5089665.7 4.0415754e-05 178363.87 1.4163426e-06
30 35 7002311.9 5.5603596e-05 303113.47 2.4069477e-06
35 40 9179592.2 7.289283e-05 469627.51 3.7291938e-06
40 45 11606690 9.21658e-05 681359.21 5.4105019e-06
45 50 14274960 0.00011335386 933902.02 7.4158808e-06
50 55 17163407 0.00013629029 1240807.1 9.8529368e-06
55 60 20265254 0.00016092128 1586504.6 1.2598034e-05
60 65 23570691 0.00018716892 1971978.5 1.5658985e-05
65 70 27070465 0.00021495975 2384423.5 1.8934106e-05
70 75 30747442 0.00024415769 2852278 2.2649221e-05
75 80 34597006 0.00027472611 3347762.8 2.6583741e-05
80 85 38605862 0.00030655943 3891964.7 3.0905112e-05
85 90 42761456 0.00033955796 4439551.8 3.5253363e-05
90 95 47068020 0.0003737553 5032392.9 3.9960965e-05
95 100 51501913 0.00040896372 5632935 4.4729719e-05
100 105 56058464 0.00044514615 6255560.6 4.9673832e-05
105 110 60735101 0.00048228215 6922186.3 5.4967339e-05
110 115 65510690 0.0005202039 7608275.4 6.0415399e-05
115 120 70387434 0.00055892889 8309463.1 6.5983355e-05
120 125 75346381 0.00059830664 9050418.6 7.1867096e-05
125 130 80379276 0.00063827159 9793895.2 7.7770856e-05
130 135 85500380 0.000678937 10548358 8.3761853e-05
135 140 90680309 0.0007200695 11284880 8.961039e-05
140 145 95922514 0.00076169653 12035773 9.5573043e-05
145 150 1.0123031e+08 0.00080384439 12770540 0.00010140764
150 155 1.065943e+08 0.00084643847 13490427 0.00010712409
155 160 1.1200911e+08 0.00088943611 14179137 0.00011259296
160 165 1.174351e+08 0.0009325226 14819027 0.00011767417
165 170 1.2292228e+08 0.00097609486 15446562 0.00012265726
170 175 1.2844032e+08 0.0010199122 16049123 0.00012744204
175 180 1.3398135e+08 0.0010639122 16604387 0.00013185126
180 185 1.3952958e+08 0.0011079693 17158785 0.00013625359
185 190 1.4510406e+08 0.0011522348 17705794 0.00014059725
190 195 1.5067194e+08 0.0011964479 18235952 0.0001448071
195 200 1.5624927e+08 0.0012407362 18715203 0.00014861271
