0 5 59639.892 4.7369482e-07 2381.3481 1.8914056e-08
5 10 408338.41 3.2432619e-06 7666.049 6.0888234e-08
10 15 1096929.4 8.7124536e-06 16525.553 1.3125559e-07
15 20 2117099.8 1.6815242e-05 33368.264 2.6503022e-07
20 25 3448009.9 2.7386106e-05 83303.843 6.6164772e-07
25 30 5072594.9 4.0289508e-05 171135.78 1.3592602e-06
30 35 6977620.2 5.542033e-05 298099.01 2.3676763e-06
35 40 9151349.9 7.268536e-05 457975.72 3.6375104e-06
40 45 11572038 9.1911881e-05 676263.02 5.3712755e-06
45 50 14228994 0.00011301497 936498.39 7.4382166e-06
50 55 17111369 0.00013590848 1237058.6 9.8254413e-06
55 60 20206706 0.00016049345 1579118.3 1.2542279e-05
60 65 23500788 0.00018665697 1958725.4 1.555734e-05
65 70 26992228 0.00021438802 2389765.3 1.898091e-05
70 75 30667633 0.00024358024 2844477.1 2.2592496e-05
75 80 34508248 0.00027408464 3342425.4 2.6547493e-05
80 85 38523831 0.00030597874 3860308.1 3.0660819e-05
85 90 42688433 0.00033905644 4406942.7 3.500251e-05
90 95 46990740 0.00037322787 4978412 3.9541452e-05
95 100 51430497 0.00040849101 5584700.7 4.4356951e-05
100 105 55997810 0.00044476727 6195540.2 4.9208595e-05
105 110 60681923 0.00048197124 6874832.2 5.4603928e-05
110 115 65471911 0.00052001612 7549083.5 5.9959226e-05
115 120 70359945 0.00055883973 8243572.5 6.5475262e-05
120 125 75327353 0.00059829379 8948138.2 7.1071334e-05
125 130 80392416 0.00063852347 9668854.2 7.6795682e-05
130 135 85524097 0.00067928227 10424005 8.2793526e-05
135 140 90730592 0.00072063529 11173961 8.8750121e-05
140 145 96000342 0.00076249073 11873311 9.430476e-05
145 150 1.0133747e+08 0.00080488129 12617094 0.00010021232
150 155 1.0673204e+08 0.00084772811 13312679 0.00010573706
155 160 1.1217022e+08 0.00089092133 13990440 0.00011112024
160 165 1.1765668e+08 0.00093449797 14650822 0.00011636537
165 170 1.2319753e+08 0.00097850663 15281457 0.00012137424
170 175 1.2876529e+08 0.0010227291 15875128 0.00012608953
175 180 1.3433989e+08 0.0010670058 16475617 0.00013085896
180 185 1.3994307e+08 0.0011115095 17043551 0.00013536983
185 190 1.4556467e+08 0.0011561595 17600783 0.00013979569
190 195 1.5119584e+08 0.0012008856 18138713 0.00014406824
195 200 1.5684082e+08 0.0012457213 18666902 0.00014826342
