0 5 60452.748 4.7645659e-07 2471.127 1.9476117e-08
5 10 413559.87 3.2594602e-06 8441.5347 6.6531712e-08
10 15 1109384.2 8.7435795e-06 18859.688 1.4864209e-07
15 20 2139462.4 1.6862111e-05 37253.373 2.9361138e-07
20 25 3487292.2 2.7484993e-05 84856.954 6.6879764e-07
25 30 5132598.7 4.0452429e-05 175361.7 1.3821082e-06
30 35 7060621.9 5.5648088e-05 306257.61 2.4137605e-06
35 40 9257791.9 7.296502e-05 469236.29 3.6982723e-06
40 45 11706598 9.2265211e-05 678870.8 5.3505007e-06
45 50 14394067 0.00011344642 944573.93 7.4446322e-06
50 55 17311796 0.00013644242 1258312.8 9.9173561e-06
55 60 20441741 0.000161111 1608498.1 1.2677331e-05
60 65 23780841 0.00018742801 2001014.2 1.5770936e-05
65 70 27311641 0.00021525591 2412540.8 1.9014371e-05
70 75 31026330 0.00024453312 2893760.6 2.2807091e-05
75 80 34914704 0.00027517923 3391947.1 2.6733534e-05
80 85 38964465 0.00030709731 3922061.6 3.0911615e-05
85 90 43174165 0.00034027593 4479107.3 3.5301955e-05
90 95 47524969 0.00037456668 5068677.4 3.9948635e-05
95 100 52008526 0.0004099037 5688712.8 4.4835426e-05
100 105 56620492 0.00044625278 6323479.7 4.9838323e-05
105 110 61347661 0.00048350983 7000785.1 5.5176486e-05
110 115 66179443 0.00052159138 7682065.1 6.0545975e-05
115 120 71108591 0.00056044031 8400549.7 6.620869e-05
120 125 76128148 0.0006000018 9139040.3 7.2029083e-05
125 130 81227315 0.00064019074 9868255.1 7.7776368e-05
130 135 86397589 0.00068094011 10615393 8.366491e-05
135 140 91642109 0.00072227464 11387437 8.9749754e-05
140 145 96951150 0.0007641177 12143720 9.571038e-05
145 150 1.0232473e+08 0.00080646942 12868599 0.0001014235
150 155 1.0774598e+08 0.00084919684 13571312 0.0001069619
155 160 1.1322413e+08 0.00089237275 14250156 0.0001123122
160 165 1.1874156e+08 0.00093585819 14887227 0.00011733325
165 170 1.2431231e+08 0.00097976388 15523409 0.0001223473
170 175 1.2989728e+08 0.0010237817 16118039 0.00012703386
175 180 1.3551669e+08 0.0010680709 16684779 0.00013150061
180 185 1.4115869e+08 0.0011125381 17233002 0.00013582141
185 190 1.468179e+08 0.001157141 17771862 0.00014006842
190 195 1.5248155e+08 0.001201779 18259426 0.00014391114
195 200 1.5814032e+08 0.0012463784 18718962 0.00014753296
