0 5 59759.92 4.7453046e-07 2598.0739 2.0630302e-08
5 10 409808.84 3.2541338e-06 8580.724 6.8136217e-08
10 15 1099908.7 8.7339507e-06 20791.417 1.6509661e-07
15 20 2121455.4 1.6845659e-05 38471.107 3.0548421e-07
20 25 3457925.5 2.7458052e-05 86602.413 6.8767633e-07
25 30 5086553.1 4.0390355e-05 173877.14 1.3806912e-06
30 35 6994855.2 5.5543445e-05 295497.03 2.3464279e-06
35 40 9169505.3 7.2811502e-05 468119.37 3.7171552e-06
40 45 11597702 9.2092876e-05 680027.6 5.3998367e-06
45 50 14264542 0.00011326923 941440.19 7.4756132e-06
50 55 17151719 0.00013619518 1243166.5 9.8715052e-06
55 60 20254601 0.00016083397 1586742.2 1.2599707e-05
60 65 23559241 0.00018707484 1964209.4 1.5597029e-05
65 70 27056757 0.00021484727 2401515.5 1.9069508e-05
70 75 30729825 0.00024401368 2850419.3 2.263408e-05
75 80 34580933 0.00027459384 3352704.1 2.6622529e-05
80 85 38586333 0.00030639918 3885695.5 3.0854808e-05
85 90 42743927 0.00033941303 4439120.5 3.5249342e-05
90 95 47056089 0.00037365424 5012002.6 3.9798378e-05
95 100 51500558 0.00040894605 5628483.9 4.4693618e-05
100 105 56062483 0.00044517053 6269878.3 4.9786684e-05
105 110 60740586 0.00048231755 6948173.9 5.5172767e-05
110 115 65521788 0.00052028323 7630016.6 6.0587017e-05
115 120 70401991 0.00055903504 8347557.4 6.6284731e-05
120 125 75364987 0.00059844427 9103096.3 7.2284174e-05
125 130 80408669 0.00063849421 9860647.9 7.8299599e-05
130 135 85526397 0.0006791321 10614584 8.4286312e-05
135 140 90711826 0.0007203076 11389279 9.0437867e-05
140 145 95956649 0.00076195471 12150500 9.6482433e-05
145 150 1.012558e+08 0.00080403323 12912788 0.00010253547
150 155 1.0661401e+08 0.00084658073 13670733 0.00010855401
155 160 1.1202229e+08 0.00088952576 14405164 0.00011438584
160 165 1.1747906e+08 0.00093285588 15117902 0.00012004542
165 170 1.2296976e+08 0.00097645544 15752516 0.00012508465
170 175 1.2849252e+08 0.0010203095 16414617 0.00013034214
175 180 1.3404203e+08 0.001064376 17047338 0.00013536633
180 185 1.3961285e+08 0.0011086117 17654253 0.00014018561
185 190 1.4518568e+08 0.0011528635 18222231 0.00014469571
190 195 1.5077629e+08 0.0011972563 18781343 0.0001491354
195 200 1.5636399e+08 0.0012416261 19336733 0.00015354553
