0 5 59920.286 4.7473305e-07 2764.4985 2.1902413e-08
5 10 410560.94 3.252769e-06 9388.8626 7.4385549e-08
10 15 1099644.8 8.7122038e-06 21559.538 1.7081069e-07
15 20 2123601.6 1.6824751e-05 38282.02 3.0329862e-07
20 25 3459699.3 2.741031e-05 86264.781 6.8345373e-07
25 30 5089860.7 4.032566e-05 176470.31 1.398129e-06
30 35 7000685.7 5.5464636e-05 293964.96 2.3290089e-06
35 40 9176586.2 7.2703739e-05 460819.19 3.6509522e-06
40 45 11605466 9.1947126e-05 674379.67 5.3429371e-06
45 50 14272095 0.00011307415 925328.3 7.3311388e-06
50 55 17164384 0.00013598901 1233803.3 9.7751073e-06
55 60 20274422 0.00016062904 1572777.2 1.2460711e-05
60 65 23588725 0.00018688742 1952732 1.5470994e-05
65 70 27088266 0.00021461339 2366458.9 1.8748847e-05
70 75 30768334 0.00024376961 2808500.9 2.2251032e-05
75 80 34629364 0.00027435956 3302238.2 2.6162786e-05
80 85 38648282 0.00030620042 3825122 3.0305461e-05
85 90 42824721 0.00033928927 4390561.3 3.4785291e-05
90 95 47136817 0.00037345291 4986456.4 3.9506415e-05
95 100 51580432 0.00040865853 5592390.6 4.4307076e-05
100 105 56144407 0.00044481774 6209366.1 4.9195215e-05
105 110 60836575 0.00048199257 6864836.3 5.4388337e-05
110 115 65629610 0.00051996656 7547400.6 5.9796118e-05
115 120 70518377 0.00055869901 8250266.7 6.5364746e-05
120 125 75505558 0.00059821117 8968160.7 7.1052437e-05
125 130 80557777 0.0006382386 9690602.4 7.6776157e-05
130 135 85700731 0.00067898491 10416126 8.2524291e-05
135 140 90896930 0.00072015305 11178405 8.8563633e-05
140 145 96169414 0.00076192559 11910037 9.4360165e-05
145 150 1.0150179e+08 0.00080417265 12633824 0.00010009455
150 155 1.0688463e+08 0.00084681954 13337866 0.00010567249
155 160 1.1231383e+08 0.00088983363 14039641 0.00011123247
160 165 1.1779909e+08 0.00093329195 14692383 0.00011640398
165 170 1.2332406e+08 0.00097706488 15333317 0.00012148194
170 175 1.2887784e+08 0.0010210661 15929545 0.0001262057
175 180 1.3446148e+08 0.0010653038 16508908 0.00013079585
180 185 1.4005806e+08 0.0011096441 17053660 0.00013511177
185 190 1.4565983e+08 0.0011540255 17552678 0.00013906536
190 195 1.5127046e+08 0.0011984771 18081534 0.00014325535
195 200 1.5691203e+08 0.0012431738 18557813 0.00014702879
