0 5 59843.554 4.7501785e-07 2542.3393 2.0180228e-08
5 10 409747.2 3.2524345e-06 8377.3432 6.6496512e-08
10 15 1100238.1 8.7333171e-06 18487.272 1.467457e-07
15 20 2122143.3 1.6844855e-05 38569.089 3.0614836e-07
20 25 3457292 2.7442813e-05 88591.204 7.0320697e-07
25 30 5086581.8 4.0375563e-05 177580.35 1.4095726e-06
30 35 6996066.1 5.5532402e-05 305311.46 2.4234589e-06
35 40 9174047.8 7.2820483e-05 463770.35 3.6812519e-06
40 45 11602665 9.209802e-05 670969.35 5.3259274e-06
45 50 14269175 0.00011326387 932217.44 7.3996262e-06
50 55 17157743 0.00013619235 1236485.7 9.8148049e-06
55 60 20262029 0.00016083312 1572409.6 1.2481255e-05
60 65 23565643 0.00018705609 1960263.3 1.5559906e-05
65 70 27061717 0.00021480674 2386328 1.8941864e-05
70 75 30736467 0.00024397566 2856817.5 2.2676449e-05
75 80 34589624 0.00027456072 3357620.9 2.6651657e-05
80 85 38599607 0.0003063906 3902454.1 3.0976359e-05
85 90 42758035 0.00033939879 4459956.5 3.5401624e-05
90 95 47059434 0.00037354184 5044136.7 4.0038648e-05
95 100 51495397 0.00040875302 5674153.6 4.5039509e-05
100 105 56058507 0.00044497343 6327782.5 5.0227793e-05
105 110 60733579 0.00048208258 7008724 5.5632876e-05
110 115 65508074 0.0005199809 7701216.7 6.1129649e-05
115 120 70382776 0.00055867463 8410631.2 6.6760741e-05
120 125 75344063 0.00059805564 9120559.9 7.2395915e-05
125 130 80389306 0.00063810307 9880614.1 7.8428967e-05
130 135 85513693 0.00067877873 10623553 8.4326161e-05
135 140 90699126 0.00071993893 11384349 9.0365103e-05
140 145 95948553 0.00076160711 12130464 9.628751e-05
145 150 1.0126226e+08 0.00080378553 12862883 0.00010210121
150 155 1.066235e+08 0.00084634118 13584247 0.00010782715
155 160 1.1203032e+08 0.00088925871 14277303 0.00011332839
160 165 1.1748676e+08 0.00093257008 14928396 0.00011849655
165 170 1.2299042e+08 0.0009762563 15563328 0.00012353642
170 175 1.2851471e+08 0.0010201062 16181625 0.00012844426
175 180 1.3405723e+08 0.0010641008 16757741 0.00013301727
180 185 1.396382e+08 0.0011084007 17304805 0.00013735968
185 190 1.4522249e+08 0.0011527269 17802414 0.00014130953
190 195 1.5080687e+08 0.0011970538 18330492 0.00014550124
195 200 1.5642019e+08 0.0012416104 18823468 0.00014941431
