2.5 11.658105 0.011831007
7.5 1.7177257 -0.063533465
12.5 0.41684248 -0.036932835
17.5 0.012805786 -0.050407344
22.5 -0.12742543 -0.053279828
27.5 -0.12411928 -0.051378319
32.5 -0.013151094 -0.03531148
37.5 0.029807679 -0.017325825
42.5 0.023590502 -0.0042431301
47.5 0.015821721 -0.00089218416
52.5 0.0093788121 -0.003862034
57.5 0.0065817364 -0.0031317326
62.5 0.0052200395 -0.00019295119
67.5 0.0036161333 -0.0035511463
72.5 0.0035294349 -0.0045554288
77.5 0.0029154513 -0.006552332
82.5 0.0005878924 -0.0042124719
87.5 0.00012318529 -0.0039522561
92.5 0.0010329385 -0.00067714852
97.5 0.0025373492 0.0017808643
102.5 0.0020126821 0.00026128956
107.5 0.0021637351 -0.0011857705
112.5 0.0005456526 -0.0031764725
117.5 -0.00076416438 -0.0018989528
122.5 -0.00029347982 -0.00032848702
127.5 -0.0005282835 -0.0023578998
132.5 0.00039495217 -0.0019783366
137.5 0.00063168957 -0.0030932137
142.5 0.00097687632 -0.0023739864
147.5 0.0014364011 -0.0018068754
152.5 0.00052801502 -0.002939899
157.5 -0.0002207019 -0.0024361188
162.5 8.3274955e-06 -0.0042596534
167.5 -0.00060979443 -0.0028952122
172.5 8.2086258e-06 -0.0016417841
177.5 0.00087587427 -0.0012035907
182.5 0.0011756461 -0.001251829
187.5 0.00045381581 -0.0016958891
192.5 -0.00029080277 -0.0018586468
197.5 -0.00059845335 -0.0017085285
