2.5 11.553287 0.043439891
7.5 1.6878887 -0.099720106
12.5 0.41202369 -0.052368194
17.5 0.010989398 -0.048628117
22.5 -0.1277379 -0.043428421
27.5 -0.12075974 -0.044930001
32.5 -0.0087974622 -0.035154615
37.5 0.033869569 -0.019011088
42.5 0.027343101 -0.0093336876
47.5 0.018328815 -0.0044439708
52.5 0.013038891 -0.0021598461
57.5 0.0080802771 -0.0036176034
62.5 0.006314621 -0.0028925737
67.5 0.0026075035 -0.0050667766
72.5 0.0025446776 -0.004377484
77.5 0.0024864723 -0.006103664
82.5 0.0012030953 -0.0050333374
87.5 0.0014069229 -0.0055663315
92.5 0.00010143531 -0.0052832018
97.5 0.00052810712 -0.0063258439
102.5 0.0015309892 -0.006090423
107.5 0.0012884177 -0.0060215987
112.5 0.00010695574 -0.0044490489
117.5 0.00064554272 -0.0046539641
122.5 -6.8916216e-05 -0.0050094351
127.5 -0.00047377984 -0.0036980403
132.5 6.7942402e-06 -0.0041746881
137.5 0.00025448989 -0.0018371043
142.5 -2.4076793e-05 -0.000265955
147.5 0.00096578338 -0.00054869542
152.5 0.00044788007 -0.00017205116
157.5 0.00024881314 -0.0012463421
162.5 0.00069804563 -0.0029385996
167.5 0.0002085279 -0.0032456603
172.5 -5.713077e-05 -0.0022242921
177.5 2.9233907e-05 -0.0017468831
182.5 0.00021840263 -0.0017015495
187.5 0.00048338261 -0.0022625506
192.5 -0.00013174807 -0.0034170828
197.5 -0.00029816032 -0.0035678104
