2.5 11.647545 -0.048464396
7.5 1.710207 -0.09241947
12.5 0.42073078 -0.050950652
17.5 0.010072922 -0.043030529
22.5 -0.12678828 -0.043415624
27.5 -0.12033627 -0.049385769
32.5 -0.0098587056 -0.030504016
37.5 0.031898308 -0.011784783
42.5 0.02555994 -0.0056173923
47.5 0.014085669 -0.0072759305
52.5 0.0065597716 -0.009297671
57.5 0.0060239022 -0.0077445317
62.5 0.0046185154 -0.0052297855
67.5 0.0020363261 -0.0030004079
72.5 0.0025682353 -0.0073228775
77.5 0.0010988162 -0.0067894522
82.5 0.0016196621 -0.0025219626
87.5 0.0012132542 -0.0015513648
92.5 0.00079338183 -0.0031373393
97.5 0.0019002747 -0.0044586561
102.5 0.0018975652 -0.0030395734
107.5 0.0012999757 -0.0018210666
112.5 0.00060952228 -0.0025258077
117.5 -8.3953303e-05 -0.0002561895
122.5 -0.00028263237 -0.0012748814
127.5 0.00044175881 -0.0010264445
132.5 -0.00043355192 -0.00040244986
137.5 -0.0012869264 -0.0013018537
142.5 -0.0010258319 -0.00087231489
147.5 -0.00069011976 -0.00054918332
152.5 0.0006008171 -0.00050658951
157.5 1.42492e-05 -0.00081015264
162.5 -0.00043837641 -0.0019987661
167.5 -0.00034038066 -0.0028909848
172.5 0.00063753538 -0.0014658646
177.5 0.00071667784 -0.001263849
182.5 0.00027722415 0.00011368253
187.5 -0.00061550008 -0.00093912472
192.5 -0.00035209462 -0.00034695782
197.5 0.00036762516 -0.0004198457
