2.5 11.570004 0.053005548
7.5 1.7073527 -0.092262588
12.5 0.41374971 -0.060615708
17.5 0.011473133 -0.038108569
22.5 -0.12788966 -0.045657705
27.5 -0.12369067 -0.044514822
32.5 -0.012671707 -0.030048463
37.5 0.029100357 -0.013225676
42.5 0.023524933 -0.0051880641
47.5 0.017016325 -0.003082861
52.5 0.013867427 -0.0043817301
57.5 0.0086773019 -0.0042510848
62.5 0.0055753445 -0.0069730208
67.5 0.0034467568 -0.0049585803
72.5 0.0019588912 -0.0047583945
77.5 0.00010661708 -0.00074021251
82.5 0.00062137412 -0.0018343548
87.5 0.0020158921 -0.007619008
92.5 0.00080139832 -0.0076186711
97.5 0.00045552708 -0.0076684855
102.5 0.00074754256 -0.0041907118
107.5 0.0012225598 -0.0029716075
112.5 -0.00027999434 -0.0032900456
117.5 -0.00086863541 -0.0043882521
122.5 -0.00064700885 -0.0033614555
127.5 -0.0003755216 -0.0030741166
132.5 -6.5070212e-05 -0.0037524219
137.5 9.854667e-05 -0.0017596212
142.5 4.277135e-05 -0.0029324928
147.5 -0.00033851978 -0.0014306034
152.5 0.00043835334 -0.0036539827
157.5 0.0010684533 -0.0012448118
162.5 0.00047535659 -0.0012033896
167.5 0.00013206038 -0.0019751277
172.5 -1.7681144e-05 -0.0019129949
177.5 0.00044609838 -0.0027592729
182.5 0.00093924264 -0.00065167643
187.5 0.0009534939 -0.00065276784
192.5 0.00057205602 2.2847974e-05
197.5 -0.00034314396 -0.0005160758
