2.5 11.54355 -0.019984668
7.5 1.6958081 -0.073792981
12.5 0.41351527 -0.044775768
17.5 0.015100246 -0.037554349
22.5 -0.1242597 -0.047928624
27.5 -0.12309775 -0.050346786
32.5 -0.0085963979 -0.035275621
37.5 0.033375798 -0.014117518
42.5 0.028379598 -0.00090922133
47.5 0.018878716 0.0028587609
52.5 0.011012434 -0.0041229004
57.5 0.0074716591 -0.0056926829
62.5 0.0052279647 -0.010788939
67.5 0.0043774077 -0.010583009
72.5 0.0040110776 -0.0079936675
77.5 0.0025853516 -0.0046522558
82.5 0.0012250876 -0.0037920968
87.5 0.0015040338 -0.0031880298
92.5 0.00099436773 -0.003837434
97.5 0.0014692179 -0.0042212522
102.5 0.0018092701 -0.0041401738
107.5 0.0019277386 -0.0055409813
112.5 0.00090331808 -0.0041732823
117.5 0.0011370331 -0.0047457897
122.5 0.00046022161 -0.0062131555
127.5 0.00036394422 -0.0056871522
132.5 0.000365759 -0.0045382327
137.5 -0.00029471096 -0.0051060178
142.5 0.000215638 -0.0041779213
147.5 0.00094266368 -0.0026417736
152.5 0.00098331119 -0.0020263952
157.5 0.0011933816 -0.0023749689
162.5 0.00020986687 -0.0030850037
167.5 -0.00061837619 -0.0032582188
172.5 -0.00111396 -0.0035375879
177.5 -0.00025551932 -0.0024422346
182.5 -6.3653959e-05 -0.0031817309
187.5 0.00040876041 -0.002317636
192.5 0.00017269001 -0.0011956106
197.5 -5.2025764e-05 -0.0020604798
