2.5 11.398627 0.032588817
7.5 1.6627802 -0.10343334
12.5 0.40034191 -0.06341402
17.5 0.0030855285 -0.04905583
22.5 -0.12737632 -0.044663645
27.5 -0.12057225 -0.038773054
32.5 -0.009725818 -0.020597003
37.5 0.033503277 -0.01021121
42.5 0.026898096 -0.0078254447
47.5 0.016983321 -0.0037047997
52.5 0.0079439026 -0.0073079803
57.5 0.0052041637 -0.0080676048
62.5 0.0041172642 -0.0081876424
67.5 0.0038832678 -0.0048787747
72.5 0.0014956942 -0.0076644025
77.5 0.00177843 -0.0070640271
82.5 0.0019663044 -0.0035358298
87.5 0.0017155749 -0.0017567667
92.5 0.0017140015 -0.0011973374
97.5 0.0013205948 -0.0040386957
102.5 0.00118475 -0.003051539
107.5 0.00068172124 -0.0040159389
112.5 0.00076316928 -0.0044388199
117.5 0.00028232246 -0.0014984769
122.5 -0.00047263718 -0.0015661901
127.5 -0.0010149356 -0.0014609043
132.5 -0.0001667213 -0.0034621997
137.5 0.00050809869 -0.0039411335
142.5 0.0010267812 -0.0035864686
147.5 0.0009754517 -0.0037098014
152.5 3.5315476e-05 -0.0033090133
157.5 -0.00016333634 -0.0046523154
162.5 0.00014944639 -0.0031658663
167.5 0.00016471684 -0.00043651722
172.5 0.00084353085 0.00029884875
177.5 0.00059420407 -0.00014871409
182.5 0.00044922179 -0.0010523616
187.5 -2.2606421e-06 -0.0019907731
192.5 -6.4622152e-05 -0.0023595978
197.5 0.00024234814 -0.0025417398
