2.5 11.462377 -0.044118164
7.5 1.6814908 -0.079915714
12.5 0.41076419 -0.065021876
17.5 0.0071364779 -0.044951914
22.5 -0.12697319 -0.047664877
27.5 -0.12154625 -0.045792279
32.5 -0.011658624 -0.035365214
37.5 0.028868515 -0.013948983
42.5 0.024156848 -0.00024914936
47.5 0.017880567 -0.0057369339
52.5 0.012604028 -0.006986443
57.5 0.0074080423 -0.010043944
62.5 0.0046472074 -0.0094427566
67.5 0.0030202553 -0.0060371022
72.5 0.0011291857 -0.0017252118
77.5 -6.7785651e-05 -0.0027929359
82.5 -0.00066263237 -0.004410206
87.5 -0.00013366365 -0.0030429635
92.5 -0.00067793179 -0.0046354081
97.5 0.00061673379 -0.0050844763
102.5 0.00030065469 -0.0024929258
107.5 0.00050470363 -0.0028957239
112.5 0.00025531514 -0.0019553855
117.5 -0.0011617701 -0.0031662399
122.5 -0.00051376394 -0.0049613758
127.5 -0.00080583903 -0.0031272453
132.5 0.00055593605 -0.0011576832
137.5 -0.00042961006 -0.0021532453
142.5 -0.00048438377 -0.00090476535
147.5 -3.9427054e-05 -0.0011597468
152.5 0.00028362727 -0.0022428351
157.5 -6.094758e-05 -0.0011821073
162.5 -0.00073625182 -0.00074910093
167.5 -0.00022857601 -5.956868e-05
172.5 -0.00085154728 -0.0016403947
177.5 -0.00031067159 -6.3832372e-05
182.5 -0.00010400088 -0.0015790314
187.5 0.00025346558 -0.001851805
192.5 0.00085913106 -0.0017864295
197.5 0.00036339042 -0.00087429723
