2.5 11.463679 0.069494548
7.5 1.6687499 -0.081194056
12.5 0.40551632 -0.04649371
17.5 0.0056791719 -0.045040031
22.5 -0.12933398 -0.047867034
27.5 -0.12218395 -0.040740039
32.5 -0.014426085 -0.024241085
37.5 0.032007384 -0.0094693946
42.5 0.027701627 0.00087242547
47.5 0.018587031 -0.0032795237
52.5 0.0093391349 -0.0081037927
57.5 0.0050155188 -0.0074325435
62.5 0.0050826139 -0.0072901856
67.5 0.0023961289 -0.0033747869
72.5 0.0027633364 -0.0045308183
77.5 0.0027038735 -0.0047022284
82.5 0.0014120041 -0.005294105
87.5 0.00083121202 -0.0056454774
92.5 0.0008862086 -0.0072377048
97.5 0.00021343297 -0.006705748
102.5 -0.00024327139 -0.0047616662
107.5 0.00065646363 -0.0039776697
112.5 0.00023726662 -0.0016577427
117.5 0.00031124521 -0.0018428604
122.5 -0.00020901265 -0.001225994
127.5 -0.00065084037 -0.0015222222
132.5 -0.00041889255 -0.0023489909
137.5 -0.00066655677 -0.0018174969
142.5 -0.0012460858 -0.0012490675
147.5 -0.00091240936 -0.0013658879
152.5 -0.0012175308 -0.0024536812
157.5 -0.00072882139 -0.0016219996
162.5 -0.00019226695 0.0010684569
167.5 0.00010416567 -0.00095942543
172.5 -0.00041547881 -0.0015805084
177.5 -0.00022571977 -0.0015548909
182.5 -0.00012620573 -0.0020244046
187.5 -0.00054011213 -0.0017076135
192.5 0.00028225122 -0.00054662283
197.5 0.00058251448 -0.00081568827
