2.5 11.466617 -0.014262571
7.5 1.6711185 -0.06501196
12.5 0.40771656 -0.058024744
17.5 0.0074677395 -0.042246082
22.5 -0.12706746 -0.04732463
27.5 -0.12214293 -0.048418792
32.5 -0.008045174 -0.036609515
37.5 0.03263255 -0.016136184
42.5 0.025311031 -0.0093032659
47.5 0.016642167 -0.0035299038
52.5 0.0092453879 -0.0034106044
57.5 0.005692107 -0.0027512934
62.5 0.0049804329 -0.0046047797
67.5 0.0038539385 -0.0059659388
72.5 0.0032062233 -0.0093309058
77.5 0.0021455686 -0.0075456589
82.5 0.00025270056 -0.0031872563
87.5 0.00021978682 -0.0052358729
92.5 0.0016357874 -0.0031400356
97.5 0.0020382503 -0.0022955474
102.5 0.00090846912 -0.00085301443
107.5 0.00036105727 -0.0014748336
112.5 0.00047713841 -0.00074014447
117.5 -0.0007941426 -0.0035994592
122.5 -0.00089446262 -0.0048298489
127.5 -0.0010471319 -0.0060585072
132.5 -0.0010432282 -0.0056252778
137.5 -0.00089780297 -0.0045783932
142.5 -0.00067747094 -0.0041359765
147.5 -0.00091843467 -0.0034465146
152.5 -0.00099379909 -0.0028046586
157.5 -0.00020397031 -0.0021335745
162.5 -0.00094994616 -0.0029330407
167.5 -0.00093161217 -0.0021878282
172.5 -0.00090580287 -0.0014244037
177.5 -0.00065217588 -0.002480155
182.5 0.00018164358 -0.0015362753
187.5 0.00069411129 0.00021709507
192.5 0.00059042161 0.00044304621
197.5 0.00029941885 0.00024034252
