2.5 11.379504 0.11886704
7.5 1.6760907 -0.07438599
12.5 0.40119595 -0.04829171
17.5 0.00086439959 -0.038987916
22.5 -0.12812364 -0.040406269
27.5 -0.12112334 -0.047418106
32.5 -0.010549936 -0.037913452
37.5 0.03599832 -0.021798672
42.5 0.03042523 -0.014286654
47.5 0.017932492 -0.0017638276
52.5 0.011679893 -0.0016567425
57.5 0.008184997 -0.0032794892
62.5 0.0059591223 -0.0073600252
67.5 0.0044928815 -0.0086173725
72.5 0.0020940081 -0.0094374094
77.5 0.0021229063 -0.0077126937
82.5 0.0020773597 -0.0054547279
87.5 0.0015952468 -0.0050778028
92.5 0.0030027789 -0.0062084575
97.5 0.0033502503 -0.0022784212
102.5 0.0023969126 -0.004912694
107.5 0.0020291502 -0.004281968
112.5 0.00026743676 -0.0078839955
117.5 0.00065901013 -0.0067780037
122.5 0.001126583 -0.0049850286
127.5 0.0010435053 -0.0049610144
132.5 0.00058540472 -0.0055340556
137.5 0.00082558932 -0.0041101946
142.5 4.8591735e-05 -0.0055989105
147.5 2.9991095e-05 -0.0069767834
152.5 0.00052760623 -0.0055144911
157.5 -0.00029135835 -0.0043936538
162.5 -0.00043328546 -0.005482272
167.5 -0.00035045697 -0.005450715
172.5 -0.0005059878 -0.0041072177
177.5 0.00024242114 -0.0044690692
182.5 -0.00020762276 -0.0039459262
187.5 -0.00056488299 -0.0028580839
192.5 -7.0998956e-05 -0.0011760107
197.5 -6.8229548e-05 -0.0005375593
