2.5 11.450504 -0.14020264
7.5 1.6877 -0.095861727
12.5 0.41398125 -0.067040138
17.5 0.010601638 -0.044736476
22.5 -0.12738867 -0.045576645
27.5 -0.12337155 -0.048741428
32.5 -0.016021164 -0.031569008
37.5 0.031331365 -0.017835388
42.5 0.025897516 -0.0098204087
47.5 0.017516938 -0.00836413
52.5 0.011555264 -0.0052204627
57.5 0.0070961589 -0.0022474629
62.5 0.0038027916 -0.0042601917
67.5 0.0030114046 -0.0057534954
72.5 0.0013960645 -0.0021426708
77.5 -0.00024220038 -0.0018718587
82.5 0.00091367505 -0.0048146288
87.5 0.0015773707 -0.0035796084
92.5 0.0017913229 -0.0035775145
97.5 0.001175954 -0.0026392205
102.5 0.00070944048 -0.0012622651
107.5 0.00085371987 -0.0005842887
112.5 0.0010086148 -0.0026796005
117.5 -0.0001447057 -0.0013079596
122.5 -0.00020541226 -0.0013370361
127.5 -0.00024224648 -0.0023729524
132.5 5.3018861e-05 -0.0015855088
137.5 0.00045140039 -0.0007125508
142.5 -0.00010583684 -0.0014332848
147.5 0.00057991126 2.4317587e-05
152.5 -0.00011253401 0.00075284302
157.5 -0.00048433022 5.0026778e-05
162.5 -0.00011525597 -5.7043641e-06
167.5 0.00035023826 -0.00052037858
172.5 0.00061810179 -0.0018174202
177.5 0.00077549993 -0.0012658292
182.5 0.00090337149 -0.00066031903
187.5 0.00025088508 -8.1907694e-06
192.5 0.00021178711 -0.0008593526
197.5 0.00019487382 -0.00033078648
