2.5 11.5502 -0.11249281
7.5 1.6958275 -0.10566763
12.5 0.40515351 -0.051695714
17.5 0.0058159957 -0.036034591
22.5 -0.12862983 -0.038110965
27.5 -0.12276944 -0.042347502
32.5 -0.012405402 -0.0349761
37.5 0.029727481 -0.010401199
42.5 0.025633627 -0.0068997701
47.5 0.016553375 -0.0065313674
52.5 0.0098396486 -0.0028660487
57.5 0.0075262546 -0.00400935
62.5 0.0041663272 -0.0030319804
67.5 0.0026297849 -0.0037295452
72.5 0.0014160771 -0.0036778354
77.5 0.0023096122 -0.0035136021
82.5 0.0022544099 -0.0044816574
87.5 0.00224925 -0.0041715228
92.5 0.0016068366 -0.0014758223
97.5 0.0011974322 -0.0015308338
102.5 0.0012696782 -0.0024490907
107.5 0.0009750899 -0.0009038902
112.5 0.00042120024 -0.0040183454
117.5 0.00075840501 -0.0040493352
122.5 0.0013464092 -0.0057758685
127.5 0.0011160462 -0.0025716473
132.5 0.0010467153 -0.0011760168
137.5 0.00057444742 -0.00026335775
142.5 0.00012862357 0.00054681877
147.5 0.00077491823 0.0005210851
152.5 0.00040400071 -0.00088764657
157.5 0.00059288863 -0.0001641348
162.5 0.00032167923 -0.00066031658
167.5 0.00055249658 -0.00017880114
172.5 0.00090730212 -0.00046587473
177.5 -4.0323638e-06 -0.0021051598
182.5 0.00033469572 -0.0017514397
187.5 0.00035843648 -0.0012363416
192.5 7.0188381e-05 -0.0017464163
197.5 3.2100326e-06 0.00061023797
