2.5 11.593124 0.070688616
7.5 1.7022691 -0.048476077
12.5 0.41403051 -0.057171221
17.5 0.0076461131 -0.05203477
22.5 -0.12658623 -0.05131444
27.5 -0.1207019 -0.04516385
32.5 -0.010327275 -0.02619854
37.5 0.034610118 -0.0088347947
42.5 0.027244673 -0.0018624239
47.5 0.017817093 -0.0039571445
52.5 0.010419767 -0.0058324032
57.5 0.0045545953 -0.0071659558
62.5 0.0042168898 -0.0038856441
67.5 0.0036337063 -0.0078591083
72.5 0.0015030437 -0.007001255
77.5 0.0019525734 -0.0098306588
82.5 0.00016014187 -0.0074329048
87.5 -0.00041088398 -0.0077968712
92.5 0.00018580836 -0.007161203
97.5 -0.00055324675 -0.0052547053
102.5 -0.00039802332 -0.0042414278
107.5 0.00044427682 -0.0038174622
112.5 0.0011652732 -0.0048109698
117.5 2.2267806e-05 -0.005406566
122.5 -0.00044704198 -0.0065015202
127.5 0.00040255363 -0.0049098245
132.5 0.00040833326 -0.00026043847
137.5 0.00040146186 -0.0011067083
142.5 0.00061282554 -0.0012093309
147.5 -0.00056357641 -0.00045241327
152.5 -0.00040938038 -0.0026696187
157.5 -0.00074046857 -0.0026022909
162.5 -0.00079424377 -0.0016425228
167.5 -0.00011183413 -0.00079110884
172.5 -0.00068762971 -0.0016924593
177.5 0.00013693673 -0.00046238648
182.5 0.00042871279 -3.2216679e-06
187.5 0.00062566776 -0.000376483
192.5 0.00038907621 -0.001608002
197.5 0.00012353203 -0.0024454396
