2.5 11.48212 0.0063368309
7.5 1.6843457 -0.08885941
12.5 0.40647607 -0.059304645
17.5 0.009518762 -0.042037895
22.5 -0.12759216 -0.04876651
27.5 -0.12375506 -0.051301415
32.5 -0.01094463 -0.032903537
37.5 0.035389638 -0.017236598
42.5 0.027911739 -0.0073228255
47.5 0.015251082 -0.0054235249
52.5 0.0086061517 -0.0077109864
57.5 0.0054388577 -0.0057793414
62.5 0.0040230937 -0.0067833692
67.5 0.0045169948 -0.004961334
72.5 0.0024324423 -0.0040425153
77.5 0.0020996498 -0.0037369286
82.5 0.001218782 0.0014592259
87.5 0.0017925823 -0.00020154736
92.5 0.0028399625 -0.0033143769
97.5 0.0025321468 -0.0052598903
102.5 0.0019798095 -0.0064697979
107.5 0.0017224492 -0.0033635686
112.5 0.0014053814 -0.0034018835
117.5 0.0010541151 -0.0018116802
122.5 0.00058358237 -0.0022375502
127.5 0.00044658674 -0.0036165453
132.5 0.00063575788 -0.0048830641
137.5 0.00047167842 -0.0058425693
142.5 0.00049039057 -0.0047515209
147.5 -0.0010253952 -0.0038557824
152.5 -8.724408e-05 -0.0022844231
157.5 -0.00010059364 -0.0035778971
162.5 0.00033703927 -0.0037777265
167.5 -0.00037441658 -0.0027217288
172.5 0.00016993839 -0.0014940802
177.5 -0.00083931391 -0.0014591441
182.5 -0.00064749822 -0.0024995933
187.5 -0.00048197942 -0.0023046067
192.5 9.0454111e-05 -0.0027883148
197.5 -0.00010566296 -0.001327013
