2.5 11.45733 0.19153429
7.5 1.6778632 -0.08225056
12.5 0.40254824 -0.045905051
17.5 0.0079041534 -0.035269469
22.5 -0.12768867 -0.040666574
27.5 -0.11860007 -0.048046359
32.5 -0.0096722805 -0.03004101
37.5 0.031122861 -0.0098545374
42.5 0.024499671 -0.0062428877
47.5 0.01343771 -0.0087256337
52.5 0.0071159755 -0.010526293
57.5 0.0061482388 -0.009480962
62.5 0.0028092916 -0.0084135717
67.5 0.0004745576 -0.0033146359
72.5 0.00050308337 -0.0021280846
77.5 0.00080777177 -0.0023470463
82.5 0.00069550018 0.00032115521
87.5 -0.00011325855 0.00020892539
92.5 -0.00081237053 -0.0028806726
97.5 0.00076352776 -0.0038774754
102.5 0.0020874905 -0.0073344098
107.5 0.0018396556 -0.0074913032
112.5 0.00023649542 -0.0083032506
117.5 -0.0016928017 -0.0049734475
122.5 -0.0012973854 -0.0018368395
127.5 -0.000281914 -0.0028823976
132.5 -0.0013810012 -0.0014903609
137.5 -0.00038012599 -0.0019412961
142.5 0.00044319278 -0.0031749187
147.5 -6.6910945e-05 -0.0027399228
152.5 0.00021219298 -0.002081677
157.5 0.00034511957 -0.001468608
162.5 0.00024975099 -0.00043829416
167.5 0.0001682954 -0.00032064795
172.5 -2.7586647e-05 0.00031517948
177.5 -0.00014346653 -0.00072750724
182.5 -0.00037788081 -0.00072501276
187.5 -0.0007741458 -0.0018645289
192.5 -0.00018033403 -0.0014886088
197.5 0.00012977264 -0.00088266223
