2.5 11.402522 -0.20372028
7.5 1.6754762 -0.11956452
12.5 0.40522708 -0.065110816
17.5 0.012648297 -0.060073434
22.5 -0.12592822 -0.060726732
27.5 -0.1223421 -0.059732906
32.5 -0.010206223 -0.031466842
37.5 0.032770335 -0.016780661
42.5 0.027036152 -0.012343573
47.5 0.018048051 -0.0080029141
52.5 0.01076263 -0.0067784732
57.5 0.0064218431 -0.0082008393
62.5 0.004118913 -0.0055253005
67.5 0.0039142737 -0.0062640856
72.5 0.0010490941 -0.0060025965
77.5 0.0013068301 -0.0040239057
82.5 0.001219308 -0.0064656769
87.5 0.00090361246 -0.0060711235
92.5 0.00063765507 -0.001248846
97.5 2.963281e-05 -0.0038153145
102.5 0.00039195197 -0.0042107695
107.5 0.00093459697 -0.0015055496
112.5 0.00072327523 -0.00025484863
117.5 0.00054432513 -1.2673402e-05
122.5 -0.00015070981 -0.0015280132
127.5 -0.00026736424 -8.9603551e-05
132.5 -0.001085156 -0.0018491542
137.5 -0.0014209258 -0.0023206107
142.5 -0.0016859115 -0.0041452272
147.5 1.0030922e-05 -0.0042670906
152.5 -0.0011492009 -0.0027768028
157.5 -0.0013082675 -0.001794364
162.5 -0.00063624009 -0.002175719
167.5 -0.00037367129 -0.00011006641
172.5 -2.5815e-05 -5.7611574e-05
177.5 0.00092597903 0.0012668808
182.5 0.00075413654 0.00033264058
187.5 0.00031726385 -0.00054589828
192.5 -0.00025460965 -0.0023983068
197.5 -0.00040061502 -0.0028092839
