2.5 11.520095 0.079467431
7.5 1.6991596 -0.11953923
12.5 0.41355907 -0.076340813
17.5 0.010492785 -0.064327365
22.5 -0.12860284 -0.061198003
27.5 -0.12168714 -0.049624438
32.5 -0.010715341 -0.024491743
37.5 0.032488186 -0.0049484815
42.5 0.025825268 -0.0041124453
47.5 0.015100937 -0.005505262
52.5 0.01016445 -0.0040973967
57.5 0.007446767 -0.0042230448
62.5 0.005488433 -0.0050179477
67.5 0.0052775421 -0.0056899293
72.5 0.0030664351 -0.0023746901
77.5 0.001462386 -0.003269471
82.5 0.00087527566 -0.0028175655
87.5 0.0002133329 -0.0041675568
92.5 0.0011009734 -0.0011488725
97.5 0.001557013 -0.0029346071
102.5 0.0019442468 -0.0035304676
107.5 0.00077286944 -0.00069931016
112.5 0.0002468962 2.0201512e-05
117.5 -0.00062566099 -0.001692425
122.5 -0.00083468981 -0.0045947838
127.5 -0.00088570154 -0.0051148238
132.5 -0.00011167691 -0.0018451736
137.5 -0.00050868851 -0.0016884777
142.5 -0.00044299776 -0.0018395582
147.5 0.00017181536 -0.0029201659
152.5 0.0011365989 -0.0016417531
157.5 0.00048271123 -0.0031319298
162.5 0.0003289933 -0.0029846614
167.5 -0.00025731982 -0.0035170165
172.5 -0.00012729053 -5.7382822e-05
177.5 0.00026947212 0.00054168733
182.5 0.00049560577 -0.0010718647
187.5 0.00037313008 -0.00069289062
192.5 -0.00013930598 -0.0011275718
197.5 -0.00010544304 -0.00079365045
