2.5 11.419817 0.20656296
7.5 1.6944062 -0.061442219
12.5 0.40179853 -0.045104287
17.5 0.005232002 -0.040456909
22.5 -0.12663057 -0.043801876
27.5 -0.12289482 -0.050125144
32.5 -0.0075443578 -0.036797805
37.5 0.039912806 -0.011815486
42.5 0.031539935 -0.0041187368
47.5 0.018365778 -0.0049995175
52.5 0.0094329818 -0.0058982764
57.5 0.0059708167 -0.015461556
62.5 0.00491462 -0.011311012
67.5 0.0031371592 -0.010991068
72.5 0.0014570157 -0.0062673372
77.5 0.0018555675 -0.0034800123
82.5 0.002084592 -0.0024432173
87.5 0.0022334314 -0.0029801306
92.5 0.0025111363 -0.00091591911
97.5 0.0014112834 -0.0016437637
102.5 0.00019349501 -0.004016011
107.5 0.001105384 -0.0055549737
112.5 0.0011470909 -0.007074087
117.5 0.00042575765 -0.0068913882
122.5 0.00091981738 -0.0029024791
127.5 0.00046058586 -0.0017730473
132.5 -0.00045718877 -0.001191034
137.5 -0.00042050392 -0.0025311118
142.5 -0.00070555308 -0.0037181809
147.5 0.00014548409 -0.0053246075
152.5 -0.00021828601 -0.0034963544
157.5 -0.00024148073 -3.6644109e-05
162.5 0.00010671874 0.0013708803
167.5 -3.1852209e-06 0.00071302677
172.5 4.7004327e-06 -0.00026054861
177.5 -0.00014117226 -0.0013631788
182.5 0.00025405166 -0.00034479971
187.5 0.00056256371 -0.0014415065
192.5 -0.00030182048 -0.00090502495
197.5 0.00048103829 0.00069042553
