2.5 11.440529 0.3400762
7.5 1.6923336 -0.03084446
12.5 0.410901 -0.033307546
17.5 0.0097578038 -0.016235166
22.5 -0.12963169 -0.028009862
27.5 -0.1279645 -0.039440567
32.5 -0.015172811 -0.032895912
37.5 0.02898743 -0.014233036
42.5 0.024839251 -0.0030607489
47.5 0.017042612 -0.0042515379
52.5 0.011488054 -0.0043576119
57.5 0.0087098263 -0.0036308887
62.5 0.0069157836 -0.0045394671
67.5 0.0037793512 -0.0021063195
72.5 0.0019703521 -0.0029097206
77.5 0.0024668647 -0.00051748787
82.5 0.0011036569 -0.0045267331
87.5 0.00054596895 -0.0059726284
92.5 0.00020731217 -0.004615656
97.5 0.0012424706 -0.0036532528
102.5 0.0015849296 -0.0028779557
107.5 0.0012809162 -0.00065923187
112.5 0.002081934 -0.00089401697
117.5 0.0010550067 -0.00061299852
122.5 -2.9253823e-05 -0.0011964596
127.5 0.00034422559 -0.0026739319
132.5 -0.00063005562 -0.0013124775
137.5 0.00044508999 -0.0007424674
142.5 -0.00051517488 -0.0010609993
147.5 -0.0009868685 -9.3550797e-05
152.5 -0.0013488386 -0.00093703854
157.5 -0.00038872012 -0.0012623539
162.5 0.00016907884 -0.0010933271
167.5 0.00048583262 -0.00053706477
172.5 0.00097779664 -0.00015140142
177.5 0.00052566678 0.00030323632
182.5 -3.1013093e-05 -0.00067696728
187.5 -8.9187116e-05 -0.0013738138
192.5 0.00032117731 -0.0011817661
197.5 0.00073819298 -3.9589179e-05
