0 5 755217.98 5.9945969e-06 5658.7624 4.4916832e-08
5 10 1101550 8.7436321e-06 -19144.281 -1.519591e-07
10 15 1544974 1.2263342e-05 -45982.202 -3.6498702e-07
15 20 2124988 1.6867245e-05 -60361.336 -4.7912243e-07
20 25 2984928 2.369308e-05 -59765.753 -4.7439495e-07
25 30 4418400 3.5071367e-05 -41550.988 -3.2981395e-07
30 35 6828723.9 5.4203486e-05 73943.116 5.8692879e-07
35 40 9378042 7.4438881e-05 330092.77 2.620135e-06
40 45 11790092 9.3584702e-05 586994.59 4.6593116e-06
45 50 14369548 0.00011405932 907691.53 7.2048666e-06
50 55 17198694 0.00013651587 1178368.9 9.353388e-06
55 60 20255980 0.00016078329 1428653.2 1.1340037e-05
60 65 23478278 0.00018636051 1869040.3 1.4835641e-05
65 70 26923108 0.0002137041 2267999.9 1.8002412e-05
70 75 30572242 0.00024266936 2747682.8 2.1809929e-05
75 80 34414278 0.0002731658 3187392.5 2.5300156e-05
80 85 38346924 0.00030438146 3746278.6 2.9736355e-05
85 90 42521996 0.00033752139 4321371.8 3.4301198e-05
90 95 46817656 0.0003716185 5026196.9 3.9895798e-05
95 100 51190076 0.0004063249 5491920.2 4.359251e-05
100 105 55782358 0.00044277647 6080126.4 4.8261439e-05
105 110 60489671 0.0004801411 6666488.3 5.2915729e-05
110 115 65239707 0.00051784485 7342730.7 5.8283452e-05
115 120 70067166 0.00055616315 8145034.7 6.4651797e-05
120 125 75011521 0.00059540933 8873981.9 7.0437868e-05
125 130 80096317 0.00063577026 9785384.1 7.7672188e-05
130 135 85210412 0.00067636376 10629160 8.4369717e-05
135 140 90413133 0.00071766073 11486633 9.1175975e-05
140 145 95570304 0.00075859614 12320817 9.7797371e-05
145 150 1.0086001e+08 0.00080058359 12896368 0.00010236584
150 155 1.0618046e+08 0.00084281501 13565366 0.00010767606
155 160 1.1167017e+08 0.00088638998 14526703 0.00011530674
160 165 1.1723978e+08 0.00093059916 15365122 0.00012196176
165 170 1.2269644e+08 0.0009739118 16104539 0.00012783094
170 175 1.2822033e+08 0.001017758 16558324 0.00013143289
175 180 1.3377566e+08 0.0010618539 17202463 0.00013654578
180 185 1.3928398e+08 0.0011055766 17874622 0.00014188109
185 190 1.4486379e+08 0.0011498668 18479327 0.00014668098
190 195 1.5051273e+08 0.0011947056 19291605 0.0001531285
195 200 1.5611638e+08 0.0012391849 19963889 0.0001584648
