0 5 755922 6.0158356e-06 5880.3245 4.6797243e-08
5 10 1105642 8.7990037e-06 -32692.011 -2.6017203e-07
10 15 1545794 1.2301855e-05 -65440.377 -5.2079255e-07
15 20 2124516 1.6907484e-05 -38372.496 -3.053789e-07
20 25 2990996 2.3803171e-05 -25013.316 -1.9906287e-07
25 30 4422266 3.5193612e-05 -22472.534 -1.7884262e-07
30 35 6891449.9 5.4844057e-05 118606.23 9.4390106e-07
35 40 9428852 7.5037403e-05 357571.64 2.8456537e-06
40 45 11864412 9.4420259e-05 597527.59 4.7552892e-06
45 50 14443526 0.00011494556 878763.31 6.9934406e-06
50 55 17232208 0.00013713866 1137913.5 9.0558295e-06
55 60 20276734 0.00016136784 1468928.1 1.1690135e-05
60 65 23529140 0.00018725138 1832803.7 1.4585957e-05
65 70 27001792 0.0002148877 2334908 1.8581841e-05
70 75 30642758 0.00024386351 2769448.2 2.2040032e-05
75 80 34438846 0.00027407383 3254993.5 2.5904135e-05
80 85 38399680 0.00030559524 3912542.4 3.1137091e-05
85 90 42550042 0.00033862496 4272535.6 3.4002016e-05
90 95 46839856 0.00037276448 4835799.8 3.8484627e-05
95 100 51251562 0.00040787406 5430751.9 4.321942e-05
100 105 55765644 0.00044379836 6103320.7 4.8571908e-05
105 110 60401453 0.00048069141 6915674.7 5.5036845e-05
110 115 65156458 0.00051853305 7779029.7 6.1907662e-05
115 120 70030405 0.00055732126 8287717.3 6.5955939e-05
120 125 74979616 0.00059670845 9083733 7.2290851e-05
125 130 79894308 0.00063582092 9712324.9 7.7293358e-05
130 135 85003919 0.00067648461 10537877 8.3863328e-05
135 140 90150183 0.00071744 11172267 8.8911979e-05
140 145 95361105 0.00075890995 11970064 9.5261072e-05
145 150 1.0073058e+08 0.00080164176 12603561 0.00010030261
150 155 1.0606787e+08 0.00084411738 13313660 0.00010595377
155 160 1.1137208e+08 0.0008863297 13966700 0.00011115085
160 165 1.1675491e+08 0.00092916777 15026477 0.00011958485
165 170 1.222532e+08 0.00097292463 15734578 0.00012522011
170 175 1.2776705e+08 0.0010168054 16394204 0.0001304696
175 180 1.333222e+08 0.0010610148 16703838 0.00013293375
180 185 1.3880079e+08 0.0011046149 17248970 0.00013727206
185 190 1.4439727e+08 0.0011491533 17774292 0.00014145272
190 195 1.4994825e+08 0.0011933295 18151306 0.0001444531
195 200 1.5547345e+08 0.0012373006 18868524 0.00015016091
