0 5 754573.99 5.9559115e-06 -6166.499 -4.8672659e-08
5 10 1105754 8.7278028e-06 -34466.029 -2.7204307e-07
10 15 1548518 1.2222574e-05 -50962.368 -4.0224996e-07
15 20 2138990 1.6883216e-05 -84269.004 -6.6514184e-07
20 25 2999582 2.3675935e-05 -73982.293 -5.8394803e-07
25 30 4447778 3.510666e-05 -29324.437 -2.3146008e-07
30 35 6879860 5.4303273e-05 112304.32 8.864268e-07
35 40 9416421.9 7.4324555e-05 325044 2.5655978e-06
40 45 11886338 9.3819795e-05 614992.8 4.8541863e-06
45 50 14507664 0.00011451013 905738.01 7.149061e-06
50 55 17316416 0.00013667983 1203181.7 9.4968073e-06
55 60 20369970 0.00016078177 1597371.7 1.260818e-05
60 65 23612328 0.00018637395 1874388.1 1.4794692e-05
65 70 27087514 0.00021380387 2238811.1 1.7671112e-05
70 75 30733078 0.00024257859 2723668.5 2.1498129e-05
75 80 34585360 0.00027298495 3237443.3 2.5553393e-05
80 85 38615454 0.0003047948 3719134.1 2.9355416e-05
85 90 42775036 0.00033762671 4297096.5 3.3917319e-05
90 95 47057242 0.00037142649 4962421.8 3.9168784e-05
95 100 51519406 0.0004066467 5553143.6 4.3831397e-05
100 105 56125902 0.00044300614 6227767.9 4.9156259e-05
105 110 60844488 0.00048025031 6740106.4 5.3200188e-05
110 115 65639619 0.00051809865 7468716 5.895116e-05
115 120 70568534 0.00055700296 8415885.2 6.642724e-05
120 125 75538430 0.00059623073 9208370.2 7.2682386e-05
125 130 80577050 0.00063600096 10022937 7.911183e-05
130 135 85742892 0.00067677536 10794429 8.5201276e-05
135 140 90939459 0.00071779227 11422934 9.0162111e-05
140 145 96265815 0.00075983361 12040360 9.5035506e-05
145 150 1.0155596e+08 0.00080158913 12538223 9.8965175e-05
150 155 1.0701835e+08 0.00084470423 13364277 0.00010548528
155 160 1.124804e+08 0.00088781656 14223058 0.00011226371
160 165 1.1803644e+08 0.00093167085 15047095 0.0001187679
165 170 1.2360974e+08 0.00097566132 15672031 0.00012370056
170 175 1.2917515e+08 0.0010195895 16493352 0.00013018332
175 180 1.3472578e+08 0.0010634011 16931842 0.00013364436
180 185 1.4035536e+08 0.0011078359 17674109 0.00013950313
185 190 1.4603821e+08 0.001152691 18034347 0.00014234651
190 195 1.5171102e+08 0.0011974669 18663194 0.00014731005
195 200 1.5745088e+08 0.0012427721 19068466 0.00015050889
