0 5 777328.01 6.0463089e-06 2003.89 1.5586905e-08
5 10 1129870 8.7884946e-06 -14178.007 -1.1028113e-07
10 15 1578754 1.228006e-05 -41449.203 -3.2240531e-07
15 20 2169548 1.6875447e-05 -47329.681 -3.6814558e-07
20 25 3053260 2.3749245e-05 -68833.156 -5.3540656e-07
25 30 4523108 3.5182198e-05 -78977.784 -6.1431476e-07
30 35 7054203.9 5.4869881e-05 111348.3 8.6610314e-07
35 40 9664533.8 7.5173872e-05 396997.2 3.0879727e-06
40 45 12167730 9.4644543e-05 695239.45 5.4077975e-06
45 50 14802590 0.00011513934 1004765.5 7.815391e-06
50 55 17651126 0.00013729617 1312552 1.0209454e-05
55 60 20753854 0.00016143019 1628232.8 1.2664922e-05
60 65 24084638 0.00018733811 1995372.6 1.5520654e-05
65 70 27657642 0.00021513009 2406455.6 1.8718191e-05
70 75 31436774 0.0002445254 2881402.8 2.2412483e-05
75 80 35428186 0.0002755719 3306360.3 2.5717941e-05
80 85 39556902 0.00030768639 3777176.9 2.9380105e-05
85 90 43751880 0.00034031628 4283371.5 3.331745e-05
90 95 48178760 0.00037474999 5006655.1 3.8943384e-05
95 100 52716224 0.00041004385 5732246.4 4.4587268e-05
100 105 57426148 0.00044667917 6458233.9 5.0234233e-05
105 110 62267997 0.00048434063 7043544.9 5.4786972e-05
110 115 67123819 0.00052211079 7651373.2 5.9514857e-05
115 120 72094546 0.00056077471 8201584.7 6.3794581e-05
120 125 77141611 0.00060003242 8928634.5 6.9449809e-05
125 130 82303453 0.0006401829 9814708.5 7.634198e-05
130 135 87562110 0.00068108643 10472690 8.1459969e-05
135 140 92860350 0.00072229786 11279543 8.7735939e-05
140 145 98302690 0.00076463014 12044101 9.3682914e-05
145 150 1.0377408e+08 0.00080718841 12756240 9.9222161e-05
150 155 1.0928416e+08 0.00085004756 13465993 0.00010474285
155 160 1.1477477e+08 0.00089275529 14117809 0.00010981289
160 165 1.2041446e+08 0.00093662268 14899246 0.00011589116
165 170 1.2605112e+08 0.00098046641 15589415 0.00012125952
170 175 1.3163338e+08 0.001023887 16158744 0.00012568794
175 180 1.3735637e+08 0.0010684023 16961535 0.00013193231
180 185 1.4310294e+08 0.001113101 17585617 0.00013678662
185 190 1.487991e+08 0.0011574075 18227830 0.00014178197
190 195 1.5453015e+08 0.0012019855 18871323 0.00014678726
195 200 1.6031164e+08 0.0012469559 19297711 0.00015010384
