0 5 758122 6.0171392e-06 7943.7224 6.3048537e-08
5 10 1106752 8.7841811e-06 -6711.728 -5.327032e-08
10 15 1550184 1.2303657e-05 -44449.468 -3.5279102e-07
15 20 2130944 1.6913091e-05 -50125.392 -3.9784026e-07
20 25 3007598 2.3871007e-05 -54183.675 -4.3005046e-07
25 30 4434992 3.5200092e-05 -46117.11 -3.6602693e-07
30 35 6899305.9 5.4759107e-05 113451.15 9.0045052e-07
35 40 9480872.1 7.5248742e-05 355981.51 2.82539e-06
40 45 11927476 9.4667197e-05 635589.9 5.0446141e-06
45 50 14527436 0.00011530282 874913.68 6.9441032e-06
50 55 17348476 0.00013769313 1133193.3 8.9940427e-06
55 60 20427168 0.00016212841 1464845.4 1.1626333e-05
60 65 23692842 0.00018804774 1827168.6 1.4502056e-05
65 70 27142682 0.00021542878 2298442.2 1.8242508e-05
70 75 30814836 0.0002445743 2698395.6 2.1416899e-05
75 80 34663850 0.00027512354 3247626.4 2.5776089e-05
80 85 38742042 0.00030749175 3681917.9 2.9223017e-05
85 90 42876976 0.00034031031 4200513.9 3.3339063e-05
90 95 47223886 0.0003748113 4816248.2 3.8226085e-05
95 100 51634084 0.00040981461 5659936.2 4.4922353e-05
100 105 56208122 0.00044611829 6175856.7 4.9017163e-05
105 110 60860293 0.00048304211 6813789.7 5.4080373e-05
110 115 65662240 0.00052115469 7537928.9 5.9827795e-05
115 120 70592591 0.0005602864 8159527.7 6.4761362e-05
120 125 75541217 0.00059956315 8920953.5 7.0804724e-05
125 130 80597333 0.00063969305 9776117.7 7.7592077e-05
130 135 85642726 0.00067973783 10619424 8.4285313e-05
135 140 90914817 0.00072158189 11267854 8.9431842e-05
140 145 96248148 0.00076391201 11944397 9.4801499e-05
145 150 1.0155789e+08 0.00080605492 12903988 0.00010241768
150 155 1.0698414e+08 0.00084912252 13549321 0.00010753962
155 160 1.1243188e+08 0.00089236072 14567718 0.00011562254
160 165 1.1781547e+08 0.00093508973 15131790 0.00012009952
165 170 1.2339445e+08 0.00097936948 16054329 0.00012742162
170 175 1.2896984e+08 0.0010236209 16532681 0.00013121825
175 180 1.3445225e+08 0.0010671342 17049469 0.00013531995
180 185 1.4009644e+08 0.0011119315 17767638 0.00014101999
185 190 1.4568634e+08 0.001156298 18593814 0.00014757726
190 195 1.512561e+08 0.0012005047 19159082 0.00015206373
195 200 1.5691436e+08 0.0012454137 19610957 0.00015565022
