0 5 746946.01 5.9795043e-06 10315.028 8.2574585e-08
5 10 1098474 8.7935808e-06 -25695.19 -2.0569693e-07
10 15 1538070 1.2312665e-05 -36664.193 -2.9350676e-07
15 20 2110562 1.6895618e-05 -42089.122 -3.3693478e-07
20 25 2967564 2.3756151e-05 -53651.317 -4.2949327e-07
25 30 4409560 3.5299718e-05 -59419.234 -4.75667e-07
30 35 6826354.1 5.4646807e-05 119670.77 9.5799682e-07
35 40 9355322.1 7.4891878e-05 371653.17 2.9751839e-06
40 45 11797416 9.4441499e-05 662257.96 5.3015536e-06
45 50 14366240 0.00011500563 890442.42 7.1282318e-06
50 55 17114420 0.00013700555 1224546.9 9.802828e-06
55 60 20125222 0.00016110783 1558671.6 1.2477587e-05
60 65 23364706 0.00018704078 1893747.4 1.5159959e-05
65 70 26810056 0.00021462173 2305033.5 1.8452415e-05
70 75 30415510 0.00024348436 2786537.4 2.2306984e-05
75 80 34203460 0.00027380793 3233045 2.5881397e-05
80 85 38098096 0.00030498554 3783951.7 3.0291554e-05
85 90 42242888 0.00033816572 4282641.5 3.42837e-05
90 95 46508636 0.00037231418 4844042.3 3.8777866e-05
95 100 50950194 0.00040787005 5534185.3 4.4302646e-05
100 105 55497690 0.00044427398 6149703 4.9230032e-05
105 110 60074283 0.00048091085 6650515.3 5.3239169e-05
110 115 64821751 0.0005189156 7379581.3 5.9075539e-05
115 120 69624519 0.00055736306 8047498.8 6.4422399e-05
120 125 74494795 0.00059635094 8696440.2 6.961735e-05
125 130 79492488 0.00063635882 9501122 7.6059045e-05
130 135 84573899 0.00067703688 10275959 8.2261826e-05
135 140 89717949 0.00071821639 11078589 8.8687094e-05
140 145 94952451 0.00076011999 11714374 9.3776722e-05
145 150 1.0021435e+08 0.00080224295 12356760 9.8919195e-05
150 155 1.0554602e+08 0.00084492438 13140642 0.00010519438
155 160 1.1098708e+08 0.00088848149 13854032 0.00011090526
160 165 1.1634772e+08 0.00093139493 14349094 0.00011486837
165 170 1.2178087e+08 0.00097488875 14886579 0.00011917108
170 175 1.272748e+08 0.0010188691 15372367 0.00012305994
175 180 1.3276245e+08 0.0010627993 16019756 0.00012824247
180 185 1.383385e+08 0.001107437 16638346 0.00013319445
185 190 1.4390245e+08 0.001151978 17020143 0.00013625084
190 195 1.4942082e+08 0.001196154 17290379 0.00013841415
195 200 1.5499562e+08 0.0012407817 17938690 0.00014360405
