0 5 760488.01 6.0344898e-06 9460.0817 7.5065966e-08
5 10 1108010 8.7920848e-06 -21853.775 -1.734102e-07
10 15 1541456 1.2231489e-05 -56437.706 -4.4783449e-07
15 20 2117860 1.6805268e-05 -42482.105 -3.3709648e-07
20 25 2992938 2.3749032e-05 -39274.421 -3.1164343e-07
25 30 4430262 3.5154231e-05 -22692.918 -1.8006882e-07
30 35 6857779.9 5.4416641e-05 137220.17 1.0888452e-06
35 40 9397628 7.4570394e-05 458896.82 3.6413568e-06
40 45 11820140 9.3793084e-05 764363.64 6.065243e-06
45 50 14399094 0.00011425714 941815.09 7.4733244e-06
50 55 17226240 0.00013669061 1218845.7 9.671569e-06
55 60 20262690 0.00016078491 1604622.2 1.2732714e-05
60 65 23568328 0.00018701523 2005188.6 1.5911217e-05
65 70 27071912 0.00021481624 2373680.4 1.8835209e-05
70 75 30679230 0.0002434404 2881810.7 2.2867234e-05
75 80 34443532 0.00027331022 3338396.4 2.6490252e-05
80 85 38418464 0.00030485139 3744297.4 2.9711086e-05
85 90 42571864 0.00033780872 4439826 3.5230121e-05
90 95 46867692 0.00037189621 5077646 4.0291238e-05
95 100 51353878 0.0004074942 5805557.1 4.6067229e-05
100 105 55859514 0.00044324653 6297493.7 4.9970757e-05
105 110 60414220 0.00047938822 6885127.1 5.4633641e-05
110 115 65151411 0.00051697794 7624367.4 6.0499531e-05
115 120 70007692 0.00055551264 8399384.4 6.6649308e-05
120 125 74918636 0.0005944811 9180270.1 7.2845654e-05
125 130 79943550 0.0006343539 9815936.3 7.788968e-05
130 135 85051341 0.00067488434 10661719 8.4600989e-05
135 140 90263992 0.00071624684 11394204 9.0413274e-05
140 145 95470155 0.00075755787 12320106 9.7760321e-05
145 150 1.0070323e+08 0.00079908242 12745331 0.0001011345
150 155 1.0608946e+08 0.0008418223 13417076 0.0001064648
155 160 1.1155448e+08 0.00088518735 14250018 0.00011307422
160 165 1.1699377e+08 0.00092834823 14898599 0.00011822072
165 170 1.223859e+08 0.00097113495 15574546 0.00012358438
170 175 1.2794189e+08 0.0010152218 16055480 0.0001274006
175 180 1.3351203e+08 0.001059421 16902458 0.0001341214
180 185 1.3910141e+08 0.0011037729 17489819 0.00013878211
185 190 1.4466152e+08 0.0011478925 18132980 0.00014388561
190 195 1.5021453e+08 0.0011919557 18350458 0.00014561131
195 200 1.5588117e+08 0.0012369207 18875656 0.00014977877
