0 5 759539.99 5.9995913e-06 4361.14 3.4448559e-08
5 10 1111224 8.7775363e-06 -25986.586 -2.0526753e-07
10 15 1552430 1.2262614e-05 -34794.85 -2.7484383e-07
15 20 2145124 1.6944292e-05 -45410.348 -3.5869544e-07
20 25 3010060 2.3776404e-05 -76343.098 -6.0303262e-07
25 30 4443892 3.5102215e-05 -74761.214 -5.9053735e-07
30 35 6900566.2 5.4507435e-05 130009.35 1.0269413e-06
35 40 9447140 7.4622771e-05 421308.52 3.3279076e-06
40 45 11863786 9.3711809e-05 661008.2 5.2212907e-06
45 50 14468866 0.00011428928 859603.41 6.7899903e-06
50 55 17305120 0.0001366928 1120767.4 8.8529197e-06
55 60 20352034 0.00016076031 1517176.6 1.1984148e-05
60 65 23652848 0.00018683338 1950030.2 1.540325e-05
65 70 27099556 0.00021405885 2381033.1 1.8807734e-05
70 75 30732500 0.00024275541 2911517.9 2.2998022e-05
75 80 34514818 0.00027263186 3397787.7 2.6839058e-05
80 85 38582312 0.00030476092 3830912.7 3.0260303e-05
85 90 42729272 0.00033751767 4356875.9 3.4414876e-05
90 95 46997850 0.00037123509 5013782.5 3.9603768e-05
95 100 51434086 0.00040627682 5632733.6 4.4492851e-05
100 105 55970734 0.00044211172 6296283.2 4.9734216e-05
105 110 60674838 0.00047926934 7026405.4 5.5501437e-05
110 115 65392945 0.00051653758 7789581.1 6.1529746e-05
115 120 70246342 0.00055487446 8423999 6.6541001e-05
120 125 75119383 0.00059336651 9216500.8 7.2800957e-05
125 130 80144587 0.0006330605 9789835.3 7.7329715e-05
130 135 85348028 0.00067416238 10541236 8.3265017e-05
135 140 90472626 0.00071464148 11281009 8.9108468e-05
140 145 95631980 0.00075539511 11989189 9.4702363e-05
145 150 1.0102005e+08 0.00079795533 12827759 0.00010132622
150 155 1.0636378e+08 0.00084016542 13456500 0.00010629263
155 160 1.1182621e+08 0.000883313 13957541 0.00011025034
160 165 1.1723627e+08 0.000926047 14617762 0.00011546541
165 170 1.2284499e+08 0.00097035016 15257684 0.00012052015
170 175 1.2830466e+08 0.001013476 15805649 0.0001248485
175 180 1.3375551e+08 0.0010565321 16109316 0.00012724717
180 185 1.3933492e+08 0.0011006038 16967224 0.00013402376
185 190 1.4483796e+08 0.0011440721 17533435 0.00013849625
190 195 1.5043313e+08 0.0011882683 17893039 0.00014133676
195 200 1.5616697e+08 0.0012335598 18054615 0.00014261305
