0 5 757487.98 5.9732719e-06 -4466.2127 -3.5218913e-08
5 10 1107274 8.731556e-06 -32308.18 -2.5477044e-07
10 15 1558680 1.2291178e-05 -52213.124 -4.1173352e-07
15 20 2150820 1.6960576e-05 -75100.716 -5.9221666e-07
20 25 3023816 2.3844702e-05 -102678.23 -8.0968282e-07
25 30 4455188 3.5131976e-05 -119035.27 -9.3866838e-07
30 35 6920448.1 5.4572111e-05 49551.291 3.9074327e-07
35 40 9484420.1 7.4790652e-05 395073.63 3.1154055e-06
40 45 11926882 9.4051011e-05 719409.38 5.672998e-06
45 50 14525544 0.0001145431 932263.66 7.3514887e-06
50 55 17366624 0.00013694682 1295507.9 1.0215899e-05
55 60 20473504 0.00016144653 1598053.3 1.2601661e-05
60 65 23724336 0.0001870814 2000237.5 1.5773138e-05
65 70 27228902 0.00021471712 2358775 1.8600433e-05
70 75 30880378 0.00024351132 2925616.9 2.307034e-05
75 80 34762648 0.00027412547 3310188.5 2.610293e-05
80 85 38775810 0.00030577179 3859266.3 3.0432757e-05
85 90 42917352 0.00033843047 4510997.1 3.5572066e-05
90 95 47174794 0.0003720031 5163181.6 4.0714953e-05
95 100 51636218 0.00040718425 5769717.2 4.549787e-05
100 105 56187442 0.00044307353 6480549.7 5.1103235e-05
105 110 60859299 0.00047991407 7139559.8 5.6299946e-05
110 115 65681940 0.00051794365 7762092.3 6.1209008e-05
115 120 70491485 0.00055586995 8376458.6 6.6053675e-05
120 125 75345588 0.00059414763 9015200.8 7.1090562e-05
125 130 80313667 0.00063332407 9875032 7.7870874e-05
130 135 85518132 0.00067436457 10732742 8.4634464e-05
135 140 90740146 0.00071554346 11312490 8.9206138e-05
140 145 96044209 0.00075736935 12219388 9.6357603e-05
145 150 1.0138288e+08 0.00079946815 13033380 0.00010277644
150 155 1.0675178e+08 0.00084180536 13771623 0.00010859796
155 160 1.1215496e+08 0.00088441278 14625706 0.00011533294
160 165 1.1752491e+08 0.00092675827 15195926 0.00011982949
165 170 1.2302509e+08 0.00097013067 15682982 0.00012367023
170 175 1.2852196e+08 0.0010134769 16234706 0.00012802093
175 180 1.3399534e+08 0.001056638 16862628 0.00013297249
180 185 1.3958837e+08 0.0011007426 17753222 0.00013999539
185 190 1.4521785e+08 0.0011451346 18351438 0.00014471269
190 195 1.508718e+08 0.0011897196 18779997 0.00014809216
195 200 1.5658297e+08 0.0012347558 19298371 0.00015217987
