0 5 759638 6.0070155e-06 -5245.8193 -4.1482545e-08
5 10 1112352 8.7961839e-06 -28771.304 -2.2751583e-07
10 15 1558816 1.2326703e-05 -47268.79 -3.7378904e-07
15 20 2150584 1.7006247e-05 -70046.409 -5.5390839e-07
20 25 3008452 2.3790039e-05 -88720.526 -7.0157835e-07
25 30 4450794 3.5195696e-05 -60282.536 -4.7669828e-07
30 35 6930716.1 5.4806262e-05 108107.13 8.548825e-07
35 40 9484714.2 7.50026e-05 341994.32 2.7044002e-06
40 45 11909904 9.4180358e-05 630712.39 4.987506e-06
45 50 14508688 0.00011473085 838253.69 6.6286875e-06
50 55 17323282 0.00013698791 1097243.2 8.6767074e-06
55 60 20398112 0.00016130285 1457225.4 1.1523352e-05
60 65 23733146 0.00018767541 1968058.7 1.5562886e-05
65 70 27250994 0.00021549362 2377085.1 1.8797358e-05
70 75 30927898 0.0002445696 2840674.3 2.2463298e-05
75 80 34848360 0.00027557157 3210272.5 2.5385982e-05
80 85 38861942 0.00030730991 3800305.3 3.0051805e-05
85 90 43005126 0.00034007311 4359300 3.4472186e-05
90 95 47302020 0.00037405181 4823194.9 3.8140544e-05
95 100 51817134 0.00040975613 5361313.2 4.239584e-05
100 105 56362734 0.00044570153 6063061.9 4.7945083e-05
105 110 61061467 0.00048285786 6830797.4 5.4016131e-05
110 115 65890225 0.0005210424 7582793.6 5.9962717e-05
115 120 70782920 0.00055973252 8382266.6 6.6284737e-05
120 125 75717740 0.00059875577 9054450.1 7.1600186e-05
125 130 80702461 0.00063817362 9817808.8 7.7636623e-05
130 135 85809038 0.00067855508 10580485 8.3667666e-05
135 140 91067684 0.00072013905 11436788 9.0439078e-05
140 145 96375317 0.0007621104 12326523 9.7474868e-05
145 150 1.0169337e+08 0.00080416418 13100327 0.0001035939
150 155 1.0709113e+08 0.0008468482 13743423 0.00010867934
155 160 1.1249596e+08 0.00088958817 14664573 0.00011596354
160 165 1.1805964e+08 0.0009335843 15369236 0.00012153583
165 170 1.2354417e+08 0.00097695451 15781407 0.00012479517
170 175 1.2900429e+08 0.0010201317 16438358 0.00012999017
175 180 1.3463595e+08 0.0010646653 17070223 0.00013498679
180 185 1.4021833e+08 0.0011088093 17499256 0.00013837947
185 190 1.4586738e+08 0.0011534805 18132437 0.0001433865
190 195 1.5153417e+08 0.001198292 19063847 0.00015075184
195 200 1.5724161e+08 0.0012434248 19471626 0.00015397645
