0 5 760783.99 5.9977471e-06 682.33563 5.3792885e-09
5 10 1111782 8.7648892e-06 -32861.02 -2.5906445e-07
10 15 1551670 1.2232808e-05 -32735.109 -2.5807182e-07
15 20 2134572 1.6828197e-05 -44624.222 -3.518013e-07
20 25 2999558 2.3647436e-05 -63131.948 -4.9770955e-07
25 30 4438980 3.4995321e-05 -23211.607 -1.8299195e-07
30 35 6906104.1 5.4445239e-05 102553.72 8.0849663e-07
35 40 9479373.8 7.4731971e-05 338735.65 2.6704699e-06
40 45 11939190 9.4124278e-05 646045.66 5.0931914e-06
45 50 14566628 0.00011483805 845928.8 6.6689982e-06
50 55 17450752 0.00013757545 1123853.5 8.8600566e-06
55 60 20510062 0.00016169394 1537992.7 1.2124981e-05
60 65 23743498 0.00018718519 1854067.2 1.4616799e-05
65 70 27222986 0.00021461622 2329352.2 1.8363774e-05
70 75 30929500 0.00024383704 2793159.6 2.2020264e-05
75 80 34854054 0.00027477681 3228118.8 2.5449326e-05
80 85 38901234 0.00030668333 3747994.6 2.954784e-05
85 90 43025750 0.00033919953 4346766 3.4268338e-05
90 95 47400490 0.0003736884 5015391.4 3.9539541e-05
95 100 51928056 0.0004093821 5548253.1 4.374043e-05
100 105 56591698 0.00044614858 6197755.9 4.8860877e-05
105 110 61285106 0.00048314971 7057591.7 5.5639513e-05
110 115 66086265 0.00052100033 7813936.8 6.1602265e-05
115 120 71022571 0.00055991639 8405696 6.6267481e-05
120 125 75921151 0.00059853503 9081229.5 7.1593144e-05
125 130 80974588 0.0006383745 9980062.7 7.8679222e-05
130 135 86123794 0.00067896899 10639053 8.3874466e-05
135 140 91300131 0.00071977737 11545290 9.1018912e-05
140 145 96663692 0.00076206175 12511496 9.8636129e-05
145 150 1.0201474e+08 0.00080424749 13352389 0.00010526543
150 155 1.0749765e+08 0.00084747279 14179868 0.00011178898
155 160 1.1288715e+08 0.00088996167 14850681 0.00011707742
160 165 1.1844831e+08 0.00093380383 15457543 0.00012186171
165 170 1.2401804e+08 0.00097771355 16130233 0.00012716495
170 175 1.2957054e+08 0.0010214875 16790832 0.00013237287
175 180 1.3519332e+08 0.0010658155 17540645 0.00013828413
180 185 1.4091095e+08 0.0011108912 18179032 0.00014331694
185 190 1.4653573e+08 0.001155235 19139942 0.00015089241
190 195 1.5212422e+08 0.0011992926 19636909 0.00015481033
195 200 1.5774745e+08 0.0012436241 20220875 0.0001594141
