0 5 751045.99 6.0106591e-06 326.32961 2.6116324e-09
5 10 1089970 8.7230851e-06 -20778.174 -1.6628878e-07
10 15 1530546 1.2249037e-05 -45739.228 -3.6605336e-07
15 20 2107888 1.6869535e-05 -54178.774 -4.3359547e-07
20 25 2967612 2.3749949e-05 -76743.329 -6.1418074e-07
25 30 4394292 3.5167741e-05 -70636.666 -5.6530882e-07
30 35 6846490 5.4792806e-05 48919.706 3.9150688e-07
35 40 9353017.9 7.4852676e-05 323265.83 2.5871128e-06
40 45 11748902 9.4027058e-05 581020.95 4.6499401e-06
45 50 14340588 0.00011476845 898572.52 7.1913213e-06
50 55 17130364 0.00013709517 1185845.9 9.4903844e-06
55 60 20168060 0.00016140601 1538713.6 1.2314403e-05
60 65 23465096 0.00018779235 1861804.1 1.4900112e-05
65 70 26930962 0.00021552985 2206241 1.7656658e-05
70 75 30577716 0.00024471501 2548723.7 2.0397565e-05
75 80 34372792 0.00027508719 3030051.9 2.4249658e-05
80 85 38288662 0.0003064261 3686883.8 2.9506317e-05
85 90 42443898 0.00033968066 4171072.7 3.3381306e-05
90 95 46795400 0.00037450595 4824553.3 3.8611144e-05
95 100 51237136 0.00041005339 5465613.8 4.3741584e-05
100 105 55731670 0.00044602337 6156321.5 4.9269353e-05
105 110 60365633 0.00048310922 6781024.3 5.426888e-05
110 115 65136398 0.00052128989 7552450.6 6.0442644e-05
115 120 69894593 0.00055936996 8071992.9 6.4600568e-05
120 125 74835183 0.00059890976 8681169.7 6.9475841e-05
125 130 79818393 0.00063879064 9312800 7.453081e-05
130 135 84902538 0.00067947931 10082372 8.0689734e-05
135 140 90067242 0.0007208127 10920038 8.7393614e-05
140 145 95302549 0.00076271112 11711409 9.3727001e-05
145 150 1.0055372e+08 0.00080473655 12553053 0.00010046272
150 155 1.0586582e+08 0.00084724953 13294707 0.00010639821
155 160 1.1132158e+08 0.00089091224 14109967 0.00011292278
160 165 1.1665922e+08 0.00093362967 14661377 0.00011733574
165 170 1.2212468e+08 0.00097736996 15424635 0.00012344413
170 175 1.275965e+08 0.0010211613 16156639 0.0001293024
175 180 1.3312037e+08 0.0010653691 16655018 0.00013329095
180 185 1.3872628e+08 0.0011102334 17374695 0.00013905057
185 190 1.4435891e+08 0.0011553116 18127663 0.0001450766
190 195 1.4987295e+08 0.0011994408 18752584 0.00015007788
195 200 1.5537954e+08 0.0012435103 19243027 0.00015400292
