0 5 748982.01 6.0546234e-06 -133.55678 -1.0796467e-09
5 10 1094572 8.848305e-06 -27799.804 -2.2472815e-07
10 15 1521600 1.2300315e-05 -50547.398 -4.0861523e-07
15 20 2096544 1.694805e-05 -57768.573 -4.6698979e-07
20 25 2952550 2.3867834e-05 -88614.134 -7.1633925e-07
25 30 4356376 3.5216088e-05 -85109.919 -6.8801186e-07
30 35 6768524.1 5.4715419e-05 83492.368 6.749359e-07
35 40 9292828 7.5121396e-05 374952.14 3.0310395e-06
40 45 11707760 9.4643232e-05 694916.35 5.6175672e-06
45 50 14242142 0.00011513068 949373.59 7.6745495e-06
50 55 16975022 0.00013722274 1238364.7 1.0010697e-05
55 60 19958410 0.00016133986 1482720.7 1.1986023e-05
60 65 23198030 0.00018752832 1903402.7 1.5386733e-05
65 70 26650944 0.00021544099 2357722.8 1.9059368e-05
70 75 30247744 0.00024451682 2679658.8 2.1661835e-05
75 80 34070060 0.00027541567 3088434.7 2.49663e-05
80 85 37979468 0.00030701856 3654339.5 2.9540963e-05
85 90 42072938 0.00034010936 4229472.9 3.4190228e-05
90 95 46333832 0.00037455359 4740510.8 3.8321358e-05
95 100 50726980 0.00041006694 5360835.4 4.333594e-05
100 105 55172422 0.00044600302 6012336.1 4.8602544e-05
105 110 59789532 0.00048332683 6715943.9 5.4290371e-05
110 115 64510434 0.00052148967 7159838.3 5.7878726e-05
115 120 69260805 0.00055989074 8007930.5 6.4734537e-05
120 125 74190033 0.00059973765 8543229.6 6.9061789e-05
125 130 79167022 0.00063997065 9346848.4 7.5558086e-05
130 135 84200675 0.00068066171 10064842 8.1362207e-05
135 140 89316882 0.00072202013 10771547 8.7075069e-05
140 145 94489006 0.00076383056 11456639 9.2613218e-05
145 150 99739219 0.00080627225 12326575 9.9645607e-05
150 155 1.0510119e+08 0.00084961738 12853811 0.00010390768
155 160 1.1035263e+08 0.00089206899 13415512 0.00010844836
160 165 1.1568765e+08 0.00093519623 13798250 0.00011154234
165 170 1.2119254e+08 0.00097969666 14824079 0.00011983495
170 175 1.2650123e+08 0.0010226111 15350559 0.00012409091
175 180 1.3192823e+08 0.0010664819 15759502 0.00012739671
180 185 1.3739781e+08 0.0011106969 16370295 0.00013233424
185 190 1.4295801e+08 0.0011556444 17040662 0.00013775336
190 195 1.4847656e+08 0.0012002553 17472369 0.0001412432
195 200 1.5401703e+08 0.0012450434 17936704 0.00014499679
