0 5 756888 6.0657498e-06 4805.1944 3.8509141e-08
5 10 1101346 8.8262588e-06 -14473.571 -1.1599214e-07
10 15 1538004 1.2325664e-05 -9984.4001 -8.0015633e-08
15 20 2110574 1.6914278e-05 -60600.52 -4.8565652e-07
20 25 2965554 2.3766143e-05 -56993.838 -4.5675233e-07
25 30 4389672 3.5179118e-05 -46028.453 -3.6887502e-07
30 35 6814409.8 5.4611125e-05 62186.809 4.9836914e-07
35 40 9337647.9 7.4832519e-05 328268.91 2.6307684e-06
40 45 11717274 9.3902999e-05 625892.58 5.0159439e-06
45 50 14254088 0.00011423319 922304.11 7.3914052e-06
50 55 17065664 0.00013676534 1170552.2 9.3808816e-06
55 60 20108982 0.00016115469 1494198.5 1.1974604e-05
60 65 23364580 0.00018724527 1847868.4 1.4808938e-05
65 70 26766348 0.00021450726 2244718.1 1.7989317e-05
70 75 30344430 0.00024318224 2736616 2.1931419e-05
75 80 34082956 0.00027314303 3130677.4 2.5089453e-05
80 85 38043634 0.00030488416 3601755.9 2.8864707e-05
85 90 42184074 0.00033806592 4194012.7 3.3611091e-05
90 95 46431372 0.00037210404 4745655.7 3.8031995e-05
95 100 50821304 0.00040728524 5349025.5 4.2867439e-05
100 105 55318064 0.00044332257 6015054.1 4.8205036e-05
105 110 59922517 0.00048022296 6677652.9 5.3515145e-05
110 115 64620365 0.00051787182 7375717.9 5.9109484e-05
115 120 69491132 0.00055690646 8094691.5 6.4871386e-05
120 125 74361976 0.00059594172 8912463.8 7.1425066e-05
125 130 79299941 0.00063551489 9664745.1 7.7453898e-05
130 135 84274030 0.00067537757 10402493 8.3366259e-05
135 140 89421310 0.00071662821 11123890 8.9147582e-05
140 145 94606527 0.00075818288 11661186 9.3453508e-05
145 150 99932960 0.00080086926 12386711 9.9267911e-05
150 155 1.0526188e+08 0.00084357559 13107073 0.00010504093
155 160 1.1048546e+08 0.00088543765 13824824 0.00011079304
160 165 1.1587915e+08 0.00092866306 14525139 0.00011640541
165 170 1.212484e+08 0.0009716926 15233739 0.00012208418
170 175 1.2669398e+08 0.0010153338 15889086 0.00012733617
175 180 1.3216833e+08 0.0010592056 16414367 0.00013154581
180 185 1.3772699e+08 0.0011037531 16853634 0.00013506612
185 190 1.4323345e+08 0.0011478822 17252944 0.00013826622
190 195 1.4866695e+08 0.0011914266 17914316 0.0001435665
195 200 1.5409104e+08 0.0012348956 18168872 0.00014560652
