0 5 751016 5.9796934e-06 5929.9585 4.7215151e-08
5 10 1096896 8.733638e-06 -24595.14 -1.9582991e-07
10 15 1537090 1.2238524e-05 -21028.619 -1.6743278e-07
15 20 2120610 1.6884591e-05 -48721.364 -3.8792625e-07
20 25 2987088 2.3783609e-05 -57818.154 -4.6035616e-07
25 30 4423910 3.5223784e-05 -29936.329 -2.383572e-07
30 35 6861485.9 5.4632101e-05 93194.064 7.4202405e-07
35 40 9420394.1 7.5006483e-05 328017.64 2.6117219e-06
40 45 11847802 9.4333841e-05 606275.91 4.8272528e-06
45 50 14433522 0.0001149217 865277.79 6.8894616e-06
50 55 17243392 0.00013729428 1191895.1 9.4900337e-06
55 60 20331546 0.00016188259 1556209.7 1.2390757e-05
60 65 23583810 0.00018777756 1832622.8 1.4591597e-05
65 70 27058592 0.00021544426 2324761.5 1.8510073e-05
70 75 30708714 0.00024450703 2741699.6 2.1829792e-05
75 80 34489206 0.00027460784 3154466.5 2.5116299e-05
80 85 38478184 0.00030636863 3801581.9 3.0268722e-05
85 90 42625422 0.00033938952 4411357.6 3.512384e-05
90 95 46933842 0.00037369375 5004018.8 3.9842691e-05
95 100 51384434 0.00040912998 5655627.4 4.5030889e-05
100 105 55977834 0.00044570327 6253630.9 4.9792275e-05
105 110 60703253 0.00048332771 7054198.8 5.6166508e-05
110 115 65466912 0.00052125663 7849538.6 6.2499114e-05
115 120 70268620 0.00055948849 8617069.4 6.8610301e-05
120 125 75145996 0.00059832283 9169872.5 7.3011796e-05
125 130 80104161 0.00063780043 10126934 8.0632051e-05
130 135 85205539 0.00067841831 11091449 8.8311653e-05
135 140 90404517 0.00071981329 11564687 9.2079638e-05
140 145 95631221 0.00076142903 12492888 9.9470104e-05
145 150 1.0090574e+08 0.00080342548 13161873 0.00010479666
150 155 1.0628448e+08 0.00084625178 13795523 0.00010984186
155 160 1.1165833e+08 0.0008890391 14704751 0.00011708126
160 165 1.1710042e+08 0.00093236977 15455729 0.00012306065
165 170 1.2252891e+08 0.00097559215 16017622 0.00012753453
170 175 1.2802233e+08 0.0010193315 16430470 0.00013082168
175 180 1.3350038e+08 0.0010629485 17096521 0.00013612487
180 185 1.3910817e+08 0.0011075985 17595595 0.00014009856
185 190 1.4480796e+08 0.001152981 18219439 0.0001450657
190 195 1.5036972e+08 0.0011972645 18706445 0.00014894331
195 200 1.5591945e+08 0.0012414522 19187551 0.00015277394
