0 5 747370.01 5.9586978e-06 6299.7666 5.0227337e-08
5 10 1090678 8.6958541e-06 -15841.052 -1.2629895e-07
10 15 1529808 1.2196989e-05 -34270.248 -2.7323287e-07
15 20 2109670 1.6820164e-05 -60802.885 -4.8477463e-07
20 25 2964002 2.3631658e-05 -45785.743 -3.6504463e-07
25 30 4404618 3.5117529e-05 -22606.039 -1.8023543e-07
30 35 6829239.8 5.4448768e-05 138158.59 1.101523e-06
35 40 9353376.2 7.4573427e-05 368720.74 2.9397694e-06
40 45 11772652 9.3862042e-05 578827.73 4.614929e-06
45 50 14355808 0.00011445726 865014.07 6.8966608e-06
50 55 17149528 0.00013673128 1206907.4 9.6225385e-06
55 60 20198040 0.00016103672 1438669.9 1.1470355e-05
60 65 23423130 0.00018675001 1842390.5 1.4689175e-05
65 70 26866446 0.00021420318 2345858.5 1.8703268e-05
70 75 30485070 0.00024305407 2839926.2 2.2642415e-05
75 80 34337708 0.00027377072 3238473.5 2.5819988e-05
80 85 38282538 0.00030522241 3734221.4 2.9772532e-05
85 90 42407736 0.00033811216 4260500.2 3.3968493e-05
90 95 46617230 0.00037167398 4813508.3 3.8377566e-05
95 100 51117986 0.00040755801 5517753.6 4.3992435e-05
100 105 55669298 0.00044384511 6176743.2 4.9246486e-05
105 110 60244434 0.00048032217 6895501.1 5.4977062e-05
110 115 64973173 0.00051802387 7586872.8 6.0489292e-05
115 120 69816226 0.00055663699 8331517.9 6.6426265e-05
120 125 74746979 0.00059594934 8865471.2 7.0683415e-05
125 130 79673539 0.00063522825 9439193.5 7.5257639e-05
130 135 84681787 0.00067515846 10353575 8.2547897e-05
135 140 89861863 0.00071645862 11223614 8.9484622e-05
140 145 94963065 0.00075712994 12103974 9.6503634e-05
145 150 1.0026189e+08 0.00079937687 12919898 0.0001030089
150 155 1.0558683e+08 0.00084183205 13588524 0.00010833979
155 160 1.1088085e+08 0.00088404064 14157602 0.00011287698
160 165 1.1629148e+08 0.00092717904 14904002 0.00011882795
165 170 1.2169452e+08 0.00097025688 15473091 0.00012336523
170 175 1.2720952e+08 0.0010142273 15915644 0.00012689365
175 180 1.3254854e+08 0.0010567948 16370847 0.00013052294
180 185 1.3801131e+08 0.0011003488 17100594 0.00013634113
185 190 1.4350857e+08 0.0011441779 17705339 0.00014116269
190 195 1.4912016e+08 0.0011889184 18209464 0.00014518203
195 200 1.5464138e+08 0.0012329385 18893580 0.00015063641
