0 5 759325.99 6.0150984e-06 -5108.8519 -4.0470427e-08
5 10 1109024 8.7852762e-06 -37760.106 -2.9912153e-07
10 15 1550680 1.2283911e-05 -60974.996 -4.8302127e-07
15 20 2142020 1.6968287e-05 -63412.446 -5.0232984e-07
20 25 3008560 2.3832695e-05 -63351.408 -5.0184633e-07
25 30 4460932 3.5337846e-05 -59545.217 -4.7169509e-07
30 35 6923462 5.4845094e-05 100565.86 7.9664543e-07
35 40 9496067.8 7.5224322e-05 289307.64 2.2917876e-06
40 45 11906068 9.431545e-05 590541.2 4.678048e-06
45 50 14485940 0.00011475224 902157.22 7.1465544e-06
50 55 17328734 0.0001372718 1241397.6 9.8338906e-06
55 60 20410050 0.00016168083 1593822.3 1.2625668e-05
60 65 23718918 0.00018789246 1997985.4 1.5827298e-05
65 70 27212646 0.00021556847 2303783.2 1.8249714e-05
70 75 30852432 0.0002444015 2760495 2.1867616e-05
75 80 34695764 0.00027484695 3338664.9 2.6447664e-05
80 85 38727474 0.00030678466 3905614.3 3.0938825e-05
85 90 42841832 0.00033937708 4560560.6 3.6127067e-05
90 95 47184572 0.00037377865 5090193.3 4.0322621e-05
95 100 51576210 0.00040856758 5734982.7 4.5430403e-05
100 105 56179070 0.00044502973 6444874.8 5.1053904e-05
105 110 60831467 0.00048188428 7102774 5.6265537e-05
110 115 65539434 0.00051917905 7813366.1 6.1894584e-05
115 120 70405395 0.00055772539 8506043.9 6.738172e-05
120 125 75391336 0.00059722216 9358445.7 7.4134131e-05
125 130 80438726 0.00063720571 9960660 7.8904649e-05
130 135 85598012 0.00067807566 10687531 8.4662649e-05
135 140 90796173 0.00071925355 11416808 9.0439715e-05
140 145 95939778 0.00075999928 12081900 9.5708324e-05
145 150 1.0127199e+08 0.00080223912 12788557 0.0001013062
150 155 1.0673488e+08 0.0008455141 13478541 0.000106772
155 160 1.1220141e+08 0.00088881788 14107523 0.00011175456
160 165 1.1773632e+08 0.00093266341 14780349 0.00011708444
165 170 1.2319683e+08 0.00097591951 15389680 0.00012191133
170 175 1.2875099e+08 0.0010199175 15834531 0.00012543527
175 180 1.3435549e+08 0.0010643143 16174005 0.00012812446
180 185 1.3991696e+08 0.0011083702 16832562 0.0001333413
185 190 1.4556561e+08 0.0011531167 17502679 0.00013864972
190 195 1.5118688e+08 0.0011976463 18048609 0.00014297438
195 200 1.5680688e+08 0.0012421659 18215018 0.0001442926
