2.5	15.512838556000005	0.015910838871877997	-0.37320879674000035	0.02773140086254171	0.09212952317200003	0.027524697983469352
7.5	2.633112896399999	0.0032777181586138584	-0.12498551329999992	0.00679617795356944	0.02312285678160001	0.006591892700590268
12.5	0.847357171820001	0.0015287808771115906	-0.08420046979599995	0.003677854657465694	0.012595387381800008	0.003510779930500461
17.5	0.24914202517999987	0.0009910741506451313	-0.06847505081200006	0.002558996006971839	0.007595594762400006	0.0023101029425032066
22.5	-0.013305834562000012	0.0007474946497849989	-0.06061937957799999	0.001984458178740332	0.004218454761754001	0.001954253401284566
27.5	-0.12604991075999994	0.0006142082809541263	-0.056239050111999964	0.0016807099981718404	0.0017859782503073986	0.0017148766591140719
32.5	-0.14009810707999995	0.0005664296816921527	-0.05211708402999998	0.0015225074599456972	0.00047131291156440007	0.0016898014748809552
37.5	-0.05791885611400001	0.0005710349921050624	-0.040231229379999955	0.0013194428830345386	0.0009626815250863999	0.0016618880524478553
42.5	0.008223837373199996	0.0005522815846934889	-0.018520618029999998	0.0012274607042196896	0.0019744992318422	0.0015825461063324693
47.5	0.010940201925399991	0.00047595333593645215	-0.006201230648399997	0.0011177610420375528	0.0019245682623036	0.0015111553397910882
52.5	0.0049907710534	0.0004326388174794876	-0.0032168545719639986	0.0009945384924021803	0.0013556222092294	0.0013916979429421075
57.5	0.0022902110007999993	0.00038121820014228616	-0.00260181584038	0.0008844288308545661	0.0009111729457873992	0.0013082287635288548
62.5	0.0012098073964199997	0.0003583201527761151	-0.002279352406006002	0.0008139656012769946	0.0006766395233204001	0.0011613952936996208
67.5	0.0004052237725559927	0.00033463896673841936	-0.0019777822278800004	0.0007234203498021954	0.0005035151738759997	0.0010526398819716038
72.5	-0.00032520775579239996	0.00029362361679432424	-0.0016237600705902	0.0006973138744971211	0.0003973852603813999	0.000969935918868352
77.5	-0.0008352026384780009	0.0002717697227239889	-0.0012502138848519981	0.0006182648873725381	0.0003093049145916001	0.0008575556111649921
82.5	-0.0009022935057199994	0.00027448747841545755	-0.000906419875582	0.0006033326713081212	0.00023197206248920014	0.0008206688307017796
87.5	-0.0004125645088767997	0.0002542448854825996	-0.0006445304675536	0.0006013859055564806	0.00015487974961640014	0.0007907419062388669
92.5	0.0004441586833059207	0.00023266972711879567	-0.0005243510091996003	0.0005482888605578835	0.0001073201984295999	0.0007388545169220746
97.5	0.001288020759080001	0.00021152385312813305	-0.00045130123243340004	0.0005172667821064477	9.841632638536017e-05	0.0007219674715114895
102.5	0.001673091297459999	0.00021666371796754506	-0.0003827974092553598	0.00047665990497522366	0.00010855224215979996	0.0006950816502606067
107.5	0.0014653432791400002	0.00020840972194484205	-0.0003120870862028598	0.0004883904034201835	0.00012268692419889585	0.0006642893590693731
112.5	0.0008244474015800002	0.000193172366879619	-0.00029102945279758	0.00045743561004783155	0.00010293339613372002	0.0005984843722352323
117.5	8.580976791540006e-05	0.00018661548497807428	-0.0003053575308357197	0.00042287445048801885	0.00013532717448479995	0.0005433279786044065
122.5	-0.00045864363651840006	0.00016917048845540547	-0.00035072434082363994	0.0004064186339097186	0.00011353177536480003	0.0005347371375874418
127.5	-0.0006742963935799997	0.00016127060523670692	-0.0003931839755644	0.00040123340351499407	9.00709725208199e-05	0.000505195526001509
132.5	-0.0006106161190399999	0.0001542896083322337	-0.00042330725732060026	0.0003783131255828686	5.823132812140003e-05	0.0005167328224813463
137.5	-0.0004207157740708002	0.00016087604267950786	-0.0004200947543650399	0.0003665183929990477	5.0638242173599986e-05	0.0004830142183364052
142.5	-0.00023119470700179996	0.00016453642783809482	-0.00035937807527086	0.0003598233504374604	3.755043787251999e-05	0.00044795211650189623
147.5	-0.00010721965282750007	0.00015297341164933987	-0.00029216101787899997	0.00033165490167535295	3.7874313599540016e-05	0.00043481936912976964
152.5	-4.742324271751997e-05	0.00014050256832142454	-0.00022033143136515197	0.0003157750053785208	1.6147353297720008e-05	0.0004430880468028786
157.5	-3.1274356196940025e-05	0.00014580790455482207	-0.0001701197044182198	0.00030533857370982856	2.7221989684200033e-05	0.0004252396520790305
162.5	-2.6506091959040013e-05	0.00014297195233565623	-0.000135052194117	0.0003125243617003003	6.947159396719997e-05	0.00041841779115491375
167.5	-3.0291761739280006e-05	0.00013497132123339268	-0.00012154067397994011	0.0003219303999865005	7.029832132178005e-05	0.00040027785578025324
172.5	-3.1951300440900016e-05	0.00012862493525534735	-0.00011950055080252	0.0002929931429593435	6.302819759746005e-05	0.00039494570510121825
177.5	-4.271352353453603e-05	0.00012490801303132395	-0.00012174374956340008	0.0002722067143163506	6.447587898920004e-05	0.000379528027134942
182.5	-4.391790548454002e-05	0.00012225452960946013	-0.00011811328554220007	0.0002670588381577246	3.995415197781998e-05	0.0003795245924626915
187.5	-3.0077470178400015e-05	0.00012003999700543641	-9.867690562560001e-05	0.0002665991004590678	5.983997009799988e-06	0.00037572703421873854
192.5	-2.4893325681225996e-05	0.00011215539340755326	-9.269267065363998e-05	0.00025719554584275657	-1.918096937640004e-06	0.0003586482410049909
197.5	-2.9471280351162037e-05	0.00010494418574959889	-8.422202895219994e-05	0.0002500597700835953	1.0016118539701985e-05	0.00033401472752427866
