0 5 675972.02 6.5107216e-06 1255.0571 1.2088263e-08
5 10 957958 9.22671e-06 -31856.548 -3.0683091e-07
10 15 1318004 1.2694545e-05 -55397.491 -5.3356889e-07
15 20 1795504 1.7293655e-05 -73251.524 -7.0553257e-07
20 25 2490808 2.3990575e-05 -90890.618 -8.7542605e-07
25 30 3603764 3.4710171e-05 -87568.385 -8.4342748e-07
30 35 5512912.1 5.3098405e-05 24879.697 2.3963238e-07
35 40 7729145.9 7.4444379e-05 234763.1 2.2611545e-06
40 45 9738110 9.3794005e-05 430926.08 4.1505265e-06
45 50 11832770 0.00011396902 688398.86 6.6304125e-06
50 55 14137414 0.00013616653 954699.24 9.1953228e-06
55 60 16649894 0.00016036584 1198103.8 1.1539709e-05
60 65 19291994 0.00018581361 1502562.8 1.4472149e-05
65 70 22178964 0.00021361988 1699298.6 1.6367038e-05
70 75 25118996 0.00024193722 1996631 1.9230838e-05
75 80 28215474 0.00027176139 2337406.2 2.2513063e-05
80 85 31451968 0.00030293415 2831504.8 2.7272045e-05
85 90 34883252 0.00033598305 3292104.5 3.1708377e-05
90 95 38393868 0.00036979605 3777422.5 3.6382788e-05
95 100 42035926 0.00040487506 4127263.1 3.9752328e-05
100 105 45757196 0.000440717 4573877.4 4.4053957e-05
105 110 49484743 0.00047661941 5073469.7 4.8865852e-05
110 115 53365343 0.00051399597 5567606.7 5.3625203e-05
115 120 57349057 0.00055236568 5948187.1 5.7290818e-05
120 125 61368137 0.00059107603 6554168.2 6.3127412e-05
125 130 65418409 0.0006300868 6928443 6.6732294e-05
130 135 69558792 0.0006699655 7409920.7 7.1369716e-05
135 140 73735865 0.00071019757 7869782.6 7.5798942e-05
140 145 77953010 0.00075081562 8322993.7 8.0164109e-05
145 150 82300300 0.00079268716 8762368.4 8.439601e-05
150 155 86677856 0.00083485022 9076108.9 8.7417847e-05
155 160 90994399 0.00087642562 9483332.6 9.134008e-05
160 165 95396844 0.00091882841 9843970.7 9.4813618e-05
165 170 99845148 0.00096167289 10111534 9.7390693e-05
170 175 1.0435396e+08 0.0010051002 10424084 0.00010040106
175 180 1.0875292e+08 0.0010474694 10695911 0.00010301921
180 185 1.132365e+08 0.0010906536 10817582 0.00010419109
185 190 1.1776657e+08 0.0011342857 11290607 0.0001087471
190 195 1.2224111e+08 0.0011773828 11381781 0.00010962526
195 200 1.267686e+08 0.00122099 11419675 0.00010999024
