0 5 675242 6.4632293e-06 2483.211 2.3768607e-08
5 10 965954.01 9.2458439e-06 -17776.336 -1.7015016e-07
10 15 1333144 1.2760485e-05 -31248.001 -2.990972e-07
15 20 1800594 1.7234787e-05 -46674.379 -4.4675422e-07
20 25 2486430 2.3799419e-05 -77925.811 -7.4588425e-07
25 30 3598850 3.4447195e-05 -76987.133 -7.3689949e-07
30 35 5537507.8 5.3003489e-05 10427.785 9.9811868e-08
35 40 7717340 7.3868239e-05 257401.11 2.463772e-06
40 45 9737816.1 9.3207676e-05 523101.6 5.0069835e-06
45 50 11850946 0.00011343397 688066.4 6.5859808e-06
50 55 14176158 0.00013569026 871040.17 8.337355e-06
55 60 16682014 0.00015967561 1147829.6 1.0986707e-05
60 65 19370744 0.00018541139 1463004.8 1.4003476e-05
65 70 22225102 0.00021273252 1774168.6 1.698185e-05
70 75 25213406 0.00024133573 2067419.1 1.9788763e-05
75 80 28341370 0.00027127574 2529908.4 2.4215582e-05
80 85 31561126 0.00030209435 2868969.7 2.7460982e-05
85 90 34961474 0.00033464154 3319796.7 3.1776173e-05
90 95 38512460 0.00036863059 3786443.2 3.6242785e-05
95 100 42116934 0.00040313162 4281492.1 4.0981255e-05
100 105 45904538 0.00043938551 4675870.5 4.4756136e-05
105 110 49721757 0.00047592288 5211468.4 4.9882731e-05
110 115 53560137 0.00051266278 5667426.8 5.4247038e-05
115 120 57499964 0.00055037371 6094110.3 5.8331134e-05
120 125 61495144 0.00058861447 6588965.6 6.3067752e-05
125 130 65606609 0.00062796827 7037146.7 6.7357617e-05
130 135 69813209 0.00066823268 7311085.5 6.9979683e-05
135 140 74012674 0.0007084288 7802941 7.4687588e-05
140 145 78196444 0.00074847468 8535297.6 8.1697502e-05
145 150 82495525 0.00078962429 8963762.6 8.5798651e-05
150 155 86844493 0.00083125141 9490382.1 9.0839306e-05
155 160 91265268 0.00087356584 9978544.2 9.5511858e-05
160 165 95669440 0.00091572135 10329560 9.8871682e-05
165 170 1.0005936e+08 0.00095774045 10742252 0.00010282186
170 175 1.0454303e+08 0.0010006569 10888202 0.00010421885
175 180 1.0900311e+08 0.0010433475 11147285 0.00010669873
180 185 1.1345737e+08 0.0010859825 11536587 0.00011042501
185 190 1.1795897e+08 0.0011290705 11997243 0.00011483428
190 195 1.2250749e+08 0.0011726077 12383488 0.00011853132
195 200 1.2695476e+08 0.0012151757 12592577 0.00012053266
