0 5 678617.99 6.4934538e-06 -4691.0124 -4.4886626e-08
5 10 977206 9.3505361e-06 -24678.289 -2.3613776e-07
10 15 1340464 1.2826422e-05 -25324.655 -2.4232261e-07
15 20 1807320 1.7293601e-05 -30461.743 -2.9147757e-07
20 25 2500872 2.3929953e-05 -54119.257 -5.1784789e-07
25 30 3605666 3.4501334e-05 -56636.726 -5.4193666e-07
30 35 5544349.9 5.3051909e-05 63254.553 6.0526029e-07
35 40 7715965.9 7.3831329e-05 258279.99 2.4713892e-06
40 45 9748032 9.3275445e-05 487133.86 4.6612104e-06
45 50 11850972 0.00011339773 692159.54 6.623028e-06
50 55 14152406 0.00013541933 945949.79 9.0514565e-06
55 60 16626670 0.00015909468 1145045.4 1.0956531e-05
60 65 19291382 0.00018459236 1458687 1.3957657e-05
65 70 22168576 0.00021212321 1795829.8 1.7183656e-05
70 75 25178164 0.00024092088 2205624.5 2.1104835e-05
75 80 28359000 0.00027135717 2597602.9 2.4855537e-05
80 85 31579532 0.00030217329 3026727.6 2.8961678e-05
85 90 34941024 0.00033433821 3464799.9 3.3153436e-05
90 95 38461492 0.00036802432 3855484.7 3.689176e-05
95 100 42108522 0.00040292145 4364107.8 4.1758593e-05
100 105 45778372 0.00043803694 4820586.4 4.6126474e-05
105 110 49594625 0.0004745533 5292449.6 5.0641565e-05
110 115 53477759 0.00051170962 5833381 5.5817545e-05
115 120 57360836 0.00054886541 6268301.4 5.9979143e-05
120 125 61385696 0.00058737786 6824815.1 6.5304224e-05
125 130 65546846 0.00062719442 7344541.2 7.0277298e-05
130 135 69779877 0.00066769878 7894271.6 7.5537473e-05
135 140 73964801 0.00070774283 8430097.2 8.0664597e-05
140 145 78283694 0.00074906878 8860822.3 8.4786052e-05
145 150 82573826 0.00079011952 9410848.1 9.0049053e-05
150 155 86912141 0.00083163131 9901699.5 9.4745835e-05
155 160 91270288 0.00087333287 10243542 9.80168e-05
160 165 95658819 0.00091532516 10571344 0.00010115343
165 170 1.0013197e+08 0.00095812719 11259014 0.0001077335
170 175 1.0463028e+08 0.0010011699 11554818 0.00011056394
175 180 1.0903611e+08 0.0010433277 11827115 0.00011316945
180 185 1.136063e+08 0.0010870583 12127171 0.00011604058
185 190 1.1825828e+08 0.0011315714 12328902 0.00011797087
190 195 1.2276434e+08 0.0011746882 12777377 0.00012226217
195 200 1.2734473e+08 0.0012185164 13112111 0.00012546512
