0 5 671050 6.4759298e-06 1706.5179 1.6468654e-08
5 10 964407.99 9.3069644e-06 -20304.949 -1.9595175e-07
10 15 1322474 1.276246e-05 -29799.857 -2.8758182e-07
15 20 1790168 1.7275914e-05 -50124.697 -4.8372554e-07
20 25 2462254 2.3761842e-05 -79948.491 -7.7153836e-07
25 30 3551406 3.4272642e-05 -57618.601 -5.5604503e-07
30 35 5466750.1 5.2756561e-05 16859.873 1.6270524e-07
35 40 7647004.1 7.3796978e-05 194014.03 1.8723213e-06
40 45 9659944 9.3222739e-05 435459.61 4.2023781e-06
45 50 11731118 0.00011321049 616618.83 5.9506449e-06
50 55 13977960 0.00013489351 765817.48 7.390478e-06
55 60 16442900 0.00015868127 1128411.1 1.0889667e-05
60 65 19148006 0.00018478674 1426439.1 1.3765769e-05
65 70 21948958 0.00021181717 1821854.9 1.7581707e-05
70 75 24938296 0.00024066561 2166558 2.0908244e-05
75 80 28038522 0.00027058416 2596578.4 2.5058132e-05
80 85 31267100 0.00030174137 2983761.6 2.8794621e-05
85 90 34638752 0.0003342793 3298122.8 3.1828346e-05
90 95 38115870 0.00036783503 3619243.5 3.4927303e-05
95 100 41717342 0.00040259084 4097385.5 3.9541585e-05
100 105 45440052 0.00043851664 4666626.1 4.503501e-05
105 110 49227109 0.00047506341 5229819.3 5.0470073e-05
110 115 53041982 0.00051187863 5851450.4 5.6469089e-05
115 120 56904981 0.00054915828 6369164.1 6.1465256e-05
120 125 60894642 0.00058766028 6769757.9 6.5331164e-05
125 130 64958194 0.00062687536 7236491.3 6.9835347e-05
130 135 69059190 0.00066645178 8049794.9 7.7684087e-05
135 140 73198820 0.00070640104 8656040.3 8.3534624e-05
140 145 77396021 0.00074690589 9354500 9.0275069e-05
145 150 81568534 0.00078717249 9804033.9 9.4613272e-05
150 155 85865684 0.0008286419 10165988 9.8106287e-05
155 160 90318507 0.00087161362 10625567 0.00010254143
160 165 94720926 0.00091409891 11068843 0.00010681924
165 170 99053520 0.00095591035 11477832 0.00011076617
170 175 1.0331638e+08 0.00099704882 11940712 0.00011523316
175 180 1.077771e+08 0.0010400968 12464146 0.00012028453
180 185 1.1217117e+08 0.0010825015 12696970 0.00012253138
185 190 1.1665472e+08 0.0011257697 12831236 0.00012382711
190 195 1.2118416e+08 0.0011694808 13511196 0.00013038903
195 200 1.2556987e+08 0.0012118049 13827322 0.00013343978
