0 5 49683.809 4.7875067e-07 2515.8688 2.4242784e-08
5 10 337488.95 3.2520265e-06 8396.2202 8.0905553e-08
10 15 904060.04 8.7114769e-06 17488.322 1.6851659e-07
15 20 1742230.4 1.6788044e-05 29004.329 2.7948425e-07
20 25 2837056.1 2.7337729e-05 65697.836 6.3306103e-07
25 30 4171251.8 4.0193972e-05 134361.64 1.294702e-06
30 35 5735206.6 5.5264161e-05 225353.87 2.1714985e-06
35 40 7514304.1 7.2407455e-05 347295.06 3.3465177e-06
40 45 9498307.2 9.1525208e-05 508501.5 4.8998948e-06
45 50 11674795 0.00011249773 699183.33 6.7372952e-06
50 55 14033625 0.0001352273 927036.45 8.9328763e-06
55 60 16564499 0.00015961468 1183712.5 1.1406194e-05
60 65 19260369 0.00018559195 1469118.9 1.4156355e-05
65 70 22110034 0.00021305117 1789419.8 1.7242759e-05
70 75 25104185 0.00024190266 2132183.4 2.0545612e-05
75 80 28240752 0.00027212646 2489390.3 2.3987639e-05
80 85 31503019 0.00030356149 2880149.6 2.7752976e-05
85 90 34889191 0.00033619048 3288585.2 3.1688641e-05
90 95 38393414 0.000369957 3716335.5 3.5810421e-05
95 100 42001516 0.00040472449 4160027.4 4.0085813e-05
100 105 45704034 0.00044040176 4603504.1 4.4359132e-05
105 110 49502956 0.00047700798 5084877.9 4.8997626e-05
110 115 53383863 0.00051440421 5571400.2 5.3685731e-05
115 120 57338299 0.00055250896 6059628 5.8390269e-05
120 125 61358688 0.00059124921 6561650.5 6.3227733e-05
125 130 65448823 0.00063066155 7079599 6.8218658e-05
130 135 69592496 0.00067058977 7594057.5 7.3175954e-05
135 140 73785189 0.00071099036 8111547.4 7.8162461e-05
140 145 78032232 0.00075191465 8609964.3 8.2965181e-05
145 150 82318063 0.00079321269 9104800.1 8.7733394e-05
150 155 86645740 0.00083491398 9559964.7 9.2119336e-05
155 160 91014062 0.0008770069 10001903 9.6377833e-05
160 165 95414507 0.00091940937 10420524 0.00010041164
165 170 99832157 0.00096197762 10791563 0.00010398696
170 175 1.0428843e+08 0.001004918 11152118 0.00010746124
175 180 1.0875556e+08 0.0010479631 11474821 0.00011057079
180 185 1.1323337e+08 0.001091111 11783169 0.00011354202
185 190 1.1772954e+08 0.0011344359 12069716 0.00011630317
190 195 1.2221703e+08 0.0011776771 12340999 0.00011891724
195 200 1.2670736e+08 0.0012209457 12558452 0.00012101261
