0 5 49756.808 4.7891874e-07 2521.6446 2.4271309e-08
5 10 337988.72 3.2532057e-06 8402.3302 8.0874027e-08
10 15 905432.31 8.7149582e-06 17460.732 1.6806287e-07
15 20 1744948.6 1.6795462e-05 28889.551 2.7806742e-07
20 25 2841613 2.7351066e-05 65453.29 6.3000037e-07
25 30 4178162.6 4.021561e-05 133895.55 1.2887701e-06
30 35 5745024.1 5.529695e-05 224519.35 2.1610415e-06
35 40 7527567.8 7.2454272e-05 345963.43 3.3299639e-06
40 45 9515623.4 9.1589685e-05 506614.66 4.8762625e-06
45 50 11696749 0.00011258344 696530.53 6.7042389e-06
50 55 14060811 0.00013533798 923516.93 8.8890262e-06
55 60 16597518 0.00015975427 1179144.6 1.1349491e-05
60 65 19299810 0.00018576434 1463401.4 1.4085517e-05
65 70 22156505 0.00021326058 1782387.6 1.715582e-05
70 75 25158262 0.00024215306 2123750.2 2.04415e-05
75 80 28303017 0.00027242192 2479319.4 2.3863921e-05
80 85 31574079 0.00030390652 2868404.1 2.7608935e-05
85 90 34969603 0.00033658908 3274956.5 3.1522079e-05
90 95 38483817 0.00037041406 3700646 3.5619422e-05
95 100 42102472 0.0004052443 4142070.2 3.9868213e-05
100 105 45816133 0.000440989 4582959 4.4111853e-05
105 110 49626791 0.0004776673 5061657.7 4.8719418e-05
110 115 53520010 0.00051514027 5545176.6 5.337338e-05
115 120 57487374 0.00055332691 6030124.2 5.8041093e-05
120 125 61521156 0.00059215283 6528817.6 6.2841112e-05
125 130 65625303 0.00063165603 7043101.7 6.7791194e-05
130 135 69783460 0.00067167908 7553828.8 7.2707039e-05
135 140 73991139 0.00071217879 8067464.1 7.7650877e-05
140 145 78253672 0.00075320649 8561881.5 8.2409739e-05
145 150 82555362 0.00079461106 9052650.9 8.7133487e-05
150 155 86899307 0.00083642237 9503628.1 9.1474229e-05
155 160 91284241 0.00087862819 9941453.8 9.5688385e-05
160 165 95701618 0.00092114628 10356008 9.9678546e-05
165 170 1.0013649e+08 0.00096383278 10722936 0.0001032103
170 175 1.0461028e+08 0.0010068938 11079525 0.00010664254
175 180 1.0909526e+08 0.0010500626 11398007 0.00010970798
180 185 1.1359105e+08 0.0010933354 11702320 0.00011263705
185 190 1.181055e+08 0.0011367879 11984725 0.00011535526
190 195 1.2261147e+08 0.0011801587 12251709 0.00011792503
195 200 1.2712048e+08 0.0012235588 12464957 0.00011997758
