0 5 50609.511 4.7887215e-07 2564.2955 2.4263615e-08
5 10 343779.91 3.2528792e-06 8548.0121 8.0882127e-08
10 15 920937.17 8.7139976e-06 17774.406 1.6818317e-07
15 20 1774809.6 1.6793422e-05 29427.303 2.7844402e-07
20 25 2890205.6 2.7347409e-05 66667.436 6.308138e-07
25 30 4249553.6 4.0209692e-05 136370.01 1.2903464e-06
30 35 5843102 5.5288003e-05 228682.97 2.1638206e-06
35 40 7655968.3 7.2441521e-05 352391.59 3.3343637e-06
40 45 9677785.7 9.1572155e-05 516010.65 4.8825432e-06
45 50 11895900 0.00011256017 709464.72 6.7130246e-06
50 55 14299997 0.00013530797 940666.74 8.9006808e-06
55 60 16879604 0.00015971646 1201061.6 1.1364562e-05
60 65 19627539 0.00018571769 1490615.1 1.4104346e-05
65 70 22532420 0.00021320396 1815551.8 1.7178929e-05
70 75 25584750 0.00024208541 2163280.7 2.0469174e-05
75 80 28782427 0.00027234214 2525529.5 2.3896807e-05
80 85 32108463 0.00030381341 2921891.6 2.7647224e-05
85 90 35560991 0.00033648157 3336084.4 3.1566357e-05
90 95 39134117 0.00037029085 3769798 3.5670197e-05
95 100 42813362 0.00040510422 4219578.4 3.9926064e-05
100 105 46589121 0.00044083082 4668901 4.4177598e-05
105 110 50463415 0.00047748977 5156720.1 4.879339e-05
110 115 54421562 0.00051494215 5649533 5.3456434e-05
115 120 58454988 0.00055310681 6143874.9 5.8133946e-05
120 125 62555869 0.00059190976 6652216.9 6.2943927e-05
125 130 66728182 0.00063138858 7176514 6.7904877e-05
130 135 70955323 0.00067138621 7697209.8 7.2831752e-05
135 140 75232718 0.00071185934 8220898.4 7.7786945e-05
140 145 79565794 0.00075285933 8725071.3 8.2557479e-05
145 150 83938611 0.00079423535 9225550.4 8.7293061e-05
150 155 88354315 0.00083601717 9685572.5 9.1645835e-05
155 160 92811632 0.00087819275 10132192 9.5871793e-05
160 165 97301875 0.00092067986 10555119 9.9873573e-05
165 170 1.0180984e+08 0.00096333468 10929598 0.00010341693
170 175 1.0635733e+08 0.0010063634 11293516 0.00010686036
175 180 1.1091611e+08 0.0010494991 11618729 0.00010993755
180 185 1.1548585e+08 0.0010927384 11929473 0.00011287784
185 190 1.2007451e+08 0.0011361567 12217955 0.00011560749
190 195 1.2465447e+08 0.0011794928 12490788 0.00011818906
195 200 1.2923749e+08 0.0012228577 12708916 0.00012025301
