0 5 49058.778 4.7911059e-07 2488.3737 2.4301588e-08
5 10 333251.08 3.2545474e-06 8278.153 8.0844875e-08
10 15 892774.65 8.7188839e-06 17161.842 1.6760344e-07
15 20 1720629.3 1.6803756e-05 28324.948 2.7662292e-07
20 25 2802141.8 2.7365863e-05 64189.816 6.268811e-07
25 30 4120339.5 4.0239451e-05 131345.53 1.2827273e-06
30 35 5665836 5.533285e-05 220189.74 2.1503845e-06
35 40 7424215.1 7.2505273e-05 339245.57 3.3130899e-06
40 45 9385532 9.1659596e-05 496841.3 4.8521781e-06
45 50 11537518 0.000112676 683033.97 6.6705454e-06
50 55 13870200 0.0001354571 905619.85 8.8443307e-06
55 60 16373462 0.00015990409 1156218.5 1.129169e-05
60 65 19040334 0.0001859489 1434899.3 1.4013302e-05
65 70 21859832 0.00021348426 1747603.4 1.7067186e-05
70 75 24822724 0.00024242002 2082249.2 2.0335355e-05
75 80 27926984 0.00027273638 2430641.1 2.3737768e-05
80 85 31156209 0.00030427316 2811991.3 2.7462054e-05
85 90 34508527 0.00033701208 3210326.6 3.1352217e-05
90 95 37978343 0.00037089848 3627322 3.5424616e-05
95 100 41551547 0.00040579458 4059598.3 3.9646249e-05
100 105 45218883 0.00044160997 4491023 4.3859565e-05
105 110 48982311 0.00047836381 4959582.3 4.843554e-05
110 115 52827603 0.00051591713 5432554.3 5.3054609e-05
115 120 56746515 0.00055418943 5906652.4 5.7684676e-05
120 125 60731286 0.00059310491 6394233.2 6.2446416e-05
125 130 64785956 0.00063270303 6896823.1 6.7354735e-05
130 135 68894278 0.00067282512 7395843.1 7.222819e-05
135 140 73051860 0.00071342828 7897601.4 7.7128388e-05
140 145 77263959 0.00075456386 8380293.2 8.1842381e-05
145 150 81514980 0.00079607955 8859325.5 8.6520636e-05
150 155 85808015 0.00083800556 9299060.7 9.0815113e-05
155 160 90141752 0.00088032906 9725924 9.4983882e-05
160 165 94507754 0.00092296766 10129923 9.8929361e-05
165 170 98891274 0.00096577734 10486991 0.0001024165
170 175 1.0331341e+08 0.0010089641 10834028 0.00010580568
175 180 1.0774688e+08 0.0010522616 11143288 0.00010882593
180 185 1.1219115e+08 0.0010956646 11438788 0.0001117118
185 190 1.1665409e+08 0.0011392499 11712614 0.000114386
190 195 1.2110887e+08 0.0011827555 11971098 0.00011691037
195 200 1.2556687e+08 0.0012262926 12176773 0.000118919
