0 5 49054.261 4.7902157e-07 2487.1947 2.4287796e-08
5 10 333218.61 3.2539253e-06 8280.2353 8.085763e-08
10 15 892672.37 8.7170677e-06 17184.605 1.6781001e-07
15 20 1720398.5 1.6799927e-05 28394.244 2.7727367e-07
20 25 2801706.3 2.7359045e-05 64339.723 6.2828619e-07
25 30 4119602.9 4.0228485e-05 131636.56 1.285449e-06
30 35 5664678.9 5.5316364e-05 220701.97 2.155185e-06
35 40 7422515.9 7.2481883e-05 340055.79 3.3206913e-06
40 45 9383132.6 9.1627573e-05 497998.87 4.863027e-06
45 50 11534262 0.00011263365 684652.3 6.6857234e-06
50 55 13865923 0.00013540264 907766.58 8.8644648e-06
55 60 16367989 0.00015983565 1158993.3 1.1317729e-05
60 65 19033491 0.00018586464 1438365.3 1.4045834e-05
65 70 21851430 0.0002133822 1751856.2 1.7107116e-05
70 75 24812584 0.00024229827 2087341.3 2.0383174e-05
75 80 27914923 0.00027259304 2436689.1 2.3794603e-05
80 85 31142022 0.00030410611 2819031.5 2.7528228e-05
85 90 34492032 0.00033681941 3218464.6 3.1428747e-05
90 95 37959317 0.00037067792 3636650.2 3.5512386e-05
95 100 41529793 0.0004055441 4070220.5 3.9746259e-05
100 105 45194186 0.0004413274 4503085.3 4.3973244e-05
105 110 48954456 0.00047804695 4973146.8 4.8563458e-05
110 115 52796374 0.00051556381 5447773.9 5.3198257e-05
115 120 56711673 0.00055379724 5923654.5 5.7845296e-05
120 125 60692657 0.0005926721 6413048.3 6.2624294e-05
125 130 64743298 0.00063222716 6917613.7 6.7551443e-05
130 135 68847406 0.00067230434 7418637.7 7.2444011e-05
135 140 73000574 0.00071286059 7922458.1 7.7363887e-05
140 145 77208059 0.00075394726 8407267.1 8.2098113e-05
145 150 81454320 0.00079541257 8888445.2 8.6796883e-05
150 155 85742433 0.00083728659 9330358.4 9.1112226e-05
155 160 90071114 0.00087955675 9759357.9 9.5301464e-05
160 165 94431932 0.00092214073 10165459 9.9267096e-05
165 170 98810145 0.00096489458 10524621 0.00010277436
170 175 1.0322686e+08 0.0010080244 10873679 0.00010618296
175 180 1.0765477e+08 0.0010512635 11185056 0.0001092236
180 185 1.1209342e+08 0.0010946076 11482580 0.00011212896
185 190 1.1655061e+08 0.0011381327 11758464 0.00011482301
190 195 1.2099956e+08 0.0011815772 12019071 0.00011736787
195 200 1.2545162e+08 0.0012250522 12226794 0.00011939632
