0 5 239208 1.6077548e-05 -7887.2454 -5.3011423e-07
5 10 325574 2.1882343e-05 -10398.369 -6.9889083e-07
10 15 426854 2.8689532e-05 -15452.576 -1.0385921e-06
15 20 555534 3.7338318e-05 -19001.18 -1.2770994e-06
20 25 728816 4.8984875e-05 -25151.666 -1.6904832e-06
25 30 1011556 6.7988277e-05 -20412.661 -1.3719672e-06
30 35 1490024 0.00010014687 17459.354 1.1734708e-06
35 40 2143760 0.0001440855 93765.198 6.3021071e-06
40 45 2712276 0.00018229636 176469.08 1.1860765e-05
45 50 3291332 0.00022121562 289265.12 1.9441966e-05
50 55 3887126 0.00026125988 377924.62 2.5400911e-05
55 60 4530014 0.0003044694 509589.38 3.4250307e-05
60 65 5208444 0.00035006775 688516.01 4.6276249e-05
65 70 5934494 0.00039886672 772823.55 5.1942692e-05
70 75 6670962 0.0004483659 882412.15 5.9308315e-05
75 80 7429432 0.00049934386 1114957.9 7.4938082e-05
80 85 8233020 0.00055335428 1268770 8.5276034e-05
85 90 9034342 0.0006072124 1512566.1 0.00010166196
90 95 9864958 0.00066303941 1710207.3 0.00011494573
95 100 10686862 0.00071828088 1918394 0.00012893829
100 105 11574958 0.00077797121 2171897.1 0.00014597663
105 110 12430620 0.00083548161 2361105.9 0.00015869365
110 115 13284782 0.00089289119 2569238.3 0.00017268257
115 120 14130244 0.00094971602 2820892.7 0.00018959665
120 125 14967328 0.0010059778 3092269.4 0.00020783631
125 130 15832786 0.0010641466 3249077.1 0.0002183756
130 135 16714868 0.0011234327 3444916.2 0.00023153826
135 140 17557186 0.0011800462 3755459.4 0.00025241036
140 145 18406914 0.0012371578 3962834.3 0.00026634836
145 150 19303736 0.0012974346 4226843.5 0.00028409283
150 155 20177408 0.0013561555 4514187.6 0.00030340568
155 160 21049440 0.0014147661 4610026.5 0.00030984716
160 165 21903858 0.0014721929 4764450.6 0.00032022625
165 170 22768486 0.0015303059 4975160.4 0.00033438839
170 175 23664082 0.0015905003 5160440 0.00034684132
175 180 24478152 0.0016452153 5243724.5 0.00035243901
180 185 25325838 0.0017021896 5401326.7 0.0003630317
185 190 26156036 0.0017579885 5567430 0.00037419577
190 195 26953356 0.0018115776 5659752.7 0.00038040092
195 200 27815866 0.0018695483 5776375.1 0.0003882393
