0 5 237626 1.6073841e-05 -3569.3889 -2.4144576e-07
5 10 326242 2.2068133e-05 -9467.7465 -6.4043098e-07
10 15 426548 2.8853176e-05 -11427.515 -7.7299647e-07
15 20 548042 3.7071449e-05 -7426.5119 -5.0235485e-07
20 25 721548 4.8807992e-05 -13134.433 -8.8845826e-07
25 30 1000370 6.7668473e-05 -13635.217 -9.2233307e-07
30 35 1468538 9.9336969e-05 489.7486 3.3128282e-08
35 40 2124480 0.00014370714 72892.426 4.9306948e-06
40 45 2695718 0.00018234765 166009.69 1.1229467e-05
45 50 3255436 0.0002202089 279723.99 1.8921494e-05
50 55 3824434 0.00025869789 384103.36 2.5982074e-05
55 60 4446456 0.0003007736 468824.47 3.1712902e-05
60 65 5117350 0.00034615518 575139.61 3.8904424e-05
65 70 5833542 0.00039460087 734940.67 4.9713918e-05
70 75 6589634 0.00044574554 887374.79 6.0025087e-05
75 80 7353400 0.0004974093 1037847.6 7.0203583e-05
80 85 8132062 0.00055008068 1225962.9 8.2928354e-05
85 90 8936780 0.00060451458 1356431.7 9.1753715e-05
90 95 9735798 0.00065856291 1573180.6 0.00010641535
95 100 10587208 0.00071615522 1751240.1 0.00011845991
100 105 11447516 0.00077434941 1923882.2 0.00013013802
105 110 12310452 0.00083272138 2195247 0.00014849407
110 115 13172286 0.0008910188 2473161.6 0.00016729317
115 120 14027006 0.000948835 2691244.4 0.00018204504
120 125 14890304 0.0010072315 2873812.9 0.0001943946
125 130 15778748 0.0010673289 3119778.8 0.00021103258
130 135 16659786 0.0011269253 3322108.5 0.00022471886
135 140 17528888 0.0011857144 3576022.1 0.00024189445
140 145 18383716 0.0012435379 3857998.7 0.00026096832
145 150 19191136 0.0012981545 4018521.7 0.00027182665
150 155 20061682 0.0013570413 4249365.4 0.00028744171
155 160 20964234 0.001418093 4429979.2 0.00029965905
160 165 21847548 0.0014778434 4591579.2 0.00031059023
165 170 22671352 0.0015335683 4835825.6 0.0003271119
170 175 23519422 0.0015909347 5063317.8 0.00034250026
175 180 24338544 0.0016463429 5245580.7 0.00035482914
180 185 25211512 0.0017053935 5389820.4 0.00036458602
185 190 26022192 0.0017602307 5438239.5 0.00036786125
190 195 26856446 0.0018166625 5692469.8 0.00038505827
195 200 27651090 0.001870415 5755068.2 0.00038929264
