0 5 242796 1.5926953e-05 -7655.4035 -5.0217983e-07
5 10 329022 2.1583214e-05 -14531.768 -9.5325617e-07
10 15 435694 2.8580693e-05 -15250.922 -1.0004313e-06
15 20 565436 3.709152e-05 -23842.389 -1.5640151e-06
20 25 745560 4.890731e-05 -20313.332 -1.3325157e-06
25 30 1032124 6.770536e-05 -18831.767 -1.2353279e-06
30 35 1515472 9.9412064e-05 -7745.8132 -5.0811052e-07
35 40 2180806 0.0001430567 92668.006 6.0788439e-06
40 45 2770944 0.00018176863 199980.98 1.311837e-05
45 50 3348508 0.00021965572 313259.44 2.054922e-05
50 55 3970120 0.00026043228 416762.11 2.7338797e-05
55 60 4605416 0.00030210648 552730.66 3.6258074e-05
60 65 5313862 0.00034857918 620780.49 4.0722013e-05
65 70 6035520 0.00039591857 742821.67 4.8727681e-05
70 75 6785486 0.0004451149 895126.15 5.8718563e-05
75 80 7566060 0.00049631906 1059168.3 6.9479417e-05
80 85 8377042 0.00054951793 1288409.1 8.4517169e-05
85 90 9234218 0.00060574703 1551592.3 0.00010178149
90 95 10073920 0.00066082988 1691112.2 0.00011093373
95 100 10960102 0.00071896172 1864148.7 0.00012228459
100 105 11837866 0.00077654136 2092604.2 0.00013727083
105 110 12704832 0.00083341267 2302152.1 0.00015101677
110 115 13577952 0.00089068767 2536159.4 0.0001663672
115 120 14476304 0.00094961785 2789202.1 0.00018296632
120 125 15379672 0.0010088771 3062474.2 0.00020089245
125 130 16287464 0.0010684265 3243291.7 0.00021275373
130 135 17198280 0.0011281743 3593865.5 0.0002357507
135 140 18059754 0.0011846853 3788426.9 0.00024851355
140 145 18924136 0.0012413871 3971986.3 0.0002605547
145 150 19807136 0.0012993102 4306408 0.00028249213
150 155 20708180 0.001358417 4529958.5 0.00029715661
155 160 21622216 0.001418376 4786218.1 0.00031396675
160 165 22464932 0.0014736566 4925638.4 0.00032311246
165 170 23365382 0.0015327244 5160672.2 0.00033853022
170 175 24241320 0.0015901842 5292716.2 0.00034719206
175 180 25058948 0.001643819 5455792.8 0.00035788957
180 185 25910914 0.0016997064 5669757 0.00037192521
185 190 26765278 0.001755751 5825590.4 0.00038214759
190 195 27642794 0.0018133144 5976600.3 0.00039205354
195 200 28491956 0.0018690178 6131115.6 0.00040218945
