0 5 484097 9.9064134e-07 22144.307 4.5315434e-08
5 10 3313543 6.7807333e-06 63020.923 1.289641e-07
10 15 8920921 1.8255501e-05 110209.94 2.2553025e-07
15 20 17281457 3.5364247e-05 179371.4 3.6706017e-07
20 25 28295287 5.7902612e-05 419273.89 8.579893e-07
25 30 41828858 8.5597299e-05 851354.44 1.7421858e-06
30 35 57898821 0.00011848238 1462011 2.9918147e-06
35 40 76363970 0.0001562689 2242230.5 4.5884321e-06
40 45 97128315 0.00019876042 3291773 6.736184e-06
45 50 1.2020221e+08 0.00024597813 4442466.2 9.0909274e-06
50 55 1.4543005e+08 0.00029760361 5897909.3 1.2069302e-05
55 60 1.7274733e+08 0.00035350486 7586886.6 1.5525573e-05
60 65 2.0209526e+08 0.00041356159 9605499.8 1.9656402e-05
65 70 2.3335891e+08 0.00047753856 11784142 2.4114709e-05
70 75 2.6659119e+08 0.00054554408 14168784 2.8994568e-05
75 80 3.0158974e+08 0.00061716405 16855299 3.4492169e-05
80 85 3.3830647e+08 0.00069230005 19551931 4.0010474e-05
85 90 3.7681459e+08 0.00077110188 22635788 4.6321186e-05
90 95 4.1688744e+08 0.00085310574 25666964 5.2524092e-05
95 100 4.5862966e+08 0.00093852574 28958448 5.9259684e-05
100 105 5.0180798e+08 0.0010268845 32383820 6.6269261e-05
105 110 5.4629251e+08 0.0011179163 35712677 7.3081334e-05
110 115 5.9231365e+08 0.0012120926 39105259 8.0023809e-05
115 120 6.3953601e+08 0.001308727 42671090 8.7320818e-05
120 125 6.8809994e+08 0.0014081067 46190548 9.452293e-05
125 130 7.3787392e+08 0.0015099627 49876885 0.00010206654
130 135 7.8879466e+08 0.0016141653 53562718 0.00010960911
135 140 8.4063058e+08 0.0017202408 57352282 0.00011736396
140 145 8.9343201e+08 0.001828292 61308341 0.00012545952
145 150 9.4728722e+08 0.0019384997 65226384 0.00013347728
150 155 1.0018495e+09 0.0020501543 68822569 0.00014083641
155 160 1.0573479e+09 0.0021637245 72456586 0.00014827295
160 165 1.1134022e+09 0.0022784323 76185922 0.00015590455
165 170 1.1702175e+09 0.0023946974 79465815 0.00016261642
170 175 1.2275249e+09 0.0025119695 82976504 0.00016980059
175 180 1.285554e+09 0.0026307185 86223349 0.00017644483
180 185 1.3439549e+09 0.0027502283 89323561 0.00018278901
185 190 1.4026294e+09 0.002870298 92663907 0.00018962459
190 195 1.4618934e+09 0.002991574 95700715 0.00019583902
195 200 1.5214625e+09 0.0031134745 98567275 0.00020170507
