0 5 441836 1.0157472e-06 14829.52 3.4091932e-08
5 10 3013236 6.9271991e-06 60612.493 1.3934348e-07
10 15 8051104 1.8508872e-05 202013.58 4.6441378e-07
15 20 15457115 3.5534725e-05 496772.52 1.142042e-06
20 25 25011520 5.7499571e-05 1099520.6 2.5277137e-06
25 30 36554889 8.4036894e-05 2226037.5 5.11749e-06
30 35 49919985 0.00011476223 3854333.7 8.8608182e-06
35 40 64965889 0.00014935161 6001943.6 1.3798009e-05
40 45 81523802 0.00018741698 8696396.7 1.9992351e-05
45 50 99496748 0.00022873541 12024996 2.7644546e-05
50 55 1.1868432e+08 0.00027284617 15939486 3.6643658e-05
55 60 1.3899138e+08 0.00031953055 20588729 4.7331913e-05
60 65 1.604405e+08 0.00036884045 25648936 5.8964943e-05
65 70 1.8288986e+08 0.00042044979 31474448 7.2357348e-05
70 75 2.0626413e+08 0.00047418546 37627153 8.6501946e-05
75 80 2.3046328e+08 0.00052981745 44365386 0.00010199263
80 85 2.5534865e+08 0.00058702702 51634347 0.00011870341
85 90 2.8088967e+08 0.00064574386 59361673 0.00013646795
90 95 3.0706932e+08 0.00070592889 67722512 0.00015568887
95 100 3.337461e+08 0.00076725675 76679331 0.00017627992
100 105 3.6078657e+08 0.00082942072 86161096 0.00019807777
105 110 3.881878e+08 0.00089241406 96160113 0.00022106474
110 115 4.1583926e+08 0.00095598265 1.067823e+08 0.00024548435
115 120 4.4362828e+08 0.0010198675 1.1785933e+08 0.00027094958
120 125 4.7164508e+08 0.001084276 1.2953951e+08 0.00029780142
125 130 4.9972747e+08 0.0011488352 1.4157443e+08 0.00032546879
130 135 5.2799625e+08 0.001213823 1.5382333e+08 0.00035362808
135 140 5.5629548e+08 0.0012788808 1.6647778e+08 0.00038271967
140 145 5.8465144e+08 0.0013440689 1.7896321e+08 0.00041142273
145 150 6.1321442e+08 0.001409733 1.9152623e+08 0.00044030415
150 155 6.4169962e+08 0.0014752183 2.0368453e+08 0.00046825516
155 160 6.7046685e+08 0.001541352 2.159795e+08 0.00049652035
160 165 6.9918652e+08 0.0016073763 2.2811869e+08 0.00052442741
165 170 7.2796154e+08 0.0016735279 2.4008007e+08 0.00055192571
170 175 7.5677816e+08 0.0017397751 2.5197026e+08 0.00057926035
175 180 7.8550023e+08 0.0018058049 2.636255e+08 0.00060605485
180 185 8.1406948e+08 0.0018714835 2.7526735e+08 0.00063281859
185 190 8.4260016e+08 0.0019370733 2.8646907e+08 0.00065857048
190 195 8.7096402e+08 0.0020022797 2.9745073e+08 0.00068381647
195 200 8.9910681e+08 0.0020669778 3.0878229e+08 0.00070986686
