0 5 439343 1.0141012e-06 15216.191 3.5122346e-08
5 10 3006895 6.9405811e-06 70203.31 1.6204482e-07
10 15 8036344 1.8549666e-05 195890.63 4.5215905e-07
15 20 15422172 3.5597796e-05 492594.56 1.1370176e-06
20 25 24982235 5.7664543e-05 1100703.8 2.5406686e-06
25 30 36508754 8.4270308e-05 2167192.9 5.0023623e-06
30 35 49871645 0.00011511483 3730364.5 8.6105092e-06
35 40 64876525 0.00014974942 5906704.7 1.3633986e-05
40 45 81458654 0.00018802465 8570934.5 1.9783619e-05
45 50 99410750 0.00022946208 11857443 2.736961e-05
50 55 1.186658e+08 0.00027390702 15806940 3.6485925e-05
55 60 1.3907275e+08 0.00032101077 20381478 4.7044974e-05
60 65 1.6050994e+08 0.00037049258 25402278 5.8634096e-05
65 70 1.8297362e+08 0.00042234372 30959103 7.1460482e-05
70 75 2.0630774e+08 0.00047620406 37152110 8.5755317e-05
75 80 2.3052547e+08 0.00053210395 43948635 0.0001014432
80 85 2.5548869e+08 0.00058972461 51287814 0.00011838366
85 90 2.810927e+08 0.00064882435 58908778 0.00013597453
90 95 3.0728958e+08 0.00070929256 67298436 0.00015533973
95 100 3.339239e+08 0.00077077049 76201690 0.00017589041
100 105 3.6104971e+08 0.00083338287 85737466 0.0001979011
105 110 3.8836337e+08 0.00089642887 95614093 0.00022069855
110 115 4.160934e+08 0.00096043592 1.0624189e+08 0.00024522987
115 120 4.4396869e+08 0.0010247783 1.1730909e+08 0.00027077542
120 125 4.719458e+08 0.0010893557 1.2910753e+08 0.00029800883
125 130 5.0001564e+08 0.0011541471 1.4101243e+08 0.00032548799
130 135 5.2828699e+08 0.0012194036 1.5331948e+08 0.0003538954
135 140 5.5662781e+08 0.0012848205 1.658364e+08 0.00038278722
140 145 5.8485727e+08 0.0013499804 1.7835479e+08 0.00041168244
145 150 6.1345689e+08 0.0014159947 1.9086283e+08 0.00044055378
150 155 6.4220306e+08 0.0014823472 2.0315985e+08 0.00046893803
155 160 6.7096942e+08 0.0015487464 2.1540153e+08 0.00049719455
160 165 6.9961446e+08 0.0016148655 2.274666e+08 0.0005250434
165 170 7.2832494e+08 0.0016811356 2.3947129e+08 0.00055275289
170 175 7.5694677e+08 0.0017472012 2.5123476e+08 0.00057990559
175 180 7.8554336e+08 0.0018132084 2.6321372e+08 0.0006075557
180 185 8.1400736e+08 0.0018789096 2.7465921e+08 0.00063397441
185 190 8.4229893e+08 0.0019442129 2.8637293e+08 0.00066101228
190 195 8.7044992e+08 0.0020091916 2.9840242e+08 0.00068877902
195 200 8.9839623e+08 0.0020736979 3.0966042e+08 0.00071476498
