0 5 481394 9.8747244e-07 22288.648 4.5720192e-08
5 10 3314817 6.7996079e-06 64659.009 1.3263354e-07
10 15 8922005 1.8301504e-05 123731.09 2.5380674e-07
15 20 17290017 3.5466614e-05 214434.23 4.3986401e-07
20 25 28281209 5.8012594e-05 449087.73 9.2120333e-07
25 30 41800396 8.5744191e-05 908944.38 1.8644967e-06
30 35 57809779 0.00011858387 1509645.5 3.096701e-06
35 40 76258933 0.0001564282 2232918 4.5803334e-06
40 45 97019165 0.00019901318 3347284 6.8662067e-06
45 50 1.20055e+08 0.00024626606 4645393.2 9.5289883e-06
50 55 1.4522661e+08 0.0002979 6096557.4 1.2505728e-05
55 60 1.7249259e+08 0.00035383008 7828334.2 1.6058082e-05
60 65 2.0178563e+08 0.00041391822 9776151.8 2.0053595e-05
65 70 2.3308421e+08 0.00047812029 11877132 2.4363288e-05
70 75 2.6626298e+08 0.00054617914 14147415 2.9020268e-05
75 80 3.0121295e+08 0.00061787119 16955910 3.4781268e-05
80 85 3.3796075e+08 0.00069325111 19662897 4.0334048e-05
85 90 3.7642635e+08 0.00077215472 22556148 4.6268908e-05
90 95 4.1644832e+08 0.00085425085 25616384 5.2546298e-05
95 100 4.5808328e+08 0.0009396557 28740983 5.8955717e-05
100 105 5.0116398e+08 0.0010280261 32003334 6.5647702e-05
105 110 5.4570144e+08 0.0011193848 35417275 7.2650643e-05
110 115 5.9165857e+08 0.0012136556 38995657 7.9990893e-05
115 120 6.3890387e+08 0.0013105688 42362217 8.6896642e-05
120 125 6.874167e+08 0.0014100821 45871544 9.4095243e-05
125 130 7.3714009e+08 0.0015120785 48918645 0.00010034569
130 135 7.878713e+08 0.0016161423 52591704 0.00010788015
135 140 8.396468e+08 0.0017223482 56335445 0.0001155596
140 145 8.923954e+08 0.0018305502 59954065 0.00012298239
145 150 9.4610955e+08 0.0019407328 63571495 0.00013040274
150 155 1.0005467e+09 0.0020523984 67197668 0.00013784103
155 160 1.0559141e+09 0.0021659722 70688420 0.00014500153
160 165 1.1118221e+09 0.0022806551 74116357 0.00015203318
165 170 1.168536e+09 0.0023969911 77725933 0.00015943742
170 175 1.2257893e+09 0.0025144335 81107777 0.00016637452
175 180 1.2835228e+09 0.0026328607 84424318 0.00017317766
180 185 1.3416643e+09 0.0027521251 88074745 0.0001806657
185 190 1.4003685e+09 0.0028725438 91133020 0.00018693907
190 195 1.4594634e+09 0.0029937636 94390396 0.00019362085
195 200 1.5186988e+09 0.003115272 97197774 0.00019937956
