0 5 476499 9.8908311e-07 19892.317 4.1291073e-08
5 10 3266859 6.7811162e-06 59532.716 1.2357382e-07
10 15 8820710 1.830941e-05 135027.98 2.8028158e-07
15 20 17068475 3.542954e-05 200654.49 4.1650447e-07
20 25 27931036 5.797728e-05 443982.85 9.2158838e-07
25 30 41297260 8.5721948e-05 847837.64 1.7598818e-06
30 35 57137400 0.0001186018 1413105 2.933224e-06
35 40 75331872 0.0001563686 2205007.6 4.5769998e-06
40 45 95879088 0.00019901907 3213775.2 6.6709285e-06
45 50 1.1861603e+08 0.00024621481 4589759.2 9.5270994e-06
50 55 1.4349654e+08 0.00029786004 6067249.5 1.259397e-05
55 60 1.7047385e+08 0.00035385763 7765406.7 1.6118885e-05
60 65 1.993558e+08 0.00041380874 9545807.2 1.9814515e-05
65 70 2.3027586e+08 0.00047799043 11664925 2.421323e-05
70 75 2.6301673e+08 0.00054595163 13891675 2.8835363e-05
75 80 2.9756584e+08 0.00061766626 16403322 3.4048862e-05
80 85 3.338656e+08 0.00069301474 19079659 3.9604215e-05
85 90 3.7187813e+08 0.00077191847 22000456 4.5666999e-05
90 95 4.1139706e+08 0.00085394908 24806389 5.1491357e-05
95 100 4.5262674e+08 0.00093953076 27791953 5.7688582e-05
100 105 4.9533893e+08 0.0010281897 31246761 6.4859829e-05
105 110 5.393812e+08 0.0011196096 34226779 7.104554e-05
110 115 5.8482837e+08 0.0012139456 37648803 7.8148738e-05
115 120 6.3155448e+08 0.0013109364 40885761 8.4867787e-05
120 125 6.794432e+08 0.0014103404 44157360 9.1658742e-05
125 130 7.2844509e+08 0.0015120551 47763057 9.9143194e-05
130 135 7.7867257e+08 0.0016163138 51268376 0.00010641929
135 140 8.3003313e+08 0.0017229244 54826448 0.00011380488
140 145 8.8229444e+08 0.0018314048 58271627 0.00012095615
145 150 9.354726e+08 0.0019417882 61771354 0.00012822063
150 155 9.894673e+08 0.0020538666 65414639 0.00013578311
155 160 1.0441763e+09 0.0021674277 68977067 0.00014317774
160 165 1.0996501e+09 0.0022825764 72789082 0.00015109046
165 170 1.1556406e+09 0.0023987976 75961433 0.0001576754
170 175 1.212285e+09 0.0025163759 79579397 0.00016518532
175 180 1.2694726e+09 0.0026350819 83219323 0.00017274082
180 185 1.3271448e+09 0.0027547937 86563339 0.00017968209
185 190 1.3852344e+09 0.002875372 90035287 0.00018688892
190 195 1.4436487e+09 0.0029966245 93165244 0.00019338586
195 200 1.5022501e+09 0.0031182651 96270472 0.00019983148
