0 5 475964 9.9109426e-07 23615.938 4.9175192e-08
5 10 3263992 6.7965723e-06 65111.209 1.3558031e-07
10 15 8779160 1.8280742e-05 111265.69 2.3168725e-07
15 20 17001925 3.5402909e-05 173374.3 3.6101528e-07
20 25 27848091 5.7987754e-05 421368.27 8.7741021e-07
25 30 41172173 8.5732334e-05 844385.91 1.7582549e-06
30 35 56955551 0.00011859788 1382015 2.8777537e-06
35 40 75089481 0.00015635795 2151986.9 4.4810571e-06
40 45 95499350 0.00019885718 3114011.4 6.4842694e-06
45 50 1.1816252e+08 0.00024604842 4298868.2 8.9514829e-06
50 55 1.4294873e+08 0.00029766047 5720568.7 1.1911873e-05
55 60 1.6985342e+08 0.00035368379 7331950.3 1.5267234e-05
60 65 1.9876744e+08 0.00041389112 9289426.3 1.9343264e-05
65 70 2.2955434e+08 0.00047799832 11295993 2.3521515e-05
70 75 2.621955e+08 0.00054596662 13530888 2.8175209e-05
75 80 2.9653126e+08 0.00061746358 16052033 3.342496e-05
80 85 3.3268852e+08 0.00069275342 18517047 3.855783e-05
85 90 3.7049904e+08 0.00077148582 21253589 4.42561e-05
90 95 4.0985518e+08 0.00085343664 24063864 5.0107902e-05
95 100 4.5080686e+08 0.00093870985 27383814 5.7020994e-05
100 105 4.9329672e+08 0.001027186 30709932 6.3946931e-05
105 110 5.3720447e+08 0.0011186146 33873445 7.0534278e-05
110 115 5.8232576e+08 0.0012125701 37143940 7.7344391e-05
115 120 6.2887535e+08 0.0013094998 40456080 8.4241222e-05
120 125 6.7657966e+08 0.0014088339 44101463 9.183196e-05
125 130 7.2543728e+08 0.0015105695 47369824 9.863763e-05
130 135 7.7530225e+08 0.0016144028 50981029 0.0001061572
135 140 8.2623855e+08 0.0017204669 54565579 0.00011362126
140 145 8.7824576e+08 0.0018287609 58010834 0.00012079528
145 150 9.3109702e+08 0.0019388124 61626580 0.0001283243
150 155 9.8482395e+08 0.0020506874 65281118 0.00013593411
155 160 1.0394273e+09 0.0021643873 69088699 0.00014386259
160 165 1.0945918e+09 0.0022792556 72698160 0.00015137853
165 170 1.1504392e+09 0.0023955462 76104673 0.00015847187
170 175 1.2066425e+09 0.0025125776 79668731 0.00016589327
175 180 1.2634373e+09 0.0026308406 82924861 0.00017267347
180 185 1.3209508e+09 0.0027506004 86374303 0.0001798562
185 190 1.3787446e+09 0.0028709438 89726894 0.00018683726
190 195 1.4368029e+09 0.0029918378 93399163 0.00019448398
195 200 1.4953443e+09 0.0031137378 96232392 0.00020038358
