0 5 436762 1.0110863e-06 14790.153 3.4238604e-08
5 10 2997978 6.9401977e-06 61807.841 1.4308265e-07
10 15 7991613 1.850026e-05 213916.64 4.9520835e-07
15 20 15337622 3.5505974e-05 483409.86 1.1190742e-06
20 25 24839744 5.7503001e-05 1106218.6 2.5608513e-06
25 30 36288795 8.4007091e-05 2213013.8 5.1230374e-06
30 35 49577035 0.00011476883 3790541.7 8.7749505e-06
35 40 64506491 0.00014932991 5938452.5 1.3747277e-05
40 45 80947746 0.00018739075 8581554.2 1.986595e-05
45 50 98754968 0.00022861375 11885088 2.7513497e-05
50 55 1.1784732e+08 0.00027281177 15768459 3.6503344e-05
55 60 1.3810107e+08 0.00031969838 20362175 4.7137611e-05
60 65 1.5940078e+08 0.00036900635 25511634 5.90584e-05
65 70 1.8166848e+08 0.00042055517 31078050 7.1944428e-05
70 75 2.0481436e+08 0.00047413694 37357962 8.648217e-05
75 80 2.2884912e+08 0.00052977646 44014170 0.00010189102
80 85 2.5355442e+08 0.00058696821 51270211 0.00011868846
85 90 2.7893275e+08 0.00064571802 59107589 0.00013683168
90 95 3.0486536e+08 0.00070575095 67483573 0.00015622174
95 100 3.3127447e+08 0.00076688697 76254106 0.00017652517
100 105 3.5802061e+08 0.0008288032 85735214 0.00019847355
105 110 3.8513914e+08 0.0008915815 95912351 0.00022203321
110 115 4.1254918e+08 0.00095503464 1.0672944e+08 0.00024707433
115 120 4.4005602e+08 0.0010187119 1.1788956e+08 0.00027290955
120 125 4.6777584e+08 0.0010828821 1.2948279e+08 0.00029974742
125 130 4.9554828e+08 0.0011471742 1.4141602e+08 0.00032737236
130 135 5.2350317e+08 0.0012118886 1.5371482e+08 0.00035584359
135 140 5.5152079e+08 0.0012767483 1.6631209e+08 0.00038500574
140 145 5.7972868e+08 0.0013420484 1.7864984e+08 0.00041356715
145 150 6.0799748e+08 0.0014074895 1.9109606e+08 0.00044237965
150 155 6.3632132e+08 0.0014730581 2.034051e+08 0.00047087457
155 160 6.6474429e+08 0.0015388561 2.1550997e+08 0.00049889686
160 165 6.9321346e+08 0.0016047611 2.2744325e+08 0.00052652191
165 170 7.2166819e+08 0.0016706326 2.3922536e+08 0.00055379702
170 175 7.5009883e+08 0.0017364484 2.507192e+08 0.00058040479
175 180 7.7843525e+08 0.0018020461 2.6254154e+08 0.00060777304
180 185 8.0671247e+08 0.0018675067 2.7404252e+08 0.00063439734
185 190 8.348307e+08 0.0019325992 2.8573104e+08 0.00066145578
190 195 8.6255621e+08 0.0019967827 2.9724044e+08 0.00068809958
195 200 8.9035623e+08 0.0020611386 3.0853348e+08 0.00071424252
