0 5 438487 1.0157971e-06 15278.448 3.5393987e-08
5 10 2996382 6.9414057e-06 63245.193 1.4651354e-07
10 15 8014500 1.8566356e-05 203469.66 4.7135694e-07
15 20 15381607 3.5632965e-05 500216.66 1.1587998e-06
20 25 24888826 5.7657347e-05 1126286.1 2.6091496e-06
25 30 36383254 8.428529e-05 2207951.3 5.1149304e-06
30 35 49676046 0.00011507931 3784903.1 8.7680903e-06
35 40 64628092 0.00014971716 6005932.7 1.3913318e-05
40 45 81090773 0.00018785454 8691031.4 2.0133606e-05
45 50 98958437 0.00022924669 11952094 2.768817e-05
50 55 1.1809478e+08 0.00027357786 15951274 3.6952652e-05
55 60 1.3840597e+08 0.00032063067 20476619 4.7436048e-05
60 65 1.5971362e+08 0.00036999189 25517558 5.9113866e-05
65 70 1.8205917e+08 0.00042175748 31165455 7.2197759e-05
70 75 2.0522893e+08 0.00047543245 37355647 8.6537932e-05
75 80 2.2922973e+08 0.0005310326 44142534 0.0001022604
80 85 2.540951e+08 0.00058863562 51109109 0.00011839914
85 90 2.795873e+08 0.00064769075 58679511 0.0001359367
90 95 3.0561485e+08 0.00070798604 67046943 0.00015532066
95 100 3.3208252e+08 0.00076930093 76071028 0.00017622582
100 105 3.5898012e+08 0.0008316118 85499380 0.0001980675
105 110 3.8619468e+08 0.00089465694 95561156 0.00022137656
110 115 4.1365213e+08 0.00095826474 1.0605252e+08 0.0002456808
115 120 4.4121664e+08 0.0010221206 1.172198e+08 0.00027155087
120 125 4.6895673e+08 0.0010863832 1.2873246e+08 0.00029822107
125 130 4.9683296e+08 0.0011509611 1.407311e+08 0.00032601707
130 135 5.2484616e+08 0.0012158563 1.5319811e+08 0.00035489809
135 140 5.529328e+08 0.0012809217 1.6587041e+08 0.00038425468
140 145 5.8113289e+08 0.00134625 1.7828364e+08 0.00041301112
145 150 6.0946417e+08 0.0014118821 1.9060219e+08 0.00044154821
150 155 6.3793458e+08 0.0014778365 2.0269267e+08 0.00046955697
155 160 6.6631697e+08 0.001543587 2.1470762e+08 0.00049739075
160 165 6.94992e+08 0.0016100155 2.2669741e+08 0.00052516623
165 170 7.2357316e+08 0.0016762265 2.3833583e+08 0.00055212777
170 175 7.5219124e+08 0.001742523 2.4969257e+08 0.00057843673
175 180 7.8068026e+08 0.0018085205 2.6118336e+08 0.00060505624
180 185 8.0896721e+08 0.00187405 2.7242996e+08 0.00063111008
185 190 8.3723084e+08 0.0019395254 2.8381662e+08 0.00065748836
190 195 8.6540637e+08 0.0020047967 2.9497455e+08 0.00068333678
195 200 8.9326185e+08 0.0020693266 3.0594114e+08 0.00070874193
