0 5 483655 1.0008855e-06 35067.184 7.2568745e-08
5 10 3292100 6.8127388e-06 83882.695 1.7358856e-07
10 15 8844714 1.8303431e-05 169765.16 3.5131547e-07
15 20 17107905 3.5403447e-05 257406.55 5.3268236e-07
20 25 27989709 5.7922474e-05 467347.95 9.6713936e-07
25 30 41397726 8.5669297e-05 899414.92 1.8612675e-06
30 35 57258995 0.00011849293 1411541.8 2.9210733e-06
35 40 75493501 0.00015622779 2252730.1 4.6618455e-06
40 45 96008749 0.00019868246 3295200.7 6.8191555e-06
45 50 1.187703e+08 0.00024578569 4464482.7 9.2388915e-06
50 55 1.436961e+08 0.00029736763 5997204.6 1.2410737e-05
55 60 1.7070709e+08 0.00035326473 7596152.5 1.5719633e-05
60 65 1.997158e+08 0.00041329593 9532103.5 1.9725929e-05
65 70 2.3064454e+08 0.0004773005 11503459 2.3805492e-05
70 75 2.635117e+08 0.00054531649 13797986 2.8553834e-05
75 80 2.9802548e+08 0.00061673999 16216845 3.3559469e-05
80 85 3.3432011e+08 0.00069184885 18966824 3.9250332e-05
85 90 3.7230196e+08 0.00077044925 21986286 4.5498868e-05
90 95 4.1184969e+08 0.00085229013 24968009 5.1669306e-05
95 100 4.5290557e+08 0.000937252 28085985 5.8121708e-05
100 105 4.9554145e+08 0.0010254836 31458170 6.5100178e-05
105 110 5.3955657e+08 0.0011165693 34781788 7.1978141e-05
110 115 5.8504975e+08 0.0012107139 38260131 7.9176295e-05
115 120 6.3165233e+08 0.0013071542 41669713 8.6232152e-05
120 125 6.7952516e+08 0.0014062232 45233474 9.3607072e-05
125 130 7.2844546e+08 0.0015074599 48744902 0.00010087369
130 135 7.7860845e+08 0.0016112682 52162658 0.00010794647
135 140 8.2975779e+08 0.0017171177 55733034 0.00011533507
140 145 8.8193033e+08 0.0018250846 59650469 0.0001234419
145 150 9.348289e+08 0.001934554 63431351 0.00013126613
150 155 9.8863164e+08 0.0020458944 67190418 0.00013904522
155 160 1.0433434e+09 0.0021591161 70908272 0.00014673902
160 165 1.0986982e+09 0.0022736684 74435162 0.00015403764
165 170 1.1546893e+09 0.0023895376 78272834 0.0001619794
170 175 1.2111948e+09 0.0025064712 81972002 0.00016963453
175 180 1.268204e+09 0.0026244471 85239193 0.00017639572
180 185 1.3257118e+09 0.0027434551 89014772 0.00018420898
185 190 1.3836127e+09 0.0028632762 92453585 0.00019132533
190 195 1.4417531e+09 0.0029835933 95754814 0.00019815696
195 200 1.5002982e+09 0.0031047477 98578179 0.00020399969
