0 5 440415 1.0080629e-06 14415.602 3.2995771e-08
5 10 3024463 6.9226725e-06 65521.758 1.499723e-07
10 15 8078332 1.8490438e-05 214169.71 4.9021158e-07
15 20 15521064 3.5526056e-05 463356.79 1.0605742e-06
20 25 25127242 5.7513571e-05 1092264.1 2.5000757e-06
25 30 36720371 8.4049004e-05 2199616.2 5.0346864e-06
30 35 50171915 0.00011483815 3818533.4 8.7402147e-06
35 40 65283411 0.00014942675 5976321.4 1.3679161e-05
40 45 81907686 0.00018747794 8757026.7 2.0043898e-05
45 50 99962782 0.00022880412 12117515 2.7735697e-05
50 55 1.1924849e+08 0.00027294704 16017421 3.6662165e-05
55 60 1.3974937e+08 0.00031987137 20608800 4.717134e-05
60 65 1.6135744e+08 0.00036932994 25731181 5.8895922e-05
65 70 1.8394835e+08 0.0004210381 31473178 7.203874e-05
70 75 2.0744261e+08 0.00047481396 37470633 8.5766273e-05
75 80 2.318258e+08 0.00053062447 44234324 0.00010124764
80 85 2.568889e+08 0.00058799123 51433863 0.00011772661
85 90 2.8264341e+08 0.00064694055 59295718 0.00013572156
90 95 3.0900112e+08 0.00070727052 67535873 0.00015458239
95 100 3.3578925e+08 0.00076858569 76435340 0.00017495232
100 105 3.6299279e+08 0.00083085169 86045096 0.00019694803
105 110 3.9059132e+08 0.00089402178 96043742 0.00021983386
110 115 4.1834463e+08 0.00095754614 1.0691257e+08 0.00024471144
115 120 4.4630002e+08 0.001021533 1.1821589e+08 0.00027058352
120 125 4.7443504e+08 0.0010859311 1.3022427e+08 0.00029806943
125 130 5.0262934e+08 0.0011504648 1.421299e+08 0.00032532015
130 135 5.309583e+08 0.0012153068 1.5458353e+08 0.00035382518
135 140 5.5937238e+08 0.0012803436 1.6733058e+08 0.0003830018
140 145 5.878792e+08 0.0013455926 1.7974169e+08 0.0004114095
145 150 6.1652004e+08 0.0014111485 1.9232263e+08 0.00044020594
150 155 6.4528228e+08 0.0014769822 2.0479582e+08 0.00046875574
155 160 6.7415772e+08 0.001543075 2.170603e+08 0.00049682782
160 165 7.0300958e+08 0.0016091138 2.291787e+08 0.00052456555
165 170 7.3189544e+08 0.0016752304 2.4134416e+08 0.00055241097
170 175 7.605945e+08 0.0017409195 2.5323583e+08 0.00057962975
175 180 7.8927349e+08 0.0018065626 2.6549921e+08 0.0006076993
180 185 8.1773063e+08 0.001871698 2.7729919e+08 0.0006347082
185 190 8.4613366e+08 0.0019367095 2.8909296e+08 0.00066170289
190 195 8.7439408e+08 0.0020013946 3.0090331e+08 0.00068873551
195 200 9.0232856e+08 0.0020653336 3.1239001e+08 0.00071502733
