0 5 440834 1.0150945e-06 13878.297 3.1957113e-08
5 10 3012314 6.9363598e-06 70705.704 1.6281178e-07
10 15 8042376 1.8518924e-05 218690.52 5.0357172e-07
15 20 15425487 3.5519779e-05 488115.42 1.1239679e-06
20 25 24976283 5.7512094e-05 1108666.4 2.5528909e-06
25 30 36496239 8.403873e-05 2245690.1 5.1710793e-06
30 35 49838898 0.00011476245 3849663.3 8.8644974e-06
35 40 64839973 0.00014930495 6002428.2 1.3821601e-05
40 45 81339271 0.00018729736 8749414.2 2.0146998e-05
45 50 99242064 0.00022852155 12111496 2.7888758e-05
50 55 1.1840402e+08 0.00027264517 16101330 3.7076021e-05
55 60 1.3874806e+08 0.00031949075 20598361 4.7431192e-05
60 65 1.6015227e+08 0.00036877754 25561884 5.8860538e-05
65 70 1.8257578e+08 0.00042041146 31175183 7.1786104e-05
70 75 2.058629e+08 0.00047403396 37392655 8.6102878e-05
75 80 2.3002888e+08 0.00052968019 44221090 0.0001018265
80 85 2.549229e+08 0.00058700286 51298799 0.00011812412
85 90 2.8046842e+08 0.00064582573 58926125 0.00013568732
90 95 3.0659784e+08 0.00070599312 67259747 0.00015487688
95 100 3.3317973e+08 0.00076720238 76088450 0.00017520646
100 105 3.6017295e+08 0.00082935881 85527006 0.00019694032
105 110 3.875166e+08 0.00089232217 95649404 0.00022024885
110 115 4.1506456e+08 0.00095575597 1.0635333e+08 0.00024489644
115 120 4.4276154e+08 0.0010195329 1.1754402e+08 0.00027066489
120 125 4.7060447e+08 0.001083646 1.2917124e+08 0.00029743851
125 130 4.9853214e+08 0.0011479541 1.4120642e+08 0.00032515154
130 135 5.2663256e+08 0.0012126601 1.5349116e+08 0.00035343921
135 140 5.5491989e+08 0.0012777964 1.6599091e+08 0.00038222199
140 145 5.8319724e+08 0.0013429098 1.7831513e+08 0.00041060058
145 150 6.1169201e+08 0.0014085238 1.9094666e+08 0.00043968681
150 155 6.4014267e+08 0.0014740362 2.0284326e+08 0.00046708074
155 160 6.6874308e+08 0.0015398935 2.1513725e+08 0.00049538972
160 165 6.9746709e+08 0.0016060353 2.2711691e+08 0.00052297489
165 170 7.2612851e+08 0.0016720331 2.3879084e+08 0.00054985608
170 175 7.547204e+08 0.0017378707 2.502007e+08 0.0005761292
175 180 7.8337322e+08 0.0018038486 2.6149158e+08 0.00060212835
180 185 8.119298e+08 0.001869605 2.7292272e+08 0.00062845047
185 190 8.4024551e+08 0.0019348067 2.8438595e+08 0.0006548465
190 195 8.6832256e+08 0.0019994588 2.9583414e+08 0.00068120787
195 200 8.9632032e+08 0.0020639283 3.0703539e+08 0.00070700063
