0 5 436627 1.0158024e-06 15888.351 3.6963873e-08
5 10 2980831 6.9348326e-06 71925.812 1.673337e-07
10 15 7971578 1.8545687e-05 210369.51 4.8941967e-07
15 20 15284651 3.5559378e-05 499561.98 1.1622191e-06
20 25 24753077 5.7587446e-05 1140161.8 2.6525595e-06
25 30 36148377 8.4098342e-05 2256312.3 5.249257e-06
30 35 49396828 0.00011492055 3837974 8.9289555e-06
35 40 64253112 0.00014948334 5967750.2 1.3883829e-05
40 45 80631482 0.00018758723 8623507.9 2.0062387e-05
45 50 98395856 0.00022891562 11961196 2.782744e-05
50 55 1.1740516e+08 0.00027314033 15957785 3.7125408e-05
55 60 1.3756337e+08 0.00032003791 20464105 4.7609254e-05
60 65 1.5878656e+08 0.00036941316 25490546 5.9303151e-05
65 70 1.8089594e+08 0.00042085012 31023564 7.2175586e-05
70 75 2.0402755e+08 0.00047466525 37269744 8.6707176e-05
75 80 2.2791082e+08 0.00053022912 43974992 0.00010230677
80 85 2.5254842e+08 0.00058754792 51154826 0.00011901049
85 90 2.7791678e+08 0.00064656679 58725037 0.0001366224
90 95 3.0375311e+08 0.0007066744 67006600 0.00015588927
95 100 3.3009821e+08 0.00076796566 75599479 0.0001758804
100 105 3.5687166e+08 0.00083025345 84963335 0.00019766518
105 110 3.8389669e+08 0.00089312655 95100209 0.00022124838
110 115 4.1123612e+08 0.00095673108 1.05572e+08 0.00024561074
115 120 4.3869057e+08 0.0010206032 1.1675634e+08 0.00027163085
120 125 4.6624678e+08 0.0010847121 1.2808309e+08 0.00029798227
125 130 4.9402049e+08 0.001149327 1.4021369e+08 0.00032620382
130 135 5.2176768e+08 0.0012138801 1.5235409e+08 0.00035444818
135 140 5.4969126e+08 0.0012788437 1.6491344e+08 0.0003836672
140 145 5.7763221e+08 0.0013438476 1.7712129e+08 0.00041206847
145 150 6.05781e+08 0.0014093351 1.894602e+08 0.00044077467
150 155 6.338854e+08 0.0014747193 2.017261e+08 0.00046931098
155 160 6.6199523e+08 0.0015401162 2.1388392e+08 0.00049759587
160 165 6.9040878e+08 0.0016062196 2.2573089e+08 0.00052515756
165 170 7.1870504e+08 0.0016720502 2.3739768e+08 0.00055230008
170 175 7.4705018e+08 0.0017379945 2.4889595e+08 0.00057905051
175 180 7.7518714e+08 0.0018034545 2.6026206e+08 0.0006054935
180 185 8.0324021e+08 0.0018687193 2.7160816e+08 0.00063188994
185 190 8.3124613e+08 0.0019338744 2.8248128e+08 0.000657186
190 195 8.5904695e+08 0.0019985523 2.9369574e+08 0.00068327617
195 200 8.8675697e+08 0.0020630191 3.0448731e+08 0.00070838251
