0 5 443097 1.0095598e-06 15428.755 3.5153138e-08
5 10 3037125 6.9198375e-06 60232.261 1.3723421e-07
10 15 8111366 1.8481075e-05 193867.95 4.4171205e-07
15 20 15571009 3.5477253e-05 489532.24 1.1153586e-06
20 25 25217745 5.7456541e-05 1157094.8 2.6363445e-06
25 30 36835829 8.3927383e-05 2272096.3 5.176783e-06
30 35 50317109 0.00011464336 3893760.7 8.871611e-06
35 40 65475265 0.00014917996 6031059.5 1.3741269e-05
40 45 82134741 0.0001871372 8758072.6 1.9954542e-05
45 50 1.0026172e+08 0.00022843801 12180424 2.7752087e-05
50 55 1.1963724e+08 0.00027258353 16096026 3.6673461e-05
55 60 1.402272e+08 0.00031949606 20694242 4.7150114e-05
60 65 1.6184561e+08 0.0003687518 25921580 5.9060171e-05
65 70 1.8450144e+08 0.00042037125 31562621 7.1912816e-05
70 75 2.0800594e+08 0.00047392428 37861856 8.62651e-05
75 80 2.3242599e+08 0.00052956336 44736686 0.00010192883
80 85 2.5749961e+08 0.00058669152 52055175 0.0001186034
85 90 2.8321361e+08 0.00064527873 60077524 0.00013688166
90 95 3.0956215e+08 0.0007053117 68501255 0.00015607443
95 100 3.3634061e+08 0.0007663242 77556946 0.00017670707
100 105 3.635006e+08 0.00082820599 87309257 0.0001989269
105 110 3.9104382e+08 0.00089096094 97555710 0.0002222726
110 115 4.1881807e+08 0.00095424226 1.0838512e+08 0.00024694651
115 120 4.4684261e+08 0.0010180938 1.195332e+08 0.00027234649
120 125 4.751135e+08 0.0010825067 1.3140894e+08 0.00029940438
125 130 5.0328528e+08 0.0011466938 1.4322848e+08 0.00032633422
130 135 5.3175338e+08 0.001211556 1.5567772e+08 0.00035469877
135 140 5.602062e+08 0.0012763834 1.6811202e+08 0.0003830293
140 145 5.8886786e+08 0.0013416866 1.8073453e+08 0.00041178865
145 150 6.1764627e+08 0.0014072558 1.9338754e+08 0.00044061748
150 155 6.4650336e+08 0.0014730043 2.0577013e+08 0.00046883018
155 160 6.7540787e+08 0.0015388608 2.1792482e+08 0.00049652364
160 165 7.0439447e+08 0.0016049044 2.2978731e+08 0.00052355134
165 170 7.334111e+08 0.0016710164 2.4165601e+08 0.00055059319
170 175 7.6232517e+08 0.0017368947 2.5377499e+08 0.00057820527
175 180 7.9116723e+08 0.0018026089 2.6522513e+08 0.00060429346
180 185 8.1998775e+08 0.0018682741 2.7737698e+08 0.00063198047
185 190 8.4872418e+08 0.0019337477 2.8902246e+08 0.00065851371
190 195 8.7711882e+08 0.0019984425 3.0048828e+08 0.00068463764
195 200 9.0541063e+08 0.0020629031 3.1214415e+08 0.00071119457
