0 5 439799 1.0106314e-06 14145.823 3.2506242e-08
5 10 3014732 6.9276712e-06 64345.719 1.4786256e-07
10 15 8043992 1.8484606e-05 205854.31 4.7304072e-07
15 20 15424823 3.5445307e-05 516907.51 1.1878221e-06
20 25 25003253 5.7455958e-05 1117422.4 2.5677689e-06
25 30 36536686 8.3959087e-05 2248304.2 5.1664665e-06
30 35 49890195 0.00011464464 3850896.4 8.8491263e-06
35 40 64934603 0.00014921578 5951445.9 1.3676062e-05
40 45 81440181 0.00018714459 8631426.1 1.9834493e-05
45 50 99363598 0.00022833152 11958456 2.7479805e-05
50 55 1.1857934e+08 0.00027248814 15920264 3.65838e-05
55 60 1.3892391e+08 0.00031923871 20481961 4.7066303e-05
60 65 1.6034447e+08 0.00036846185 25623456 5.8881148e-05
65 70 1.8277095e+08 0.00041999655 31250884 7.1812636e-05
70 75 2.0615323e+08 0.0004737276 37460780 8.60826e-05
75 80 2.3027894e+08 0.00052916702 43947375 0.0001009884
80 85 2.5519544e+08 0.00058642364 51279586 0.00011783738
85 90 2.8073111e+08 0.00064510305 59011129 0.00013560399
90 95 3.0689879e+08 0.00070523481 67297394 0.00015464533
95 100 3.3350453e+08 0.00076637318 76288604 0.00017530658
100 105 3.6054918e+08 0.00082852015 85842060 0.00019725984
105 110 3.8789205e+08 0.00089135239 95817070 0.00022018181
110 115 4.1547292e+08 0.00095473156 1.0628833e+08 0.00024424412
115 120 4.4326462e+08 0.0010185952 1.1736542e+08 0.0002696986
120 125 4.713762e+08 0.0010831939 1.2905393e+08 0.0002965581
125 130 4.9939868e+08 0.0011475879 1.4085038e+08 0.00032366562
130 135 5.2763553e+08 0.0012124744 1.5292555e+08 0.00035141364
135 140 5.5597862e+08 0.0012776051 1.6532238e+08 0.00037990079
140 145 5.8440453e+08 0.0013429262 1.774548e+08 0.00040778037
145 150 6.1290252e+08 0.0014084128 1.8971968e+08 0.00043596432
150 155 6.4148141e+08 0.0014740854 2.0214457e+08 0.00046451596
155 160 6.7011952e+08 0.001539894 2.1412586e+08 0.00049204823
160 165 6.9893773e+08 0.0016061165 2.2630486e+08 0.00052003483
165 170 7.2774559e+08 0.0016723152 2.3838883e+08 0.00054780306
170 175 7.5646242e+08 0.0017383047 2.5017379e+08 0.00057488419
175 180 7.8506423e+08 0.00180403 2.6179001e+08 0.00060157757
180 185 8.1366393e+08 0.0018697503 2.7323715e+08 0.0006278824
185 190 8.4215803e+08 0.0019352281 2.8445209e+08 0.00065365364
190 195 8.7032563e+08 0.0019999555 2.9603338e+08 0.00068026675
195 200 8.9843235e+08 0.002064543 3.0760184e+08 0.00070685035
