0 5 432919 1.0060572e-06 13050.75 3.032854e-08
5 10 2973059 6.9090696e-06 53520.831 1.2437666e-07
10 15 7951934 1.847944e-05 195264.36 4.5377339e-07
15 20 15269724 3.5485197e-05 472150.7 1.0972275e-06
20 25 24736286 5.748447e-05 1100158.3 2.5566497e-06
25 30 36155070 8.4020497e-05 2190019.9 5.0893709e-06
30 35 49349463 0.00011468285 3758325.1 8.7339437e-06
35 40 64242270 0.00014929213 5810747.6 1.3503553e-05
40 45 80573613 0.00018724442 8426335.1 1.9581897e-05
45 50 98313707 0.00022847049 11717823 2.7230962e-05
50 55 1.1735489e+08 0.00027272016 15688338 3.6458012e-05
55 60 1.3753343e+08 0.0003196129 20227213 4.7005868e-05
60 65 1.5873855e+08 0.00036889132 25278798 5.8745208e-05
65 70 1.8094066e+08 0.00042048665 30821175 7.1625097e-05
70 75 2.0406424e+08 0.00047422337 36878419 8.5701481e-05
75 80 2.2799833e+08 0.00052984361 43479029 0.00010104059
80 85 2.5272396e+08 0.00058730331 50522950 0.00011740991
85 90 2.7803589e+08 0.00064612552 58235059 0.00013533202
90 95 3.0394056e+08 0.0007063252 66559058 0.0001546761
95 100 3.3027198e+08 0.00076751659 75416033 0.00017525876
100 105 3.5696352e+08 0.00082954486 84953305 0.00019742235
105 110 3.8393959e+08 0.00089223435 94928292 0.00022060315
110 115 4.1123763e+08 0.00095567204 1.0571355e+08 0.00024566694
115 120 4.3867596e+08 0.0010194358 1.1702074e+08 0.00027194363
120 125 4.6625603e+08 0.0010835289 1.2877356e+08 0.00029925591
125 130 4.9384489e+08 0.0011476424 1.4059394e+08 0.00032672521
130 135 5.2150009e+08 0.0012119102 1.5314585e+08 0.0003558945
135 140 5.4939361e+08 0.0012767317 1.654771e+08 0.00038455101
140 145 5.7745349e+08 0.0013419398 1.7784704e+08 0.0004132974
145 150 6.0540054e+08 0.0014068858 1.9038952e+08 0.00044244478
150 155 6.3359906e+08 0.0014724161 2.0273593e+08 0.0004711365
155 160 6.6187193e+08 0.0015381192 2.1478947e+08 0.00049914765
160 165 6.9022273e+08 0.0016040034 2.2666305e+08 0.00052674058
165 170 7.1861108e+08 0.0016699749 2.3842628e+08 0.00055407705
170 175 7.4692747e+08 0.0017357792 2.4964219e+08 0.00058014163
175 180 7.750443e+08 0.0018011197 2.6074061e+08 0.00060593316
180 185 8.0311694e+08 0.0018663574 2.7184531e+08 0.00063173927
185 190 8.3116101e+08 0.0019315288 2.8293473e+08 0.0006575099
190 195 8.589659e+08 0.0019961444 2.9424771e+08 0.00068380005
195 200 8.8658576e+08 0.00206033 3.0532533e+08 0.00070954324
