0 5 442112 1.0175185e-06 26201.205 6.030194e-08
5 10 3017385 6.9444962e-06 90659.708 2.0865286e-07
10 15 8037018 1.8497156e-05 237348.22 5.4625572e-07
15 20 15404200 3.5452688e-05 518938.62 1.1943346e-06
20 25 24932880 5.7382896e-05 1165937.9 2.6834002e-06
25 30 36419611 8.3819549e-05 2280598.5 5.248786e-06
30 35 49740186 0.00011447679 3783737.9 8.7082535e-06
35 40 64733903 0.00014898475 5919711.9 1.3624187e-05
40 45 81209138 0.00018690242 8615948.9 1.9829563e-05
45 50 99100008 0.00022807816 11885611 2.7354674e-05
50 55 1.182543e+08 0.00027216167 15788378 3.6336872e-05
55 60 1.3854413e+08 0.0003188586 20291927 4.6701766e-05
60 65 1.5996789e+08 0.00036816529 25436739 5.8542525e-05
65 70 1.8234285e+08 0.00041966115 30977010 7.1293432e-05
70 75 2.0567859e+08 0.00047336823 37177654 8.5564183e-05
75 80 2.2975447e+08 0.00052877874 43740025 0.00010066744
80 85 2.5463364e+08 0.00058603803 50855386 0.00011704341
85 90 2.8018796e+08 0.00064485116 58433909 0.00013448534
90 95 3.06312e+08 0.00070497551 66718104 0.00015355138
95 100 3.3294631e+08 0.00076627423 75413369 0.00017356349
100 105 3.5990646e+08 0.00082832288 84801638 0.00019517054
105 110 3.8725396e+08 0.00089126303 94762668 0.0002180958
110 115 4.1484493e+08 0.0009547635 1.0559184e+08 0.00024301908
115 120 4.4256819e+08 0.0010185684 1.1678657e+08 0.0002687837
120 125 4.704631e+08 0.0010827684 1.2842086e+08 0.00029555996
125 130 4.9843643e+08 0.0011471489 1.4042916e+08 0.00032319699
130 135 5.265998e+08 0.0012119668 1.5263763e+08 0.00035129472
135 140 5.5480134e+08 0.0012768725 1.6508958e+08 0.00037995284
140 145 5.8319835e+08 0.001342228 1.7774354e+08 0.00040907585
145 150 6.1167223e+08 0.0014077605 1.9034316e+08 0.00043807382
150 155 6.4025814e+08 0.0014735508 2.0250417e+08 0.00046606233
155 160 6.6893884e+08 0.0015395593 2.1473428e+08 0.00049420985
160 165 6.9762534e+08 0.0016055812 2.2713379e+08 0.00052274726
165 170 7.2627814e+08 0.0016715254 2.3896009e+08 0.00054996543
170 175 7.549055e+08 0.0017374112 2.5082404e+08 0.00057727025
175 180 7.8360329e+08 0.001803459 2.6286582e+08 0.00060498435
180 185 8.1210475e+08 0.001869055 2.7474862e+08 0.00063233256
185 190 8.4050293e+08 0.0019344132 2.8600732e+08 0.0006582444
190 195 8.6876789e+08 0.0019994649 2.9728311e+08 0.00068419557
195 200 8.9670964e+08 0.0020637727 3.0859098e+08 0.00071022057
