0 5 435945 1.0098515e-06 12429.1 2.8791578e-08
5 10 2994886 6.9375495e-06 53613.845 1.2419461e-07
10 15 7992979 1.8515458e-05 190331.26 4.4089576e-07
15 20 15331425 3.5514714e-05 453107.5 1.0496078e-06
20 25 24836261 5.7532337e-05 1129582.7 2.6166392e-06
25 30 36309697 8.4110153e-05 2213991.9 5.1286353e-06
30 35 49556866 0.00011479676 3814742.2 8.836718e-06
35 40 64503627 0.00014942041 5947592.9 1.3777392e-05
40 45 80903823 0.0001874109 8577908.1 1.9870426e-05
45 50 98728238 0.00022870054 11883726 2.7528239e-05
50 55 1.1779722e+08 0.00027287317 15778989 3.655148e-05
55 60 1.3803502e+08 0.00031975333 20308878 4.704481e-05
60 65 1.593508e+08 0.00036913059 25464894 5.8988544e-05
65 70 1.8161002e+08 0.00042069332 31117946 7.2083643e-05
70 75 2.0479755e+08 0.00047440643 37270977 8.6336926e-05
75 80 2.2873156e+08 0.00052984871 43892318 0.00010167503
80 85 2.5343361e+08 0.00058707016 51066141 0.00011829294
85 90 2.7875454e+08 0.00064572521 58678222 0.00013592607
90 95 3.0477852e+08 0.00070600888 66919621 0.00015501698
95 100 3.3122138e+08 0.00076726283 75921918 0.00017587049
100 105 3.5805507e+08 0.00082942215 85112516 0.00019716019
105 110 3.8522531e+08 0.00089236106 94922915 0.00021988564
110 115 4.1266617e+08 0.00095592685 1.0530599e+08 0.00024393767
115 120 4.4038522e+08 0.0010201371 1.1629547e+08 0.00026939442
120 125 4.681265e+08 0.0010843988 1.2781859e+08 0.00029608733
125 130 4.9588874e+08 0.001148709 1.396031e+08 0.00032338575
130 135 5.2397514e+08 0.0012137702 1.5175147e+08 0.00035152701
135 140 5.5207565e+08 0.0012788641 1.6394073e+08 0.00037976301
140 145 5.8037334e+08 0.0013444147 1.7592546e+08 0.00040752523
145 150 6.0860664e+08 0.0014098162 1.8819831e+08 0.00043595486
150 155 6.3708206e+08 0.0014757785 2.003373e+08 0.00046407441
155 160 6.6558018e+08 0.0015417934 2.1249234e+08 0.00049223114
160 165 6.9407348e+08 0.0016077971 2.2429954e+08 0.00051958211
165 170 7.2262108e+08 0.0016739266 2.3610327e+08 0.00054692502
170 175 7.5116589e+08 0.0017400497 2.4740487e+08 0.0005731048
175 180 7.7969296e+08 0.0018061317 2.5856429e+08 0.00059895519
180 185 8.080896e+08 0.0018719115 2.7009804e+08 0.00062567274
185 190 8.3644646e+08 0.0019375992 2.8121481e+08 0.00065142435
190 195 8.6457374e+08 0.0020027551 2.9219559e+08 0.00067686096
195 200 8.9244779e+08 0.0020673243 3.0294082e+08 0.00070175191
