0 5 437617 1.0086399e-06 13428.078 3.0949656e-08
5 10 3006606 6.9297649e-06 60024.533 1.3834733e-07
10 15 8031054 1.8510346e-05 207995.93 4.7939866e-07
15 20 15417051 3.5533934e-05 476651.77 1.0986091e-06
20 25 24950868 5.7507917e-05 1117755.9 2.5762556e-06
25 30 36438701 8.3985607e-05 2235988.5 5.15361e-06
30 35 49761452 0.0001146925 3862156.3 8.9016769e-06
35 40 64727703 0.00014918741 6020703.7 1.3876797e-05
40 45 81198396 0.00018714983 8686617.5 2.0021319e-05
45 50 99071076 0.00022834361 12033173 2.7734615e-05
50 55 1.1820126e+08 0.00027243574 15973434 3.6816312e-05
55 60 1.3847117e+08 0.00031915476 20554452 4.7374854e-05
60 65 1.5979956e+08 0.00036831343 25690614 5.9212917e-05
65 70 1.8210977e+08 0.00041973504 31430819 7.2443208e-05
70 75 2.0534999e+08 0.00047330017 37578286 8.6612176e-05
75 80 2.2940638e+08 0.00052874646 44280834 0.00010206052
80 85 2.543077e+08 0.00058614016 51380856 0.00011842498
85 90 2.7981844e+08 0.00064493852 59104997 0.00013622794
90 95 3.0595021e+08 0.00070516822 67225535 0.00015494453
95 100 3.3246966e+08 0.00076629149 76130306 0.00017546866
100 105 3.5940372e+08 0.00082837035 85727569 0.00019758887
105 110 3.8670012e+08 0.00089128436 95753045 0.00022069606
110 115 4.142363e+08 0.00095475103 1.0647285e+08 0.00024540356
115 120 4.4191057e+08 0.001018536 1.1768323e+08 0.00027124175
120 125 4.6979412e+08 0.0010828033 1.2961642e+08 0.00029874593
125 130 4.9762524e+08 0.0011469497 1.4168298e+08 0.0003265575
130 135 5.2568497e+08 0.0012116231 1.540836e+08 0.00035513903
135 140 5.5378738e+08 0.0012763948 1.6675873e+08 0.00038435325
140 145 5.8208953e+08 0.0013416269 1.7958314e+08 0.00041391155
145 150 6.1043296e+08 0.0014069542 1.9189614e+08 0.00044229111
150 155 6.3901707e+08 0.0014728362 2.044185e+08 0.00047115324
155 160 6.6760138e+08 0.0015387186 2.1675388e+08 0.00049958439
160 165 6.9636592e+08 0.0016050164 2.2903792e+08 0.00052789722
165 170 7.2491532e+08 0.0016708184 2.4101663e+08 0.00055550631
170 175 7.5367422e+08 0.0017371033 2.5285627e+08 0.00058279485
175 180 7.822437e+08 0.0018029515 2.648719e+08 0.00061048903
180 185 8.1060205e+08 0.0018683132 2.7658254e+08 0.00063748026
185 190 8.3888443e+08 0.0019334997 2.884793e+08 0.00066490046
190 195 8.6706157e+08 0.0019984437 3.0025294e+08 0.00069203689
195 200 8.9502565e+08 0.0020628966 3.1151855e+08 0.00071800241
