0 5 444168 1.024753e-06 28107.874 6.4848496e-08
5 10 3019830 6.9671379e-06 96730.871 2.2317062e-07
10 15 8039334 1.8547782e-05 214971.78 4.9596766e-07
15 20 15396031 3.5520633e-05 532343.3 1.2281848e-06
20 25 24933405 5.7524586e-05 1153920.1 2.6622428e-06
25 30 36431631 8.4052479e-05 2229668 5.144132e-06
30 35 49767097 0.00011481912 3769178.8 8.6959825e-06
35 40 64771828 0.00014943698 5853225.2 1.3504147e-05
40 45 81281333 0.00018752654 8545614.1 1.9715836e-05
45 50 99183553 0.00022882927 11786395 2.7192736e-05
50 55 1.1839813e+08 0.00027315978 15730860 3.6293126e-05
55 60 1.3876069e+08 0.00032013884 20224875 4.66614e-05
60 65 1.6018063e+08 0.0003695574 25242259 5.8237153e-05
65 70 1.8263361e+08 0.00042135934 30835701 7.1141945e-05
70 75 2.0594985e+08 0.00047515291 36974625 8.5305236e-05
75 80 2.3006851e+08 0.00053079778 43596249 0.00010058218
80 85 2.5491208e+08 0.00058811511 50767809 0.00011712789
85 90 2.8047494e+08 0.00064709192 58659566 0.0001353352
90 95 3.0659449e+08 0.0007073531 66851490 0.00015423502
95 100 3.3319928e+08 0.00076873379 75721715 0.00017469978
100 105 3.6021056e+08 0.00083105229 85039526 0.00019619717
105 110 3.874539e+08 0.0008939062 94808962 0.00021873652
110 115 4.1505834e+08 0.00095759321 1.0551663e+08 0.00024344049
115 120 4.4287405e+08 0.0010217677 1.1665336e+08 0.00026913437
120 125 4.7079429e+08 0.0010861832 1.2828502e+08 0.00029597012
125 130 4.9876061e+08 0.0011507052 1.4025174e+08 0.00032357888
130 135 5.2692911e+08 0.0012156935 1.5246897e+08 0.00035176561
135 140 5.5524747e+08 0.0012810276 1.6492545e+08 0.00038050431
140 145 5.8347056e+08 0.001346142 1.7711963e+08 0.00040863788
145 150 6.1195881e+08 0.001411868 1.8961355e+08 0.00043746296
150 155 6.4054901e+08 0.0014778293 2.0191504e+08 0.00046584407
155 160 6.6914654e+08 0.0015438075 2.1417155e+08 0.00049412144
160 165 6.9785548e+08 0.0016100427 2.260499e+08 0.00052152633
165 170 7.265196e+08 0.0016761746 2.377524e+08 0.0005485255
170 175 7.5518564e+08 0.0017423108 2.4946627e+08 0.00057555091
175 180 7.8375753e+08 0.0018082299 2.6106523e+08 0.00060231122
180 185 8.1220095e+08 0.0018738525 2.7266598e+08 0.00062907564
185 190 8.405022e+08 0.0019391471 2.8425639e+08 0.00065581621
190 195 8.6853798e+08 0.0020038293 2.9562718e+08 0.0006820501
195 200 8.9645876e+08 0.0020682462 3.0692307e+08 0.00070811116
