0 5 442595 1.0104424e-06 12830.342 2.9291614e-08
5 10 3033750 6.9260378e-06 67629.759 1.5439844e-07
10 15 8102174 1.8497227e-05 193606.87 4.4200363e-07
15 20 15552033 3.5505222e-05 495661.17 1.1315923e-06
20 25 25177209 5.7479456e-05 1142249.1 2.6077496e-06
25 30 36776290 8.3960107e-05 2289415.2 5.2267246e-06
30 35 50248942 0.00011471811 3857397.1 8.8064204e-06
35 40 65373360 0.00014924709 6031775.6 1.3770517e-05
40 45 82032738 0.00018728038 8756351.1 1.9990711e-05
45 50 1.0014119e+08 0.00022862188 12128141 2.7688493e-05
50 55 1.1949309e+08 0.0002728022 16070932 3.6689867e-05
55 60 1.3999319e+08 0.00031960383 20614830 4.7063566e-05
60 65 1.6158896e+08 0.00036890687 25706881 5.8688695e-05
65 70 1.8422794e+08 0.00042059157 31498119 7.1910065e-05
70 75 2.077783e+08 0.00047435693 37636974 8.5925045e-05
75 80 2.321801e+08 0.00053006614 44448892 0.00010147662
80 85 2.5729735e+08 0.00058740871 51724485 0.00011808677
85 90 2.8313343e+08 0.00064639236 59516454 0.0001358758
90 95 3.0942585e+08 0.00070641785 67982995 0.00015520488
95 100 3.3630334e+08 0.00076777903 77038096 0.00017587763
100 105 3.635811e+08 0.00083005403 86619087 0.00019775099
105 110 3.9125733e+08 0.00089323874 96857759 0.00022112583
110 115 4.1906177e+08 0.00095671615 1.0746101e+08 0.00024533301
115 120 4.4713117e+08 0.0010207985 1.189344e+08 0.0002715267
120 125 4.7524848e+08 0.0010849902 1.3076269e+08 0.00029853064
125 130 5.0347446e+08 0.00114943 1.4279564e+08 0.00032600182
130 135 5.3183794e+08 0.0012141837 1.5520766e+08 0.0003543384
135 140 5.6027058e+08 0.0012790953 1.6786744e+08 0.00038324063
140 145 5.888872e+08 0.0013444269 1.8058625e+08 0.0004122776
145 150 6.1754705e+08 0.0014098572 1.9325761e+08 0.00044120626
150 155 6.4630856e+08 0.0014755196 2.0591668e+08 0.00047010687
155 160 6.7520375e+08 0.0015414872 2.1844123e+08 0.00049870036
160 165 7.0417379e+08 0.0016076256 2.3055919e+08 0.0005263656
165 170 7.3301139e+08 0.0016734618 2.4250464e+08 0.00055363702
170 175 7.6203066e+08 0.0017397126 2.5428868e+08 0.00058053993
175 180 7.9062294e+08 0.0018049887 2.6613336e+08 0.00060758128
180 185 8.1934162e+08 0.0018705533 2.7809948e+08 0.00063489989
185 190 8.4787388e+08 0.0019356923 2.8964186e+08 0.00066125108
190 195 8.7626273e+08 0.0020005039 3.0115729e+08 0.00068754075
195 200 9.0431723e+08 0.0020645522 3.1287337e+08 0.00071428853
