0 5 482286 9.9811939e-07 24629.846 5.0972922e-08
5 10 3288882 6.8065358e-06 58768.045 1.2162394e-07
10 15 8853993 1.8323862e-05 125861.8 2.6047844e-07
15 20 17153561 3.5500309e-05 162299.24 3.3588787e-07
20 25 28064802 5.8081767e-05 413086.68 8.549073e-07
25 30 41499400 8.5885462e-05 868382.99 1.7971699e-06
30 35 57427205 0.000118849 1407303.7 2.9124981e-06
35 40 75691031 0.00015664706 2194723.8 4.5421106e-06
40 45 96304694 0.00019930826 3285024 6.7985514e-06
45 50 1.1912654e+08 0.00024653942 4458319.6 9.2267561e-06
50 55 1.4416876e+08 0.00029836578 5835308.1 1.2076515e-05
55 60 1.7120278e+08 0.00035431428 7567474.8 1.5661336e-05
60 65 2.0022324e+08 0.00041437383 9523819.5 1.9710107e-05
65 70 2.312313e+08 0.00047854686 11572763 2.3950518e-05
70 75 2.640699e+08 0.00054650827 13775014 2.8508205e-05
75 80 2.9872956e+08 0.00061823849 16521812 3.4192866e-05
80 85 3.3518069e+08 0.00069367626 19382936 4.0114132e-05
85 90 3.732121e+08 0.0007723845 22116131 4.577064e-05
90 95 4.1296426e+08 0.00085465394 25104667 5.1955593e-05
95 100 4.5417982e+08 0.00093995198 28134647 5.8226316e-05
100 105 4.9701493e+08 0.0010286018 31347787 6.4876099e-05
105 110 5.4120866e+08 0.0011200633 34591511 7.1589178e-05
110 115 5.8675542e+08 0.001214325 37857113 7.8347534e-05
115 120 6.3363562e+08 0.0013113464 41114885 8.5089685e-05
120 125 6.8178538e+08 0.0014109952 44318422 9.1719594e-05
125 130 7.3097328e+08 0.0015127924 47856775 9.9042426e-05
130 135 7.8128584e+08 0.0016169172 51406588 0.00010638897
135 140 8.3281888e+08 0.0017235679 55015797 0.00011385844
140 145 8.852183e+08 0.0018320116 58570738 0.00012121561
145 150 9.385381e+08 0.0019423601 62119658 0.00012856031
150 155 9.9264111e+08 0.0020543295 65682741 0.00013593432
155 160 1.0474534e+09 0.0021677667 69353568 0.00014353131
160 165 1.1029424e+09 0.0022826046 73008330 0.00015109505
165 170 1.1591412e+09 0.0023989112 76306047 0.00015791988
170 175 1.2159208e+09 0.0025164199 79782733 0.00016511508
175 180 1.2732673e+09 0.0026351019 83189597 0.00017216579
180 185 1.3308362e+09 0.0027542441 86964303 0.00017997777
185 190 1.3889947e+09 0.0028746066 90254569 0.00018678717
190 195 1.4476349e+09 0.002995966 93748816 0.00019401872
195 200 1.5065251e+09 0.0031178427 96852622 0.00020044223
