0 5 440759 1.006009e-06 12140.039 2.7708995e-08
5 10 3025414 6.9053467e-06 62760.111 1.4324662e-07
10 15 8088450 1.8461457e-05 189684.21 4.3294412e-07
15 20 15509854 3.5400418e-05 498420.53 1.1376184e-06
20 25 25101280 5.7292338e-05 1161321.3 2.6506543e-06
25 30 36661850 8.3678725e-05 2266510 5.1731886e-06
30 35 50047410 0.00011423055 3847038 8.7806598e-06
35 40 65125477 0.00014864544 6006960.4 1.3710568e-05
40 45 81735746 0.0001865575 8744429.1 1.9958695e-05
45 50 99750932 0.0002276762 12081142 2.7574565e-05
50 55 1.1906285e+08 0.00027175463 16059280 3.6654454e-05
55 60 1.3954664e+08 0.00031850779 20598181 4.7014253e-05
60 65 1.6108588e+08 0.00036766996 25743362 5.8757855e-05
65 70 1.8361113e+08 0.00041908265 31219805 7.1257547e-05
70 75 2.0708463e+08 0.00047265967 37374155 8.5304523e-05
75 80 2.3136835e+08 0.00052808596 44166264 0.00010080715
80 85 2.5642512e+08 0.00058527671 51471918 0.00011748192
85 90 2.8218852e+08 0.00064408029 59219951 0.00013516639
90 95 3.0843008e+08 0.00070397527 67490330 0.00015404309
95 100 3.3525213e+08 0.00076519516 76415424 0.00017441414
100 105 3.6246859e+08 0.0008273153 86034797 0.00019636985
105 110 3.8995004e+08 0.00089004023 96053675 0.00021923741
110 115 4.1764473e+08 0.00095325191 1.0672697e+08 0.00024359864
115 120 4.4563657e+08 0.0010171418 1.179965e+08 0.00026932073
120 125 4.7362411e+08 0.0010810219 1.298383e+08 0.00029634902
125 130 5.0183711e+08 0.0011454165 1.4212615e+08 0.00032439539
130 135 5.3010721e+08 0.0012099415 1.5446558e+08 0.00035255947
135 140 5.585756e+08 0.0012749191 1.6705568e+08 0.00038129572
140 145 5.8711898e+08 0.0013400679 1.7979218e+08 0.00041036609
145 150 6.1569919e+08 0.0014053007 1.9217595e+08 0.00043863139
150 155 6.4447325e+08 0.0014709759 2.0478558e+08 0.00046741221
155 160 6.7337486e+08 0.0015369423 2.169815e+08 0.00049524875
160 165 7.0222823e+08 0.0016027986 2.288925e+08 0.00052243498
165 170 7.311991e+08 0.0016689231 2.4089634e+08 0.00054983309
170 175 7.5993476e+08 0.0017345107 2.5264245e+08 0.00057664298
175 180 7.8873311e+08 0.0018002414 2.6413089e+08 0.00060286472
180 185 8.1739682e+08 0.0018656648 2.7563189e+08 0.00062911515
185 190 8.4596747e+08 0.0019308758 2.8736919e+08 0.0006559049
190 195 8.7440279e+08 0.0019957779 2.9898317e+08 0.00068241319
195 200 9.0268189e+08 0.0020603234 3.1019087e+08 0.00070799417
