0 5 477417 9.8843485e-07 21536.964 4.4589712e-08
5 10 3270607 6.771401e-06 79799.608 1.6521555e-07
10 15 8811126 1.8242384e-05 130889.08 2.709902e-07
15 20 17074455 3.5350619e-05 214609.43 4.4432319e-07
20 25 27941087 5.7848682e-05 447990.66 9.2751113e-07
25 30 41350629 8.5611537e-05 854155.33 1.7684266e-06
30 35 57209526 0.00011844549 1438621.9 2.9784947e-06
35 40 75460218 0.00015623137 2240527 4.6387434e-06
40 45 95967514 0.00019868927 3279380.8 6.7895661e-06
45 50 1.1872967e+08 0.00024581559 4440600 9.1937316e-06
50 55 1.4363377e+08 0.00029737657 5788609.8 1.1984625e-05
55 60 1.7061035e+08 0.00035322835 7467589 1.5460751e-05
60 65 1.9965057e+08 0.00041335265 9316422.9 1.9288541e-05
65 70 2.3055969e+08 0.00047734629 11278237 2.3350242e-05
70 75 2.6338576e+08 0.00054530875 13581512 2.8118898e-05
75 80 2.9793583e+08 0.00061684055 16145575 3.3427484e-05
80 85 3.342302e+08 0.0006919837 18806260 3.8936115e-05
85 90 3.7219333e+08 0.00077058182 21567407 4.4652738e-05
90 95 4.1179881e+08 0.00085258023 24740124 5.122147e-05
95 100 4.5295412e+08 0.00093778737 27720189 5.7391339e-05
100 105 4.955891e+08 0.001026058 30737472 6.3638262e-05
105 110 5.3963195e+08 0.0011172435 34111784 7.0624373e-05
110 115 5.8505788e+08 0.0012112924 37414982 7.7463251e-05
115 120 6.3179395e+08 0.0013080539 40498284 8.3846858e-05
120 125 6.7967719e+08 0.0014071904 43869868 9.082732e-05
125 130 7.2877635e+08 0.0015088443 47343310 9.8018666e-05
130 135 7.7908643e+08 0.0016130054 50996506 0.00010558217
135 140 8.3025644e+08 0.0017189468 54471280 0.00011277628
140 145 8.8246669e+08 0.0018270418 58100142 0.0001202894
145 150 9.3560388e+08 0.001937056 61743080 0.00012783167
150 155 9.8953377e+08 0.0020487114 65452239 0.00013551104
155 160 1.0442913e+09 0.0021620803 69249950 0.00014337375
160 165 1.0998528e+09 0.0022771139 72936861 0.00015100706
165 170 1.1558953e+09 0.0023931432 76726356 0.00015885275
170 175 1.2126467e+09 0.0025106401 80179907 0.00016600292
175 180 1.2698305e+09 0.0026290322 83536183 0.00017295169
180 185 1.3275213e+09 0.0027484742 86900340 0.00017991677
185 190 1.3857176e+09 0.0028689627 89869123 0.00018606328
190 195 1.4440922e+09 0.0029898203 93140448 0.00019283617
195 200 1.5029202e+09 0.0031116167 96170950 0.00019911046
