0 5 442185 1.0080896e-06 16655.269 3.7970541e-08
5 10 3039906 6.9303519e-06 68251.162 1.5559842e-07
10 15 8138922 1.8555045e-05 215437.73 4.9115311e-07
15 20 15587141 3.5535432e-05 519567.81 1.1845063e-06
20 25 25251914 5.7569099e-05 1152926.5 2.6284321e-06
25 30 36901620 8.4128e-05 2264175.2 5.1618473e-06
30 35 50399165 0.00011489959 3892700.8 8.8745462e-06
35 40 65604748 0.00014956515 6047621.1 1.3787315e-05
40 45 82321172 0.00018767511 8659773.4 1.9742478e-05
45 50 1.0045665e+08 0.00022902021 11966865 2.7281956e-05
50 55 1.1990434e+08 0.00027335691 15949450 3.6361421e-05
55 60 1.4051829e+08 0.00032035241 20429524 4.6575055e-05
60 65 1.6226084e+08 0.00036992088 25598276 5.8358733e-05
65 70 1.8494699e+08 0.00042164058 31292977 7.1341463e-05
70 75 2.086177e+08 0.00047560487 37613648 8.5751277e-05
75 80 2.3312447e+08 0.00053147519 44386535 0.00010119205
80 85 2.5824133e+08 0.0005887364 51703545 0.0001178733
85 90 2.8411719e+08 0.00064772795 59741376 0.00013619788
90 95 3.1065365e+08 0.00070822556 68074861 0.00015519649
95 100 3.3758331e+08 0.00076961956 77224111 0.00017605487
100 105 3.648898e+08 0.00083187268 86835958 0.00019796788
105 110 3.925322e+08 0.00089489159 96987335 0.0002211109
110 115 4.2046754e+08 0.00095857833 1.0782894e+08 0.0002458275
115 120 4.4861343e+08 0.0010227451 1.190606e+08 0.00027143334
120 125 4.768903e+08 0.0010872105 1.308045e+08 0.00029820699
125 130 5.0533031e+08 0.0011520477 1.4287934e+08 0.0003257351
130 135 5.3392952e+08 0.001217248 1.5551384e+08 0.00035453913
135 140 5.6241486e+08 0.0012821886 1.6798596e+08 0.00038297296
140 145 5.9122012e+08 0.0013478586 1.805821e+08 0.00041168953
145 150 6.2002454e+08 0.0014135267 1.9336226e+08 0.00044082564
150 155 6.4893407e+08 0.0014794344 2.0578451e+08 0.00046914579
155 160 6.77936e+08 0.0015455527 2.1827528e+08 0.00049762213
160 165 7.0693819e+08 0.0016116717 2.3066715e+08 0.00052587302
165 170 7.3601878e+08 0.0016779694 2.4267885e+08 0.00055325718
170 175 7.6505556e+08 0.0017441672 2.5493206e+08 0.00058119194
175 180 7.9396155e+08 0.0018100668 2.6671927e+08 0.00060806432
180 185 8.2275924e+08 0.0018757195 2.7871506e+08 0.00063541222
185 190 8.5150094e+08 0.0019412446 2.901553e+08 0.0006614936
190 195 8.8016138e+08 0.0020065845 3.0152402e+08 0.00068741191
195 200 9.0856878e+08 0.0020713474 3.128069e+08 0.00071313451
