0 5 486920 9.9911214e-07 36164.407 7.420582e-08
5 10 3312191 6.7962915e-06 82999.142 1.7030611e-07
10 15 8905146 1.8272487e-05 155240.19 3.1853765e-07
15 20 17233810 3.536209e-05 228429.93 4.6871585e-07
20 25 28226309 5.7917621e-05 430801.75 8.8396298e-07
25 30 41743940 8.5654476e-05 904024.43 1.8549696e-06
30 35 57739414 0.00011847562 1435994.3 2.9465197e-06
35 40 76148554 0.00015624937 2230465.6 4.5766969e-06
40 45 96824642 0.00019867468 3227407.3 6.6223236e-06
45 50 1.1982318e+08 0.00024586544 4433105.3 9.0962979e-06
50 55 1.4493246e+08 0.0002973872 5936232.5 1.2180568e-05
55 60 1.7213551e+08 0.00035320521 7604217.3 1.5603109e-05
60 65 2.0140384e+08 0.00041326095 9597167 1.9692447e-05
65 70 2.3259702e+08 0.0004772663 11600352 2.3802785e-05
70 75 2.6572533e+08 0.00054524235 14106184 2.8944508e-05
75 80 3.0058873e+08 0.00061677863 16705020 3.4277064e-05
80 85 3.3720742e+08 0.00069191659 19351242 3.9706853e-05
85 90 3.755385e+08 0.00077056822 22113738 4.5375224e-05
90 95 4.1543536e+08 0.00085243266 25089244 5.1480671e-05
95 100 4.5702929e+08 0.00093777933 28283070 5.803409e-05
100 105 5.0009148e+08 0.0010261387 31352686 6.4332641e-05
105 110 5.4457167e+08 0.0011174077 34517315 7.0826149e-05
110 115 5.9042941e+08 0.0012115033 37810248 7.7582924e-05
115 120 6.3758786e+08 0.0013082678 41163959 8.4464412e-05
120 125 6.860773e+08 0.0014077634 44609119 9.1533543e-05
125 130 7.3558133e+08 0.0015093408 48073565 9.8642246e-05
130 135 7.8623574e+08 0.0016132787 51663831 0.00010600912
135 140 8.3800889e+08 0.0017195122 55330851 0.00011353349
140 145 8.9059855e+08 0.001827421 59091751 0.00012125048
145 150 9.4396816e+08 0.0019369302 63109979 0.00012949549
150 155 9.9843589e+08 0.0020486926 67127169 0.00013773838
155 160 1.0535932e+09 0.00216187 71203320 0.00014610224
160 165 1.1093538e+09 0.0022762853 74967173 0.00015382529
165 170 1.1657514e+09 0.0023920078 78693972 0.00016147232
170 175 1.2226785e+09 0.0025088165 82503462 0.00016928902
175 180 1.2801402e+09 0.0026267223 85839408 0.00017613406
180 185 1.3382566e+09 0.0027459715 89531533 0.00018370994
185 190 1.396591e+09 0.002865668 93137633 0.0001911093
190 195 1.4555046e+09 0.0029865528 96391237 0.00019778538
195 200 1.5144907e+09 0.0031075867 99462314 0.00020408693
