0 5 438325 1.0128876e-06 15606.331 3.6063331e-08
5 10 3001978 6.9370134e-06 52222.479 1.2067645e-07
10 15 8028988 1.85535e-05 189945.53 4.3892884e-07
15 20 15402473 3.5592254e-05 448130.65 1.0355467e-06
20 25 24930826 5.7610507e-05 1093045.3 2.5258247e-06
25 30 36425205 8.4171882e-05 2221288.2 5.1329845e-06
30 35 49740582 0.00011494124 3784846.1 8.7460762e-06
35 40 64711426 0.00014953608 5874964.2 1.3575951e-05
40 45 81184748 0.00018760287 8668648.9 2.0031637e-05
45 50 99047840 0.00022888116 11987204 2.7700202e-05
50 55 1.1815499e+08 0.00027303422 15956885 3.6873396e-05
55 60 1.3840279e+08 0.00031982314 20435168 4.7221877e-05
60 65 1.5978234e+08 0.0003692273 25515296 5.8961109e-05
65 70 1.8214493e+08 0.0004209031 31071896 7.180138e-05
70 75 2.0542374e+08 0.00047469611 37224557 8.6019035e-05
75 80 2.2952819e+08 0.00053039701 43877626 0.00010139304
80 85 2.5434316e+08 0.00058773979 51024613 0.0001179084
85 90 2.797171e+08 0.00064637424 58820726 0.00013592377
90 95 3.0572304e+08 0.00070646914 67041758 0.00015492105
95 100 3.3224985e+08 0.00076776767 75885364 0.00017535698
100 105 3.5914845e+08 0.00082992534 85394152 0.00019733002
105 110 3.8629825e+08 0.00089266349 95582603 0.00022087364
110 115 4.1378747e+08 0.00095618598 1.0631917e+08 0.00024568386
115 120 4.4138086e+08 0.0010199492 1.1732342e+08 0.00027111263
120 125 4.6910695e+08 0.001084019 1.2864608e+08 0.00029727719
125 130 4.9696561e+08 0.0011483952 1.4061887e+08 0.00032494409
130 135 5.2500963e+08 0.0012131997 1.5300387e+08 0.00035356351
135 140 5.5304745e+08 0.0012779899 1.655089e+08 0.00038246032
140 145 5.8130218e+08 0.0013432813 1.7818036e+08 0.00041174172
145 150 6.0962755e+08 0.001408736 1.9061059e+08 0.00044046567
150 155 6.3810696e+08 0.0014745466 2.0277601e+08 0.0004685777
155 160 6.6658635e+08 0.0015403572 2.1493427e+08 0.00049667317
160 165 6.9515132e+08 0.0016063655 2.2678344e+08 0.00052405439
165 170 7.2370435e+08 0.0016723463 2.3862145e+08 0.00055140983
170 175 7.5241204e+08 0.0017386844 2.5038107e+08 0.00057858413
175 180 7.8091648e+08 0.0018045529 2.6181934e+08 0.00060501586
180 185 8.0924204e+08 0.001870008 2.7344072e+08 0.0006318707
185 190 8.3748084e+08 0.0019352626 2.851454e+08 0.00065891804
190 195 8.6544358e+08 0.0019998793 2.9636384e+08 0.00068484177
195 200 8.9336072e+08 0.0020643907 3.0793759e+08 0.00071158657
