0 5 437063 1.0056108e-06 14650.569 3.3708576e-08
5 10 3006440 6.9173291e-06 72668.888 1.6719928e-07
10 15 8035395 1.8488136e-05 203911.93 4.6916816e-07
15 20 15421753 3.5482943e-05 477548.15 1.0987606e-06
20 25 24951983 5.7410451e-05 1113848.3 2.5627837e-06
25 30 36475306 8.3923742e-05 2236069.5 5.144832e-06
30 35 49808549 0.00011460136 3801541.9 8.7467292e-06
35 40 64789173 0.00014906934 5954256.5 1.3699775e-05
40 45 81323098 0.00018711121 8671410.2 1.9951503e-05
45 50 99261128 0.0002283837 11997555 2.7604421e-05
50 55 1.1840641e+08 0.00027243388 15916792 3.6621948e-05
55 60 1.3870649e+08 0.00031914107 20490814 4.7146027e-05
60 65 1.6012915e+08 0.0003684311 25595829 5.8891836e-05
65 70 1.82502e+08 0.00041990741 31370766 7.2179025e-05
70 75 2.0579279e+08 0.00047349572 37597816 8.6506456e-05
75 80 2.2991878e+08 0.0005290057 44115231 0.00010150197
80 85 2.5473085e+08 0.00058609422 51390511 0.0001182412
85 90 2.801415e+08 0.00064455999 59190473 0.00013618764
90 95 3.0615504e+08 0.00070441292 67577426 0.00015548466
95 100 3.328067e+08 0.00076573406 76427756 0.00017584783
100 105 3.596979e+08 0.00082760632 85955774 0.00019777025
105 110 3.86944e+08 0.00089029516 95925624 0.00022070925
110 115 4.1450603e+08 0.00095371091 1.0639758e+08 0.00024480352
115 120 4.422464e+08 0.001017537 1.1735362e+08 0.00027001158
120 125 4.7014454e+08 0.0010817261 1.2868298e+08 0.00029607859
125 130 4.982218e+08 0.0011463273 1.4056119e+08 0.00032340841
130 135 5.2636452e+08 0.0012110791 1.528351e+08 0.00035164869
135 140 5.5460757e+08 0.0012760617 1.6510556e+08 0.00037988102
140 145 5.8303952e+08 0.001341479 1.7743539e+08 0.00040824996
145 150 6.1140773e+08 0.0014067497 1.8954067e+08 0.00043610222
150 155 6.4006733e+08 0.0014726907 2.0156315e+08 0.000463764
155 160 6.6872866e+08 0.0015386358 2.1390077e+08 0.00049215085
160 165 6.972859e+08 0.0016043414 2.2583893e+08 0.00051961862
165 170 7.2600885e+08 0.0016704282 2.3790252e+08 0.00054737498
170 175 7.5467699e+08 0.0017363889 2.4928311e+08 0.00057355985
175 180 7.832961e+08 0.0018022368 2.6094509e+08 0.00060039219
180 185 8.1183017e+08 0.0018678891 2.7233185e+08 0.00062659126
185 190 8.4003076e+08 0.001932774 2.8396223e+08 0.00065335086
190 195 8.6824451e+08 0.0019976893 2.9521595e+08 0.00067924385
195 200 8.9624428e+08 0.0020621122 3.0683797e+08 0.00070598422
