0 5 487780 9.9258421e-07 21055.596 4.2846062e-08
5 10 3338258 6.7930259e-06 67499.271 1.3735436e-07
10 15 8984948 1.8283483e-05 134372.03 2.7343383e-07
15 20 17399300 3.540586e-05 203310.86 4.1371755e-07
20 25 28470824 5.793532e-05 433861.76 8.828659e-07
25 30 42102599 8.5674638e-05 887816.15 1.8066183e-06
30 35 58217600 0.00011846708 1476958.6 3.0054652e-06
35 40 76795272 0.00015627081 2199449.9 4.4756638e-06
40 45 97659059 0.00019872656 3235304.4 6.5835255e-06
45 50 1.2079248e+08 0.0002458008 4512857.8 9.1832207e-06
50 55 1.4611977e+08 0.00029733933 6020064.8 1.2250238e-05
55 60 1.7353189e+08 0.00035312028 7837675.3 1.5948897e-05
60 65 2.0300423e+08 0.00041309359 9692301.9 1.9722879e-05
65 70 2.3445315e+08 0.00047708904 11882953 2.4180639e-05
70 75 2.6773471e+08 0.00054481373 14374294 2.9250271e-05
75 80 3.0294782e+08 0.00061646895 16953649 3.4499005e-05
80 85 3.3987659e+08 0.00069161535 19696750 4.0080943e-05
85 90 3.7849355e+08 0.00077019706 22567959 4.5923572e-05
90 95 4.1874425e+08 0.00085210326 25791257 5.2482666e-05
95 100 4.6051131e+08 0.00093709511 28586369 5.8170442e-05
100 105 5.0380211e+08 0.0010251876 32208654 6.5541435e-05
105 110 5.4870675e+08 0.0011165641 35685337 7.2616142e-05
110 115 5.9475438e+08 0.0012102665 39142650 7.9651435e-05
115 120 6.4219072e+08 0.0013067948 42611563 8.6710329e-05
120 125 6.9083819e+08 0.0014057876 45916855 9.3436273e-05
125 130 7.4085561e+08 0.0015075681 49346957 0.00010041619
130 135 7.9194647e+08 0.001611533 53103618 0.00010806063
135 140 8.4408706e+08 0.0017176339 56641731 0.00011526034
140 145 8.9717764e+08 0.001825668 60305966 0.0001227167
145 150 9.5117941e+08 0.0019355563 64191399 0.00013062317
150 155 1.0060472e+09 0.0020472069 67640315 0.00013764137
155 160 1.061718e+09 0.0021604916 71154364 0.00014479211
160 165 1.1179803e+09 0.0022749796 74810086 0.00015223115
165 170 1.1750091e+09 0.0023910278 78317898 0.0001593692
170 175 1.2325163e+09 0.0025080491 81783064 0.00016642047
175 180 1.2907611e+09 0.0026265716 85177382 0.00017332758
180 185 1.3494922e+09 0.0027460837 88202664 0.00017948372
185 190 1.4086646e+09 0.0028664936 91583768 0.00018636394
190 195 1.46807e+09 0.0029873777 94478913 0.00019225527
195 200 1.527799e+09 0.0031089204 97297979 0.00019799179
