0 5 444242 1.0140525e-06 14046.894 3.2064252e-08
5 10 3043460 6.9471779e-06 65249.627 1.4894257e-07
10 15 8130274 1.8558634e-05 195750.64 4.4683174e-07
15 20 15610375 3.5633145e-05 482084.41 1.1004338e-06
20 25 25268321 5.7678932e-05 1137813.8 2.5972397e-06
25 30 36907198 8.4246506e-05 2290140.3 5.2276068e-06
30 35 50392598 0.00011502906 3891628.3 8.883256e-06
35 40 65519453 0.0001495585 6035582.9 1.3777171e-05
40 45 82211253 0.00018766016 8789190.8 2.0062716e-05
45 50 1.0029603e+08 0.00022894152 12225016 2.7905529e-05
50 55 1.1963111e+08 0.0002730769 16171776 3.6914632e-05
55 60 1.4017001e+08 0.00031996017 20781358 4.743673e-05
60 65 1.6173617e+08 0.00036918833 26060523 5.9487257e-05
65 70 1.8438908e+08 0.00042089718 31708845 7.2380445e-05
70 75 2.0791908e+08 0.00047460814 38029626 8.6808625e-05
75 80 2.3224159e+08 0.00053012809 44876425 0.00010243753
80 85 2.5735821e+08 0.00058746075 52147259 0.00011903435
85 90 2.8308428e+08 0.00064618456 59905975 0.00013674485
90 95 3.0943877e+08 0.00070634284 68199291 0.00015567565
95 100 3.3624806e+08 0.00076753928 77158720 0.00017612696
100 105 3.6341945e+08 0.00082956227 86847606 0.00019824337
105 110 3.9082928e+08 0.00089212953 97085751 0.00022161355
110 115 4.1855657e+08 0.00095542146 1.0769999e+08 0.00024584223
115 120 4.4650508e+08 0.0010192183 1.1923969e+08 0.00027218341
120 125 4.7459213e+08 0.0010833315 1.3095078e+08 0.00029891582
125 130 5.0280802e+08 0.0011477387 1.4304052e+08 0.00032651256
130 135 5.3118244e+08 0.0012125078 1.5538683e+08 0.00035469498
135 140 5.5954079e+08 0.0012772402 1.6800587e+08 0.00038349993
140 145 5.8805614e+08 0.001342331 1.8046441e+08 0.0004119385
145 150 6.1664693e+08 0.001407594 1.9295239e+08 0.00044044428
150 155 6.4526601e+08 0.0014729215 2.0529193e+08 0.00046861125
155 160 6.7417473e+08 0.0015389103 2.1756376e+08 0.00049662363
160 165 7.0294746e+08 0.0016045886 2.2960391e+08 0.00052410717
165 170 7.3176953e+08 0.0016703795 2.4150867e+08 0.00055128167
170 175 7.6052103e+08 0.0017360093 2.5306674e+08 0.0005776648
175 180 7.8919882e+08 0.0018014709 2.6492065e+08 0.0006047232
180 185 8.1780731e+08 0.0018667743 2.7652703e+08 0.0006312166
185 190 8.4628289e+08 0.0019317743 2.8800732e+08 0.00065742218
190 195 8.7461126e+08 0.0019964383 2.9952301e+08 0.00068370855
195 200 9.0278361e+08 0.0020607461 3.1071114e+08 0.00070924724
