0 5 483631 9.9397692e-07 22499.896 4.6242646e-08
5 10 3307790 6.7982965e-06 69216.573 1.4225655e-07
10 15 8899531 1.8290656e-05 118474.62 2.4349357e-07
15 20 17224807 3.5401082e-05 180507.4 3.7098571e-07
20 25 28182850 5.7922471e-05 403249.97 8.2877476e-07
25 30 41666271 8.5634113e-05 857248.19 1.7618492e-06
30 35 57644551 0.00011847328 1450086.5 2.9802732e-06
35 40 76023451 0.0001562463 2263118.7 4.6512482e-06
40 45 96720075 0.0001987828 3236785.5 6.6523653e-06
45 50 1.1965252e+08 0.00024591443 4507041.9 9.2630448e-06
50 55 1.4472431e+08 0.00029744293 5950313.8 1.2229312e-05
55 60 1.7194558e+08 0.00035338914 7667748.4 1.575905e-05
60 65 2.0115402e+08 0.00041341943 9617491.3 1.9766236e-05
65 70 2.3229032e+08 0.00047741195 11708326 2.40634e-05
70 75 2.6541614e+08 0.00054549341 13891857 2.8551075e-05
75 80 3.0024434e+08 0.00061707365 16370955 3.3646212e-05
80 85 3.3683316e+08 0.00069227239 19073920 3.920145e-05
85 90 3.7513916e+08 0.00077100033 21964595 4.5142475e-05
90 95 4.1502092e+08 0.00085296687 25121636 5.1630946e-05
95 100 4.564833e+08 0.00093818193 28218754 5.7996262e-05
100 105 4.9950318e+08 0.001026598 31332950 6.4396676e-05
105 110 5.4390822e+08 0.001117861 34774614 7.1470117e-05
110 115 5.8970776e+08 0.0012119899 38086038 7.8275882e-05
115 120 6.3674863e+08 0.0013086701 41586209 8.5469566e-05
120 125 6.8519953e+08 0.0014082483 45116447 9.2725047e-05
125 130 7.3463013e+08 0.0015098399 48371893 9.9415764e-05
130 135 7.8531189e+08 0.001614003 52069779 0.0001070158
135 140 8.3696817e+08 0.001720169 55565033 0.00011419938
140 145 8.8958199e+08 0.0018283029 59190224 0.00012165001
145 150 9.4312148e+08 0.0019383393 63129961 0.00012974711
150 155 9.9751574e+08 0.0020501325 66854979 0.00013740291
155 160 1.052599e+09 0.0021633416 70633395 0.00014516845
160 165 1.108373e+09 0.0022779705 74634101 0.00015339086
165 170 1.165039e+09 0.0023944328 78160886 0.00016063924
170 175 1.2221345e+09 0.0025117775 81873660 0.00016826988
175 180 1.2797094e+09 0.0026301078 85836023 0.00017641348
180 185 1.3378376e+09 0.0027495749 89327363 0.00018358901
185 190 1.3962857e+09 0.0028696998 92825336 0.00019077818
190 195 1.455162e+09 0.0029907046 96107576 0.00019752396
195 200 1.5143039e+09 0.0031122553 99500771 0.00020449779
