0 5 434905 1.0072282e-06 15492.929 3.5881201e-08
5 10 2991279 6.9277208e-06 62536.937 1.4483385e-07
10 15 7998283 1.8523806e-05 195415.44 4.5257685e-07
15 20 15337313 3.55208e-05 474865.93 1.0997766e-06
20 25 24833530 5.751378e-05 1096294.4 2.538988e-06
25 30 36276400 8.4015156e-05 2266286.4 5.2486576e-06
30 35 49568776 0.00011479994 3805528.3 8.8135e-06
35 40 64506348 0.00014939495 5955732.7 1.3793315e-05
40 45 80936202 0.00018744604 8616479.1 1.9955531e-05
45 50 98731467 0.00022865939 11970970 2.7724442e-05
50 55 1.1776575e+08 0.00027274226 15835243 3.6673993e-05
55 60 1.3794803e+08 0.00031948388 20359007 4.7150905e-05
60 65 1.592951e+08 0.00036892311 25518527 5.9100214e-05
65 70 1.8157849e+08 0.00042053085 31158173 7.2161481e-05
70 75 2.0475014e+08 0.00047419577 37367636 8.6542429e-05
75 80 2.2874089e+08 0.00052975767 44155627 0.00010226323
80 85 2.534164e+08 0.00058690549 51344273 0.00011891194
85 90 2.7875506e+08 0.00064558914 59121008 0.00013692265
90 95 3.0470722e+08 0.00070569364 67349410 0.0001559794
95 100 3.3111457e+08 0.00076685235 76130070 0.00017631517
100 105 3.5804688e+08 0.00082922684 85612877 0.00019827709
105 110 3.8518292e+08 0.00089207315 95564188 0.00022132406
110 115 4.1268383e+08 0.00095576453 1.0595213e+08 0.00024538224
115 120 4.4032612e+08 0.0010197833 1.1680191e+08 0.00027051005
120 125 4.6814337e+08 0.0010842073 1.2826812e+08 0.00029706549
125 130 4.9599722e+08 0.0011487161 1.3981683e+08 0.00032381197
130 135 5.2400914e+08 0.0012135909 1.5199294e+08 0.00035201152
135 140 5.5216474e+08 0.0012787985 1.6452472e+08 0.00038103478
140 145 5.8037436e+08 0.0013441312 1.768747e+08 0.00040963699
145 150 6.0861318e+08 0.0014095316 1.8927412e+08 0.00043835373
150 155 6.3710338e+08 0.0014755141 2.0175475e+08 0.00046725852
155 160 6.6555619e+08 0.00154141 2.140008e+08 0.00049562004
160 165 6.9399549e+08 0.0016072747 2.2633417e+08 0.00052418378
165 170 7.2237663e+08 0.0016730046 2.3814981e+08 0.00055154849
170 175 7.5083892e+08 0.0017389225 2.4980287e+08 0.00057853664
175 180 7.7920381e+08 0.0018046148 2.6137411e+08 0.00060533533
180 185 8.0746138e+08 0.0018700586 2.7282059e+08 0.00063184507
185 190 8.3551131e+08 0.0019350215 2.8471567e+08 0.00065939374
190 195 8.6347158e+08 0.0019997767 2.960548e+08 0.00068565487
195 200 8.9122053e+08 0.0020640425 3.0751694e+08 0.00071220088
