0 5 443282 1.0144433e-06 15820.948 3.620597e-08
5 10 3034399 6.9441704e-06 67798.696 1.5515616e-07
10 15 8097668 1.8531375e-05 185464.92 4.244333e-07
15 20 15556825 3.5601529e-05 485546.47 1.1111648e-06
20 25 25184352 5.763396e-05 1129722.4 2.5853504e-06
25 30 36791704 8.4197188e-05 2228765.5 5.100492e-06
30 35 50238044 0.00011496891 3883298.3 8.886862e-06
35 40 65373590 0.00014960635 5946228.5 1.3607843e-05
40 45 82019355 0.0001876999 8664403 1.9828339e-05
45 50 1.0008299e+08 0.00022903822 11989195 2.7437069e-05
50 55 1.1945553e+08 0.00027337194 15986726 3.6585349e-05
55 60 1.3995309e+08 0.00032028027 20493551 4.6899143e-05
60 65 1.6153427e+08 0.00036966842 25779255 5.8995387e-05
65 70 1.8417086e+08 0.00042147187 31308217 7.1648321e-05
70 75 2.0773666e+08 0.00047540182 37576761 8.5993778e-05
75 80 2.3212527e+08 0.00053121473 44210372 0.00010117468
80 85 2.5724286e+08 0.00058869591 51337341 0.00011748463
85 90 2.8310252e+08 0.0006478753 59054738 0.00013514576
90 95 3.094378e+08 0.00070814312 67430093 0.00015431262
95 100 3.362846e+08 0.00076958157 76395776 0.00017483043
100 105 3.6352335e+08 0.00083191698 85961520 0.00019672147
105 110 3.9114791e+08 0.00089513533 96165977 0.0002200742
110 115 4.1899811e+08 0.00095887002 1.0687691e+08 0.00024458598
115 120 4.4700718e+08 0.0010229683 1.1813279e+08 0.00027034488
120 125 4.7526054e+08 0.0010876256 1.2977759e+08 0.00029699381
125 130 5.0358712e+08 0.0011524505 1.4162048e+08 0.00032409605
130 135 5.320443e+08 0.0012175743 1.5414517e+08 0.00035275859
135 140 5.6057906e+08 0.0012828756 1.6660116e+08 0.00038126393
140 145 5.8920048e+08 0.0013483753 1.7920502e+08 0.00041010764
145 150 6.1801294e+08 0.0014143121 1.9179426e+08 0.00043891789
150 155 6.4673649e+08 0.0014800454 2.0391046e+08 0.00046664562
155 160 6.7569569e+08 0.0015463181 2.1607488e+08 0.00049448368
160 165 7.0461844e+08 0.0016125073 2.2803245e+08 0.00052184839
165 170 7.3356617e+08 0.0016787537 2.4007415e+08 0.00054940561
170 175 7.624518e+08 0.0017448579 2.5190388e+08 0.00057647774
175 180 7.9130287e+08 0.0018108831 2.6351793e+08 0.00060305628
180 185 8.2010277e+08 0.0018767912 2.7501321e+08 0.00062936305
185 190 8.4873856e+08 0.0019423237 2.8665072e+08 0.00065599529
190 195 8.7719558e+08 0.0020074471 2.9809794e+08 0.00068219206
195 200 9.0543132e+08 0.0020720641 3.0919992e+08 0.00070759875
