2.5 12.631163 -0.0024500016
7.5 1.8711883 -0.11728586
12.5 0.48360336 -0.052370539
17.5 0.046484604 -0.058123031
22.5 -0.11551104 -0.048570095
27.5 -0.12974403 -0.051523626
32.5 -0.02988917 -0.036985443
37.5 0.034633676 -0.01763856
42.5 0.028111482 0.00089285458
47.5 0.018580226 -0.0019916603
52.5 0.01310824 -0.0019598807
57.5 0.0088793054 -0.0050148756
62.5 0.0066012383 -7.5364262e-05
67.5 0.0045857551 -0.0012005039
72.5 0.0021718764 -0.0046934264
77.5 0.0011922449 -0.0069910157
82.5 0.0012451374 -0.0025999743
87.5 0.00084104247 -0.00016557089
92.5 0.00066890147 -0.00403796
97.5 0.0019490955 -0.0049710815
102.5 0.0016006102 -0.006054202
107.5 0.0023606441 -0.0037877128
112.5 0.00140476 -4.2224402e-05
117.5 0.00052872597 -0.0021333101
122.5 8.371345e-05 -0.0032100829
127.5 -0.00056358052 -0.0027356407
132.5 0.00012467887 -0.0044083102
137.5 0.00014969906 -0.0026418813
142.5 -0.0011243508 -0.002376109
147.5 -0.0003918378 -0.0026153456
152.5 0.00039183901 -0.0026012509
157.5 -0.00060830855 -0.0036218973
162.5 -0.0010276056 -0.0027403968
167.5 -0.0013974906 -0.0015811234
172.5 -0.00059752255 -0.0024263923
177.5 -0.00065877062 -0.0017064968
182.5 -0.00012181424 -0.00069863294
187.5 3.7805363e-05 -0.0012074522
192.5 -9.5465576e-05 -0.0023611209
197.5 -0.00068943656 -0.002092941
