2.5 12.482291 -0.070576427
7.5 1.8627122 -0.11609758
12.5 0.48302221 -0.046996678
17.5 0.045023509 -0.041296134
22.5 -0.10870913 -0.044107337
27.5 -0.12593274 -0.045001342
32.5 -0.02950192 -0.029347176
37.5 0.031611281 -0.014114073
42.5 0.029385162 -0.007014249
47.5 0.017933769 -0.0062904015
52.5 0.010334803 -0.0074965886
57.5 0.0065521708 -0.0033223994
62.5 0.0051637814 -0.0036598466
67.5 0.00462497 -0.0069622901
72.5 0.0025516266 -0.0068114356
77.5 0.0021380282 -0.0043090328
82.5 0.0011390296 -0.0039350502
87.5 0.0018275931 -0.0038188644
92.5 0.001293484 -0.00420981
97.5 -0.00033419257 -0.0050152374
102.5 -0.00099447712 -0.0016189304
107.5 -4.6199014e-05 -0.00052254024
112.5 0.00013108822 -0.0026773643
117.5 -0.00025704141 -0.0016191558
122.5 -0.00078055517 -0.00030929604
127.5 -0.00016803444 0.00065418833
132.5 -0.00080358795 -0.0004603439
137.5 -0.00083369724 -0.00070124555
142.5 -0.00053237838 -0.001119958
147.5 -7.9983193e-05 -0.0022157304
152.5 0.00066557306 -0.00055023778
157.5 0.0016237868 -0.0034197608
162.5 0.00051335114 -0.0013655445
167.5 0.00034558406 8.9124771e-05
172.5 0.00050971388 -0.00053033593
177.5 0.00020966724 -0.0024816468
182.5 -5.0862933e-05 -0.0030396879
187.5 -0.00037205265 -0.0026200645
192.5 -0.00018205495 -0.0019988665
197.5 0.00025047443 5.7777026e-05
