2.5 12.59409 0.27010348
7.5 1.8643307 -0.07405273
12.5 0.47859833 -0.060578781
17.5 0.045745868 -0.054085775
22.5 -0.11766266 -0.050413476
27.5 -0.13120267 -0.050042849
32.5 -0.030077028 -0.036409195
37.5 0.033675388 -0.020346654
42.5 0.027955352 -0.0089449025
47.5 0.017274596 -0.0017193977
52.5 0.010545599 -0.0022631524
57.5 0.0052061419 -0.003447298
62.5 0.0047073761 -0.0042490728
67.5 0.0026716671 -0.0069358425
72.5 0.0034185904 -0.0068559761
77.5 0.0022588465 -0.0054486906
82.5 7.688503e-05 -0.0059541889
87.5 0.0014281672 -0.0029919823
92.5 0.0023278817 -0.0041397152
97.5 0.0021759332 -0.0039345517
102.5 0.0016526587 -0.0025338993
107.5 0.0028069625 -0.0027482321
112.5 0.0013891766 -0.0040296771
117.5 0.00022275157 -0.0041611124
122.5 0.0002479481 -0.0042344338
127.5 0.00080014736 -0.0015504685
132.5 0.0005471379 -0.0013825481
137.5 0.0010731913 -0.0019325802
142.5 0.00057321604 -0.0034805079
147.5 -2.5931052e-05 -0.0047930481
152.5 -0.00050423786 -0.0074158726
157.5 -0.00020886826 -0.0080746374
162.5 0.0006306831 -0.0054007298
167.5 0.00030105113 -0.0050016261
172.5 0.00011684582 -0.0041175581
177.5 0.00055029373 -0.0029332585
182.5 0.00041052988 -0.0027174262
187.5 0.00035085509 -0.002534377
192.5 0.00012686815 -0.0018429252
197.5 -0.00011672827 -0.0013872198
