2.5 12.630314 0.17499562
7.5 1.8968583 -0.04968785
12.5 0.48790241 -0.065885308
17.5 0.04205984 -0.042613273
22.5 -0.11737434 -0.042737934
27.5 -0.12920402 -0.042567707
32.5 -0.031164978 -0.029276175
37.5 0.034227243 -0.014547458
42.5 0.027959574 -0.012594188
47.5 0.014506576 -0.0083126454
52.5 0.010478177 -0.0077779985
57.5 0.006433744 -0.0093583091
62.5 0.0056425481 -0.0038705904
67.5 0.0049166126 -0.00054037343
72.5 0.0039943106 -0.0057958074
77.5 0.0017062276 -0.0041117925
82.5 0.00062610038 -0.0036556474
87.5 0.001116876 -0.0048962826
92.5 0.0016948721 -0.0015111449
97.5 0.00099327269 -0.0045893398
102.5 0.0012733818 -0.001793983
107.5 0.00056971826 -0.0025145917
112.5 -0.00034218303 -0.0018970656
117.5 -0.00044678574 -0.0022463837
122.5 -0.00080516703 -0.0047325837
127.5 -0.00057869239 -0.0048495246
132.5 0.00018514538 -0.0046683471
137.5 -0.00013679227 -0.0040115945
142.5 -0.0002846646 -0.0034852678
147.5 -0.00042385038 -0.0047330661
152.5 -0.00010163628 -0.0027653483
157.5 -0.00099753549 -0.001249904
162.5 2.2720389e-05 0.00053870358
167.5 7.6906196e-05 -1.1207718e-05
172.5 -0.00022091976 0.00086941249
177.5 0.00041428733 0.00010348979
182.5 -0.00050908001 -0.00017817118
187.5 -0.00014450327 0.0013771317
192.5 -0.00022877119 0.0023794631
197.5 -7.7588077e-05 -0.0010177996
