2.5 12.557431 -0.065148493
7.5 1.8669772 -0.076079612
12.5 0.47770222 -0.052968689
17.5 0.043688201 -0.050194346
22.5 -0.11905577 -0.048617949
27.5 -0.13175973 -0.047103837
32.5 -0.027781556 -0.035347513
37.5 0.034688677 -0.0054037642
42.5 0.032909727 0.0035600792
47.5 0.021428633 -0.0010600172
52.5 0.01324782 -0.0013391056
57.5 0.0093903948 -0.0051485163
62.5 0.0065642416 -0.0077038689
67.5 0.0023330113 -0.0086440875
72.5 0.002379633 -0.0069721674
77.5 0.0019028563 -0.008836447
82.5 8.7361076e-05 -0.0064207022
87.5 0.00053092485 -0.0060085822
92.5 -0.00018229285 -0.0076898939
97.5 0.00072722269 -0.004571877
102.5 -1.3253693e-05 -0.0057660763
107.5 0.0003290592 -0.0053313063
112.5 0.0011438909 -0.0056492932
117.5 0.0018935443 -0.0028941346
122.5 0.00025898557 -0.0014108561
127.5 -0.0012803753 -0.006483288
132.5 -0.00084614063 -0.0080896299
137.5 -0.00093663683 -0.0023237277
142.5 -0.00082562618 -0.0015927309
147.5 -0.0016728314 -0.0035223379
152.5 -0.0011639275 -0.0016165016
157.5 -9.6767163e-05 -0.00102431
162.5 0.00037577022 -0.0029895653
167.5 0.00098834282 -0.0014870484
172.5 0.00081209029 -0.0019130458
177.5 -0.00037013412 -0.0017838496
182.5 -0.00048250341 -0.00017951949
187.5 -0.00037999472 -0.0010207512
192.5 -0.00066270672 -0.00077199912
197.5 -8.1395565e-05 -0.0010313231
