2.5 12.528182 0.069702824
7.5 1.8832839 -0.052916815
12.5 0.49555858 -0.065752474
17.5 0.052636755 -0.046476278
22.5 -0.109015 -0.043947684
27.5 -0.12669749 -0.045205775
32.5 -0.03246038 -0.030491891
37.5 0.030640309 -0.018549624
42.5 0.030384339 -0.0045090179
47.5 0.024248493 0.00034753559
52.5 0.014999749 -0.0029536728
57.5 0.010302485 -0.0053152063
62.5 0.0065234739 -0.0063741728
67.5 0.0034044037 -0.0058628994
72.5 0.0020204851 -0.0075189333
77.5 0.00055713464 -0.0071715264
82.5 0.0021288416 -0.0015930991
87.5 0.0025763426 -0.0034187993
92.5 0.0022776315 -0.0059256835
97.5 0.0031459257 -0.0039567575
102.5 0.0031785327 -0.0043608865
107.5 0.0015917579 -0.0065230376
112.5 0.00089445556 -0.0063302705
117.5 0.00040840772 -0.0060745777
122.5 -0.00049566581 -0.0064474283
127.5 9.3222973e-05 -0.0034046127
132.5 0.00018759969 -0.0018568037
137.5 -8.7284509e-05 -0.0024558877
142.5 0.00016146278 -0.0031658402
147.5 -0.00044640954 -0.003122189
152.5 -0.0013892987 -0.0043277721
157.5 -0.00076652016 -0.0038915222
162.5 -0.00032235674 -0.0046467876
167.5 0.00058692977 -0.0032580999
172.5 0.00028750227 -0.0017683874
177.5 7.9833797e-05 -0.00073255703
182.5 7.9639698e-05 -0.0014386654
187.5 0.00011893122 -0.0020438875
192.5 -0.00024874457 0.00057566096
197.5 -0.001504336 0.00099763163
