2.5 12.575017 0.001542926
7.5 1.8792157 -0.11115162
12.5 0.48951519 -0.065651149
17.5 0.047260065 -0.052172003
22.5 -0.11220866 -0.047272356
27.5 -0.12969484 -0.053079193
32.5 -0.02915273 -0.039315278
37.5 0.03394148 -0.01347276
42.5 0.030231287 -0.0064355935
47.5 0.019421511 -0.0056512897
52.5 0.0094962849 -0.0050349799
57.5 0.0059944415 -0.005242882
62.5 0.0045205773 -0.0058159998
67.5 0.0030383474 -0.0058865665
72.5 0.0023517475 -0.0034368924
77.5 0.0015163712 -0.0067193948
82.5 0.00186136 -0.0065968279
87.5 0.0016098479 -0.0039090057
92.5 0.003103415 -0.0042652782
97.5 0.0022912047 -0.0021573075
102.5 0.0016310491 -0.00095314449
107.5 0.00025250826 0.00055074048
112.5 -0.0011921436 -0.00066640543
117.5 0.00012563158 -0.003005786
122.5 -0.0011419762 -0.0023189656
127.5 0.00085310685 -0.0019722741
132.5 -0.00011360243 -0.0012263296
137.5 -0.00012383177 -0.0006399439
142.5 -0.00019544097 -0.00034272123
147.5 -5.0938009e-05 -0.00018752952
152.5 -0.00048721123 -0.0012425745
157.5 -0.0012326532 -0.0035221767
162.5 -0.0014752282 -0.0013655802
167.5 -0.00081972717 0.00099047667
172.5 0.00059493786 0.0023275819
177.5 -4.6001455e-05 0.0014649351
182.5 -0.00056909172 -0.00014388031
187.5 -0.00044000602 -0.00060191812
192.5 -0.00096508743 -0.00034388229
197.5 0.00058079526 -0.0011897503
