2.5 12.503718 0.04523834
7.5 1.8754419 -0.061217196
12.5 0.47564207 -0.043949446
17.5 0.035779473 -0.046477068
22.5 -0.11868172 -0.047344909
27.5 -0.13156512 -0.043649548
32.5 -0.029701453 -0.033253218
37.5 0.031312962 -0.016712842
42.5 0.029738966 -0.0024874719
47.5 0.019729317 0.00011056921
52.5 0.012622063 -0.0031327065
57.5 0.0083617217 -0.0044352417
62.5 0.0049273312 -0.0077763109
67.5 0.0029373103 -0.0060784152
72.5 0.00094900932 -0.0048681997
77.5 0.002917566 -0.0051093398
82.5 0.0025155353 -0.0056598933
87.5 0.0015250547 -0.0057304742
92.5 0.00097492656 -0.0039310933
97.5 0.0014511574 -0.0027364432
102.5 0.00029112059 -0.0049840131
107.5 0.00072328755 -0.005254972
112.5 0.0011888739 -0.0036287492
117.5 0.0010173986 -0.0022064949
122.5 -2.7733139e-05 -0.002419209
127.5 0.00024681163 -0.0022410604
132.5 -3.4086148e-05 -0.0025243548
137.5 0.00023615564 -0.0030377594
142.5 9.0693751e-05 -0.0015387512
147.5 0.00046936469 -0.0028203287
152.5 0.00020076423 -0.0014752369
157.5 0.00098428668 -0.0018346722
162.5 0.00063195062 -0.003182081
167.5 -9.3489413e-06 -0.0031350973
172.5 -0.00038821199 -0.0033909582
177.5 -0.00047067571 -0.0020030678
182.5 -0.00089447696 -0.0015294572
187.5 0.00032805077 -0.00045696259
192.5 0.00049981272 -0.0010468385
197.5 0.00070320388 -0.00091622821
