2.5 12.530612 -0.0029693526
7.5 1.8610539 -0.063328786
12.5 0.48217584 -0.04840139
17.5 0.041682367 -0.045296039
22.5 -0.1149697 -0.051894531
27.5 -0.13116293 -0.050864562
32.5 -0.030552319 -0.040583411
37.5 0.029193824 -0.017813268
42.5 0.026755791 -0.0042895976
47.5 0.017120016 -0.0065536755
52.5 0.011279211 -0.0098937577
57.5 0.0077805805 -0.0083818534
62.5 0.0059353641 -0.0072939575
67.5 0.005152703 -0.0072780262
72.5 0.0036241971 -0.009322996
77.5 0.0031480677 -0.0055346552
82.5 0.00064995576 -0.0071659685
87.5 0.00062036629 -0.0051311642
92.5 0.0019965276 -0.0027043568
97.5 0.0015825816 -0.0029666737
102.5 0.0024019231 -0.0046629668
107.5 0.0025738104 -0.0037697421
112.5 0.0013936851 -0.0045053117
117.5 0.00052253949 -0.0037696654
122.5 -0.00055019374 -0.0036917135
127.5 -0.00053129473 -0.0044684931
132.5 -5.7620565e-05 -0.0077050922
137.5 -0.0006620828 -0.0077544606
142.5 -0.0010218265 -0.0031482216
147.5 -0.00092127888 -0.0030540801
152.5 -0.00014578653 -0.0021194719
157.5 0.00016893055 -0.0019772836
162.5 0.00038155598 -0.0022411751
167.5 -0.00076051365 -0.0015101767
172.5 -0.00038689469 -0.0031492101
177.5 2.2543426e-05 -0.0042224331
182.5 -4.8311741e-05 -0.0028837612
187.5 2.8411739e-05 -0.00013140337
192.5 0.00051998915 0.0013825563
197.5 0.00019004784 0.00065906326
