2.5 12.596797 0.022958109
7.5 1.8821678 -0.069447308
12.5 0.4864868 -0.064141634
17.5 0.042674937 -0.043211124
22.5 -0.113081 -0.039762217
27.5 -0.12957783 -0.029286618
32.5 -0.03129312 -0.037238759
37.5 0.02876403 -0.026035459
42.5 0.028200841 -0.016875188
47.5 0.019335942 -0.011663255
52.5 0.012665538 -0.0066692672
57.5 0.0064219478 -0.0044386121
62.5 0.0064921262 -0.0079960344
67.5 0.0046429135 -0.0087772111
72.5 0.0033008043 -0.0064506453
77.5 0.0030545378 -0.00797024
82.5 0.0015825681 -0.0047153988
87.5 0.00069559373 -0.0043357099
92.5 3.2625041e-06 -0.004400466
97.5 0.00012269335 -0.0030967514
102.5 -0.00034097007 -0.0028675259
107.5 0.00078848126 -0.0025979516
112.5 0.00048042884 -0.0030920459
117.5 -0.00044183367 -0.0002607893
122.5 0.00027764251 -4.7971382e-05
127.5 0.00090006317 -0.0024710808
132.5 -0.00016606824 -0.0047318334
137.5 -0.00028992647 -0.0043982861
142.5 -0.00048958869 -0.0043821338
147.5 -0.00076156656 -0.00078328203
152.5 -0.00098001292 -0.0018221535
157.5 -0.00028013288 -0.0021643552
162.5 0.0001358335 -0.002756702
167.5 -7.7796815e-05 -0.0018804081
172.5 -0.00023615658 -0.0015251594
177.5 -0.00033643332 -0.0015277927
182.5 -0.00056969495 0.00018296659
187.5 -5.8142307e-05 0.00022228287
192.5 -0.00056209516 -0.0012300425
197.5 -0.00044717449 -0.0028938637
