2.5 12.56592 0.012046245
7.5 1.8873056 -0.098510586
12.5 0.49474298 -0.07252632
17.5 0.049934694 -0.049211236
22.5 -0.11479471 -0.042872425
27.5 -0.12929415 -0.048134136
32.5 -0.032116474 -0.033001216
37.5 0.031051874 -0.013350731
42.5 0.029469841 -0.011852523
47.5 0.020098402 -0.0047713857
52.5 0.010916504 -0.0033942899
57.5 0.0075961591 -0.0045036727
62.5 0.0050195419 -0.0069356247
67.5 0.0042985731 -0.0066298524
72.5 0.0015430932 -0.0057295697
77.5 -0.00053032334 -0.0036381554
82.5 -0.00020394093 -0.006762911
87.5 0.0015075904 -0.0036683078
92.5 0.00020672326 0.00017423168
97.5 0.0012402619 0.00053971258
102.5 0.00061110328 -0.0054556789
107.5 0.00098333618 -0.0016521182
112.5 0.0012097085 -0.0002032208
117.5 0.0011247589 -0.00069131176
122.5 0.00011565525 -0.0018714717
127.5 -0.0017466868 0.00013059971
132.5 -0.00091121055 -0.001665855
137.5 -0.00016807882 -0.0020531348
142.5 0.00022570158 -0.0023431978
147.5 -0.00056777339 -0.0045480979
152.5 -0.00013576252 -0.0044242577
157.5 4.3871412e-05 -0.0026592374
162.5 -0.00044199292 -0.0029953738
167.5 0.00035587961 -0.0029372574
172.5 -0.00016186007 -0.0015807121
177.5 -0.0005903504 -0.00053820445
182.5 -0.0013460055 -0.001755437
187.5 -0.00021526423 -0.0021550804
192.5 0.00021345509 0.00037247879
197.5 0.00055589782 0.00061721383
