0 5 488700 9.7380413e-07 30558.091 6.0891334e-08
5 10 3330353 6.6362012e-06 94628.605 1.8856093e-07
10 15 8865399 1.7665566e-05 244912.66 4.8802324e-07
15 20 17005108 3.3885092e-05 542395.04 1.0807991e-06
20 25 27525924 5.4849311e-05 1250159.2 2.4911197e-06
25 30 40233686 8.0171331e-05 2396655.7 4.7756768e-06
30 35 54932117 0.00010946004 4103603.5 8.1770126e-06
35 40 71503731 0.00014248134 6280092.3 1.2513976e-05
40 45 89736293 0.0001788123 9155471.3 1.8243576e-05
45 50 1.0945272e+08 0.00021810008 12626285 2.5159666e-05
50 55 1.3063362e+08 0.00026030604 16808315 3.3492954e-05
55 60 1.5309833e+08 0.00030507015 21417851 4.2678109e-05
60 65 1.7683481e+08 0.00035236846 26707642 5.3218768e-05
65 70 2.015679e+08 0.00040165266 32475522 6.4712089e-05
70 75 2.2736793e+08 0.00045306287 38808628 7.7331701e-05
75 80 2.5412601e+08 0.00050638215 45686248 9.1036334e-05
80 85 2.8161653e+08 0.00056116093 53077664 0.00010576478
85 90 3.0989188e+08 0.00061750356 61047634 0.00012164608
90 95 3.3882332e+08 0.00067515356 69233952 0.00013795848
95 100 3.6832717e+08 0.00073394418 78129753 0.00015568462
100 105 3.9829867e+08 0.00079366665 87628764 0.00017461275
105 110 4.2864207e+08 0.00085413018 97767922 0.00019481647
110 115 4.5922288e+08 0.00091506678 1.0837852e+08 0.00021595959
115 120 4.9020768e+08 0.00097680839 1.1969143e+08 0.00023850218
120 125 5.2111214e+08 0.0010383899 1.3125914e+08 0.00026155248
125 130 5.5220613e+08 0.0011003491 1.4337214e+08 0.00028568935
130 135 5.8338042e+08 0.0011624683 1.5590492e+08 0.00031066269
135 140 6.1471346e+08 0.0012249038 1.6828294e+08 0.00033532765
140 145 6.461148e+08 0.0012874755 1.8084613e+08 0.00036036159
145 150 6.7754888e+08 0.0013501123 1.9370639e+08 0.00038598748
150 155 7.090493e+08 0.0014128814 2.0635937e+08 0.00041120035
155 160 7.4050195e+08 0.0014755553 2.1901664e+08 0.00043642176
160 165 7.7203854e+08 0.0015383964 2.3118778e+08 0.00046067447
165 170 8.0361001e+08 0.001601307 2.429851e+08 0.00048418232
170 175 8.3516841e+08 0.0016641916 2.5481367e+08 0.00050775241
175 180 8.6661435e+08 0.0017268521 2.663117e+08 0.00053066388
180 185 8.9799176e+08 0.0017893761 2.77684e+08 0.00055332479
185 190 9.2916547e+08 0.0018514941 2.8917508e+08 0.0005762224
190 195 9.6023961e+08 0.0019134137 3.0049967e+08 0.00059878826
195 200 9.9100398e+08 0.0019747161 3.1159015e+08 0.00062088762
