0 5 488225 9.6544547e-07 20051.392 3.9650827e-08
5 10 3343215 6.6110743e-06 73325.689 1.4499862e-07
10 15 8937442 1.7673435e-05 211551.5 4.1833465e-07
15 20 17161116 3.3935422e-05 501923.15 9.92533e-07
20 25 27761179 5.4896624e-05 1213983.8 2.4006046e-06
25 30 40572887 8.0231266e-05 2413153.4 4.7719146e-06
30 35 55397438 0.00010954622 4142694.8 8.1920138e-06
35 40 72077231 0.00014252985 6433452.1 1.2721895e-05
40 45 90412509 0.00017878713 9327368.9 1.84445e-05
45 50 1.1033845e+08 0.00021818989 12829462 2.536975e-05
50 55 1.3164088e+08 0.00026031459 17004149 3.3625026e-05
55 60 1.5428543e+08 0.00030509329 21707619 4.2925952e-05
60 65 1.7808936e+08 0.00035216461 27142499 5.367321e-05
65 70 2.0304412e+08 0.00040151165 33091480 6.5437081e-05
70 75 2.2899072e+08 0.00045282002 39543387 7.819547e-05
75 80 2.5589308e+08 0.00050601836 46660841 9.2269952e-05
80 85 2.8352875e+08 0.00056066679 54016396 0.00010681527
85 90 3.1201294e+08 0.00061699315 62191320 0.00012298086
90 95 3.4098578e+08 0.00067428578 70848087 0.00014009927
95 100 3.706433e+08 0.00073293234 80094899 0.00015838447
100 105 4.0066053e+08 0.00079229022 89878000 0.00017773016
105 110 4.3102566e+08 0.00085233605 1.0032825e+08 0.0001983951
110 115 4.6168765e+08 0.00091296892 1.1121596e+08 0.00021992512
115 120 4.9258788e+08 0.00097407288 1.2266895e+08 0.00024257295
120 125 5.2358725e+08 0.0010353729 1.3501613e+08 0.00026698902
125 130 5.5458409e+08 0.0010966679 1.4752519e+08 0.00029172518
130 135 5.8582132e+08 0.0011584383 1.6044894e+08 0.00031728138
135 140 6.1706739e+08 0.0012202262 1.7329861e+08 0.00034269109
140 145 6.4846143e+08 0.0012823066 1.866302e+08 0.00036905378
145 150 6.7978096e+08 0.0013442397 1.9969317e+08 0.00039488529
150 155 7.1118754e+08 0.001406345 2.1251241e+08 0.00042023482
155 160 7.4272482e+08 0.0014687087 2.2491971e+08 0.00044476976
160 165 7.7436643e+08 0.0015312787 2.3721595e+08 0.00046908508
165 170 8.0588554e+08 0.0015936065 2.492167e+08 0.00049281609
170 175 8.3747401e+08 0.0016560715 2.6094282e+08 0.00051600403
175 180 8.6921732e+08 0.0017188426 2.7268984e+08 0.00053923329
180 185 9.0066589e+08 0.0017810309 2.838676e+08 0.00056133686
185 190 9.3196196e+08 0.0018429176 2.9505908e+08 0.00058346756
190 195 9.6312332e+08 0.001904538 3.0611211e+08 0.00060532449
195 200 9.9396139e+08 0.001965519 3.1715791e+08 0.00062716712
