2.5 12.787595 0.021630401
7.5 1.9106945 -0.095130298
12.5 0.48868766 -0.058043652
17.5 0.041919255 -0.026711813
22.5 -0.11482814 -0.031928999
27.5 -0.12909053 -0.037450615
32.5 -0.022978752 -0.01935011
37.5 0.037479734 -0.0033739447
42.5 0.036625468 0.005965093
47.5 0.020923212 0.011861036
52.5 0.012111603 0.0024430235
57.5 0.0068780084 -0.0075646001
62.5 0.001941174 -0.01051868
67.5 0.00030927828 -0.0066414315
72.5 -0.0010522512 -0.00068337044
77.5 -0.0004618554 -0.0080116855
82.5 0.0016510063 -0.0078797127
87.5 0.0011887144 -0.0021874214
92.5 0.00063306314 -0.0025510439
97.5 0.0022064833 -0.0051626192
102.5 0.0021254943 -0.0031295265
107.5 4.5471097e-06 -0.0038323713
112.5 0.00071407227 -0.00067056608
117.5 0.0014185924 -0.00031255932
122.5 0.0017810724 -0.0019872731
127.5 0.0014245518 -0.0006261337
132.5 -0.0001257168 -0.001987429
137.5 -0.00079409672 -0.00018838587
142.5 0.0014142877 0.0012498094
147.5 0.001904206 0.0014031518
152.5 3.3069297e-05 -0.00066620805
157.5 -0.00042107163 -0.0039380759
162.5 1.7590544e-05 -0.0017026261
167.5 -0.0010355201 -0.00025994882
172.5 -0.0011261911 0.0028009508
177.5 0.00067514247 8.2928052e-05
182.5 -4.8174933e-05 0.00023536513
187.5 0.00047195246 0.00045732896
192.5 -0.00095160261 -0.0010129255
197.5 -0.00041641396 -0.0011863113
