2.5 13.022835 -0.44442176
7.5 1.9643346 -0.13452918
12.5 0.50880352 -0.051769548
17.5 0.045865122 -0.033163959
22.5 -0.1195977 -0.037163106
27.5 -0.13668318 -0.032358277
32.5 -0.032439648 -0.021272511
37.5 0.035370789 -0.021722637
42.5 0.030061234 -0.014498816
47.5 0.017154103 -0.0098345823
52.5 0.0093149265 0.0009898576
57.5 0.0066601181 0.0054600076
62.5 0.0062702082 -0.00081367425
67.5 0.00460461 -0.0088632429
72.5 0.0021724422 -0.008056177
77.5 -3.0364728e-05 -0.004604706
82.5 -0.00023914178 -0.0016128749
87.5 0.00083443906 0.0022879286
92.5 0.0029520972 0.0031647857
97.5 0.0015248227 -0.00079882067
102.5 0.00083774693 -0.0016971821
107.5 0.0007385722 -0.0030611043
112.5 0.00037110972 -0.0043887237
117.5 0.0017603658 0.00046178073
122.5 0.00013778162 -0.00066192902
127.5 0.00033983243 0.0016041766
132.5 -0.00013025953 0.0022629646
137.5 0.00022998409 0.0029856435
142.5 0.002052653 0.0012561848
147.5 0.0014251641 -0.0047695963
152.5 -0.0015588597 -0.0052683216
157.5 -0.0022425965 -0.0023849459
162.5 -0.0019128439 -0.0027947423
167.5 -0.0012401129 -0.0013547444
172.5 0.00015151867 -0.0028378204
177.5 0.0013755409 -0.0018207235
182.5 -0.00015674362 0.00019625481
187.5 0.000552737 0.0013312195
192.5 -0.0003050682 0.0012675333
197.5 0.0012562488 -0.0026557796
