2.5 12.635992 -0.026400912
7.5 1.9134994 -0.09985075
12.5 0.50467338 -0.052373028
17.5 0.054724556 -0.052264646
22.5 -0.10826893 -0.054015345
27.5 -0.12540781 -0.05570421
32.5 -0.029931647 -0.032397293
37.5 0.03619648 -0.01633462
42.5 0.034495279 -0.0086098972
47.5 0.019055159 -0.0065615809
52.5 0.011732124 -0.0089957413
57.5 0.0071455017 -0.0071065667
62.5 0.0047217736 -0.0055140483
67.5 0.0043633262 -0.0058863944
72.5 0.0017100698 0.00049200009
77.5 0.0016454468 -0.0039379225
82.5 0.00034535417 -0.0070988383
87.5 0.0012211933 -0.0079933609
92.5 0.0023685328 -0.0051349192
97.5 0.0016096585 -0.0042028804
102.5 0.0012633971 -0.0054323562
107.5 0.0010356096 -0.0054574964
112.5 0.0011500552 -0.0046389313
117.5 0.0022473659 -0.0029450006
122.5 0.0014438369 -0.0021810912
127.5 0.00043167773 -0.001709995
132.5 0.00030034901 0.0024103337
137.5 -0.00025932162 0.00061659161
142.5 4.6230818e-05 0.00076950353
147.5 -0.00072789109 -0.0013281499
152.5 -0.0020288862 -0.0034709104
157.5 -0.0011016597 -0.00028217068
162.5 0.00058632707 -0.00072223747
167.5 -0.0011470311 -0.0015172264
172.5 -0.0013307724 -0.001910678
177.5 -0.00029304291 -0.0025349109
182.5 0.00014650747 -0.0011822489
187.5 0.00087646631 0.0024090668
192.5 -0.00012603282 0.00069916283
197.5 -0.0016907843 -0.001842787
