2.5 12.688444 -0.66772088
7.5 1.8768957 -0.15178911
12.5 0.47752777 -0.11051386
17.5 0.046419154 -0.066587706
22.5 -0.11856754 -0.05343282
27.5 -0.12943407 -0.047537925
32.5 -0.027522016 -0.033906754
37.5 0.03658134 -0.0098820067
42.5 0.031279541 0.0035537283
47.5 0.022691211 0.0013652039
52.5 0.014284127 -0.0021570393
57.5 0.0059783127 -0.01180276
62.5 0.0024858657 -0.01525602
67.5 -0.0025457544 -0.017118713
72.5 -0.00041550054 -0.010552105
77.5 0.0017060724 -0.0067091331
82.5 0.0032694379 -0.0045025211
87.5 0.0041315659 -0.0025977447
92.5 0.0018206043 -0.0038798518
97.5 0.0037302224 0.00054056531
102.5 0.0041268981 0.00040127341
107.5 0.0027410564 0.0017722686
112.5 0.0020902028 -0.003791762
117.5 0.0017764153 -0.0021704124
122.5 0.00069239632 0.00037713465
127.5 0.00023968335 -0.00032853207
132.5 0.0017662689 0.0011121573
137.5 0.0017912855 0.0055820956
142.5 0.0014605622 0.0012702632
147.5 -1.5865472e-05 -0.0026728524
152.5 0.00024570737 -0.0022577403
157.5 0.0020883676 0.00079140992
162.5 0.0030877228 0.0021390838
167.5 0.00074883732 -0.0032946697
172.5 0.0014353763 -0.00033514692
177.5 0.0014564086 -0.001221989
182.5 -0.00058675956 -0.001411354
187.5 0.00073643075 -0.0037765156
192.5 0.00023803371 -0.0014917578
197.5 -0.00035042924 -0.0022715706
