2.5 12.580751 0.052207666
7.5 1.8548508 -0.094216325
12.5 0.47668335 -0.09637039
17.5 0.03637122 -0.061496788
22.5 -0.1156476 -0.054239087
27.5 -0.1318696 -0.059738622
32.5 -0.032335554 -0.044111136
37.5 0.028113681 -0.028764416
42.5 0.032390117 -0.016704422
47.5 0.02447464 -0.0042887455
52.5 0.01494867 -0.013590243
57.5 0.010392411 -0.010517917
62.5 0.0064009502 -0.0075738133
67.5 0.0048384722 -0.0063434399
72.5 0.0046681708 -0.0020255685
77.5 0.0022850875 -0.0031558639
82.5 0.00078810926 -0.0049923526
87.5 0.0016005135 -0.0058766185
92.5 0.0013168626 -0.005560947
97.5 0.0018860724 -0.0025863981
102.5 0.00027438334 -0.0031640115
107.5 0.0018154703 -0.0041076669
112.5 0.0023389202 -0.0014585971
117.5 0.00080763125 -0.0025797517
122.5 -0.00040547323 -0.0079238495
127.5 -0.0010031721 -0.0089279973
132.5 -0.00087998139 -0.0068345969
137.5 -0.00095195267 -0.0064579737
142.5 0.0010723181 -0.0052619816
147.5 0.00058367012 -0.0045654147
152.5 0.00014765805 -0.0039332339
157.5 0.00012806476 -0.0045323023
162.5 -0.0017500548 -0.0024363676
167.5 -0.0017655062 -0.0022588894
172.5 -0.00055017076 -0.0020862988
177.5 -0.00079254706 -0.0028072969
182.5 -9.1056707e-05 -0.0034698586
187.5 0.00024606344 -0.0035616715
192.5 0.00057386798 -0.0034987646
197.5 0.00060631674 -0.00014052999
