2.5 12.792352 -0.2369302
7.5 1.9123011 -0.10995663
12.5 0.47502688 -0.067913859
17.5 0.045677382 -0.050042649
22.5 -0.11459867 -0.050121118
27.5 -0.13389013 -0.043436117
32.5 -0.035362631 -0.034839438
37.5 0.031872711 -0.010662891
42.5 0.032089167 -0.003442048
47.5 0.022947017 -0.0085913282
52.5 0.012040926 -0.0059727093
57.5 0.0070367621 -0.0051882915
62.5 0.0035570993 -0.0085896952
67.5 0.0045981716 -0.0025078442
72.5 0.0036369484 -0.0020934931
77.5 0.0022106675 0.0018853018
82.5 -0.0014961138 -0.0016856997
87.5 0.00092698366 -0.0095429559
92.5 0.0030826412 -0.0089054155
97.5 0.0017238241 -0.010040931
102.5 0.000955246 -0.0026194648
107.5 0.0010958734 0.0029111344
112.5 0.0009134296 0.0030416437
117.5 0.0015870601 -0.0022239223
122.5 0.0017074594 -0.0017324311
127.5 0.00087205988 -0.0073206931
132.5 0.00084646901 -0.0032386707
137.5 0.00068332009 -0.0065305837
142.5 -0.00086998277 -0.0064542588
147.5 -0.00051675421 -0.0057585404
152.5 -3.9800738e-06 -0.0059997726
157.5 -1.8070754e-05 8.7463024e-05
162.5 4.2099381e-05 -0.00040262877
167.5 0.0010526977 -0.0035206483
172.5 -0.00060909677 -0.0039595116
177.5 -0.001672659 -0.0026755489
182.5 -0.00072328293 -0.00059457884
187.5 0.00095674886 -0.0025450454
192.5 2.9884556e-05 -0.001228614
197.5 -0.00065267141 -0.0036716932
