2.5 12.735712 0.16850373
7.5 1.9376551 -0.084484038
12.5 0.50064573 -0.059881613
17.5 0.054602786 -0.043440321
22.5 -0.10704064 -0.064012344
27.5 -0.12694742 -0.0560945
32.5 -0.029457621 -0.035231859
37.5 0.034461952 -0.0085325756
42.5 0.028069442 -0.0013387017
47.5 0.017488004 -0.00016067534
52.5 0.010860287 -0.0008682969
57.5 0.0048737313 -0.0057394873
62.5 0.0058761765 -0.0080000871
67.5 0.0028255808 -0.0068593185
72.5 0.0012182752 -0.003463461
77.5 0.0014876211 0.0015092942
82.5 0.00072921811 -0.0051409408
87.5 0.0016104045 -0.0076026894
92.5 0.00044771056 -0.0097821781
97.5 0.0014448395 -0.0064980232
102.5 -0.00071292304 -0.00010769092
107.5 0.0011388206 -0.0045426538
112.5 0.001129876 -0.0026337792
117.5 -0.00015360461 -0.00042618535
122.5 -0.0010148095 -0.0042775676
127.5 0.00039696798 -0.0022721297
132.5 0.0013673528 0.0025642657
137.5 0.00017821667 0.0005721824
142.5 -0.00096723936 0.00073161383
147.5 -0.00082037973 0.0023473471
152.5 -0.0012382871 -0.00038822883
157.5 -0.00132911 -0.0017976534
162.5 0.0017134773 -0.00066834232
167.5 0.00017286204 -0.0037019688
172.5 0.00039372687 -0.0017806733
177.5 0.00052956835 0.00010427955
182.5 0.00031353325 -0.0015697968
187.5 -0.0010893535 -0.0013810196
192.5 -5.9142933e-06 -0.0028377091
197.5 0.0011538147 -0.0011968676
