2.5 12.274475 0.20183558
7.5 1.8386441 -0.035330705
12.5 0.46043399 -0.040179005
17.5 0.035589559 -0.041214128
22.5 -0.11698124 -0.043533729
27.5 -0.13167203 -0.038785305
32.5 -0.026016922 -0.028277229
37.5 0.028315424 -0.015691924
42.5 0.028461727 -0.00058207226
47.5 0.020889909 0.00016232486
52.5 0.013330803 -0.0051712657
57.5 0.0091433001 -0.0077493086
62.5 0.0041288996 -0.0079508312
67.5 0.0016698305 -0.010536955
72.5 -0.00077189324 -0.0082242066
77.5 0.0017513233 -0.0055595595
82.5 0.0016157621 -0.0061845919
87.5 0.002433868 -0.0059307543
92.5 0.001153259 -0.0027406654
97.5 0.0012233345 -0.00076859388
102.5 0.0004841441 -0.0046028734
107.5 0.00090890563 -0.0029165833
112.5 0.0018660006 -0.0030967334
117.5 0.0015919373 -0.0035930411
122.5 -0.00052332 -0.0035742946
127.5 -0.00011491846 -0.0035182258
132.5 -0.00054394421 -0.0036967294
137.5 0.00029256691 -0.0038226828
142.5 0.00031025758 -0.00252169
147.5 0.0011259576 -0.0024109373
152.5 0.00050352064 -0.00080624041
157.5 0.0011845426 -0.0025149028
162.5 0.00071964185 -0.0028468611
167.5 -0.0006522279 -0.0014243281
172.5 -0.0010082856 -0.0030674103
177.5 -0.00094956592 -0.0024868953
182.5 -0.0013355299 -0.0022003189
187.5 0.00030618108 -0.0009524808
192.5 0.00038879167 -0.00087018589
197.5 0.00035372766 -0.00032894562
