2.5 12.521997 0.24714733
7.5 1.8484936 -0.096858495
12.5 0.47204008 -0.070766702
17.5 0.036662452 -0.046469663
22.5 -0.11908104 -0.0447486
27.5 -0.12478998 -0.045368697
32.5 -0.026129224 -0.030405282
37.5 0.031800463 -0.0087939065
42.5 0.029456281 -0.0050181693
47.5 0.016069402 -0.0053537643
52.5 0.0091582897 -0.0035046459
57.5 0.0074825792 -0.0043010476
62.5 0.0062665511 -2.5426815e-05
67.5 0.0042124656 -0.00011995743
72.5 0.0022593901 -0.0036687701
77.5 0.0031422481 -0.0040283428
82.5 0.0021065235 -0.00021611539
87.5 0.001135949 -0.0078091385
92.5 0.002255611 -0.0076620537
97.5 0.0028311585 -0.0047563333
102.5 0.0019185859 -0.0019998527
107.5 0.0014676342 8.7696303e-06
112.5 0.0010047049 -0.0034781513
117.5 0.00066263537 -0.0040102695
122.5 0.00063034567 -0.0024006119
127.5 -0.00027901974 -0.0063196701
132.5 0.00015910494 -0.0062708287
137.5 -0.001357253 -0.006642304
142.5 -4.2690323e-05 -0.0044075098
147.5 -0.00040567324 -0.0016536379
152.5 -0.00014922748 0.0013238842
157.5 -9.5267424e-05 -0.00050609408
162.5 0.00026614064 -0.0038586282
167.5 -0.00086377841 -0.0036584517
172.5 -0.00049316448 -0.0037665761
177.5 -0.00082969766 -0.0035843978
182.5 -0.00022008785 0.00015097848
187.5 0.00076252405 0.0013546484
192.5 0.00032354745 -0.00062622307
197.5 0.00045958488 -0.00096353225
