2.5 12.779998 -0.39852585
7.5 1.9120595 -0.16130425
12.5 0.49562562 -0.080344658
17.5 0.055012647 -0.061202946
22.5 -0.11718886 -0.048705394
27.5 -0.13205416 -0.054075676
32.5 -0.036144819 -0.041577994
37.5 0.029972151 -0.014084904
42.5 0.031012811 0.0001731512
47.5 0.023227723 -0.0024273953
52.5 0.013813546 -0.0022199529
57.5 0.0080323768 -0.0063261454
62.5 0.0062623028 -0.00054575054
67.5 0.0041984564 -0.0019162576
72.5 0.0016501149 -0.0058086746
77.5 0.001284801 -0.012877377
82.5 0.00089095429 -0.010175984
87.5 0.00062449794 -0.009321512
92.5 0.001383136 -0.0068079006
97.5 0.00082216837 -0.0042768101
102.5 0.00066715831 -0.0041860057
107.5 0.001298821 -0.0023953199
112.5 -0.00017829993 -0.00063034609
117.5 -0.0015025277 -0.0032951264
122.5 -0.00089038852 -0.0051171231
127.5 6.8328131e-05 -0.0031566598
132.5 0.0001538281 0.0012830326
137.5 -0.0001475718 -0.002188052
142.5 0.0010956837 -0.0030105224
147.5 -0.00059168022 -0.00087114836
152.5 -0.0015703766 -0.0027047787
157.5 0.0002047652 -0.0021106306
162.5 -0.00089398703 -0.0044958075
167.5 -0.00075658463 -0.0027655392
172.5 0.00010685725 -0.003379936
177.5 0.00071149167 -0.0013221812
182.5 1.9614188e-05 -0.00076697359
187.5 -0.00081531281 -0.0042907197
192.5 -0.0014306349 -0.005162193
197.5 -0.0017143461 -0.00078279956
