2.5 12.821075 -0.31501085
7.5 1.9343446 -0.11718059
12.5 0.4951756 -0.081842748
17.5 0.051811058 -0.073758358
22.5 -0.11245988 -0.065334452
27.5 -0.13276895 -0.056842984
32.5 -0.031880665 -0.045180333
37.5 0.029928379 -0.0097346448
42.5 0.026718513 0.014518964
47.5 0.016439036 0.0047755348
52.5 0.0091825585 -0.0058624115
57.5 0.0038113463 -0.010459469
62.5 0.0074751045 -0.0042591312
67.5 0.0048950501 -0.00080513229
72.5 -7.8023768e-05 -0.0016349602
77.5 -3.1036006e-06 -0.0034333495
82.5 -0.0021811501 -0.0017354425
87.5 -0.0038694317 -0.0089348023
92.5 -0.0031835336 -0.010635302
97.5 0.000592968 -0.0023385806
102.5 0.0012977866 -0.0019871827
107.5 -0.00021908144 -0.0022808614
112.5 -0.00011671515 -0.0037920419
117.5 -0.0010401596 -0.0042531956
122.5 -0.00063644166 -0.0021333363
127.5 0.0010363198 -0.00091835098
132.5 0.0012133435 -0.0022002068
137.5 0.00032094272 -0.0020749376
142.5 0.001132419 -0.0030019829
147.5 4.7495891e-05 -0.0036148098
152.5 -0.00014797725 -0.0035645433
157.5 -0.00098525956 0.0010382506
162.5 -0.00031444652 0.0037411669
167.5 8.4859281e-05 0.0014400336
172.5 0.0011877782 0.00019663912
177.5 0.00064658714 0.0016378025
182.5 0.0013504083 0.0060473245
187.5 0.0010157223 0.0069689448
192.5 -0.00032602883 0.0052798536
197.5 -0.0010175711 -0.00024332591
