2.5 12.794778 -0.52716357
7.5 1.9103175 -0.17087728
12.5 0.48644694 -0.070469654
17.5 0.045539541 -0.055598476
22.5 -0.11395477 -0.048485427
27.5 -0.13486282 -0.031636206
32.5 -0.036833582 -0.033779949
37.5 0.025856617 -0.0082942779
42.5 0.030153787 -0.00039167299
47.5 0.021163277 0.0027006508
52.5 0.013669745 0.0034706476
57.5 0.007676886 0.00067423217
62.5 0.0027033844 -0.0003026793
67.5 0.00073803231 -0.00080674117
72.5 0.00057199968 0.0014638288
77.5 -0.00012762208 5.4030277e-06
82.5 -0.0013930332 -0.0078868927
87.5 -0.00039492821 -0.0059539328
92.5 -0.00062801644 -0.00020623094
97.5 0.00090437687 -5.703364e-05
102.5 0.002375064 -0.0022045741
107.5 6.0525759e-05 -0.00093736019
112.5 -0.00051637957 -0.0056613684
117.5 -0.0013664296 -0.0044347717
122.5 -0.0018389421 -0.0068315196
127.5 -0.0010371163 -0.001333508
132.5 0.00046797999 -0.0019487331
137.5 -0.00068829175 -0.0015923101
142.5 -0.00073949588 8.691514e-06
147.5 -0.00033640563 0.0013803085
152.5 -0.00040017417 0.0022156889
157.5 -0.00070044145 -0.00093428524
162.5 -8.0015397e-05 -2.6014581e-05
167.5 -0.00053804181 -0.0018706668
172.5 -0.00057198525 -0.0050482636
177.5 -0.00017489257 -0.0018320768
182.5 -0.00042682537 -0.0010960524
187.5 -0.00074287157 0.0011220347
192.5 -7.6464163e-05 -0.0023508913
197.5 -0.00029453697 -0.0022587825
