2.5 12.801213 -0.41514554
7.5 1.9119331 -0.13367641
12.5 0.49687702 -0.072254813
17.5 0.05353507 -0.06594942
22.5 -0.11152006 -0.06009465
27.5 -0.13361083 -0.047972467
32.5 -0.033119935 -0.039403213
37.5 0.031303438 -0.011513573
42.5 0.032059741 -0.0071353657
47.5 0.022195594 -0.0096552223
52.5 0.013953891 -0.009678619
57.5 0.0087357882 -0.00654878
62.5 0.004580973 -0.0094157061
67.5 0.0026781753 -0.0011664797
72.5 0.0021304357 -0.0049692651
77.5 0.00031205544 -0.011660734
82.5 -0.00045819007 -0.0075703596
87.5 -0.00068508789 -0.0074900849
92.5 -0.0012116872 -0.0068357865
97.5 0.0019460921 -0.0044351208
102.5 0.0024590939 -0.0057445429
107.5 0.00089564352 -0.0027122076
112.5 0.00079342762 -0.0039633403
117.5 -0.00075083946 -0.0038150496
122.5 -0.0010554159 -0.0033221588
127.5 -0.0010314816 -0.0034884057
132.5 -0.00041395728 -0.00068580855
137.5 0.0013451818 0.00092448616
142.5 -0.00015684285 -0.0030425345
147.5 -0.00011843155 -0.0013928621
152.5 -0.00089954219 8.6301422e-05
157.5 -0.0011204351 -0.0022631904
162.5 -0.0011666743 -0.005400367
167.5 -0.0012447521 -0.0058170786
172.5 -0.0011087556 -0.0037387536
177.5 -0.0002957831 -0.00207153
182.5 0.00014912427 -0.0024806277
187.5 -0.00088752497 -0.0015939028
192.5 -7.2502024e-05 -0.0023087175
197.5 0.00090693336 -0.0028944129
