2.5 13.041148 -0.41712011
7.5 1.9311561 -0.17746538
12.5 0.48497844 -0.11168892
17.5 0.042211157 -0.075257641
22.5 -0.12009061 -0.050311714
27.5 -0.13238051 -0.04382465
32.5 -0.037148203 -0.02974239
37.5 0.027172307 -0.013677594
42.5 0.027453482 -0.0039571084
47.5 0.01888991 -0.0054785948
52.5 0.012001783 -0.0088395809
57.5 0.0054963866 -0.0056768497
62.5 0.003417885 0.001557508
67.5 0.0053248268 0.0042462426
72.5 0.0032753549 0.0022225257
77.5 0.0040574183 -0.0015174492
82.5 0.0033602929 -0.0077466997
87.5 0.00042253108 -0.0052356014
92.5 0.00093119244 -0.001389891
97.5 0.0028659504 0.0058393536
102.5 0.0039005312 0.0035370534
107.5 0.00044441458 -0.00076243507
112.5 0.00050950138 -0.003516245
117.5 0.0001543279 -0.0012594753
122.5 -0.0010682153 -0.0025372765
127.5 -0.0016493248 -0.0027632366
132.5 -0.0013983683 0.00054072985
137.5 -0.0008715041 0.0016364704
142.5 -0.0011737556 6.4118306e-05
147.5 0.00049125792 -0.0023266759
152.5 0.0015839155 -0.00028054962
157.5 0.00092317594 -0.002759187
162.5 -0.00013949448 -0.0026729016
167.5 7.5940336e-05 -0.0022051388
172.5 0.00014389364 -0.0033525709
177.5 -0.0004808385 -5.6712785e-05
182.5 -0.00069343246 -0.00099253813
187.5 5.3577866e-05 -0.00067650519
192.5 -0.0012399199 -0.00058900087
197.5 -0.00039237014 -0.00082991881
