2.5 12.407629 0.095265244
7.5 1.8513052 -0.11030015
12.5 0.46934798 -0.068270707
17.5 0.038863179 -0.056300956
22.5 -0.12148743 -0.048898049
27.5 -0.13308025 -0.055223415
32.5 -0.034774997 -0.035990949
37.5 0.032857624 -0.0038540341
42.5 0.029763046 0.0012299165
47.5 0.018993045 0.00068316926
52.5 0.015178025 0.0017270251
57.5 0.010413126 -0.00061327592
62.5 0.0048925763 -0.0003574135
67.5 0.0045193309 -0.00011950201
72.5 0.0032338577 1.1028624e-05
77.5 0.0014711724 -0.0065634266
82.5 0.0020999496 -0.0057947132
87.5 0.001537287 -0.0054570393
92.5 0.0010344514 -0.0067644498
97.5 0.0012238294 -0.0039890807
102.5 0.00081046508 -0.0035750064
107.5 -0.00043824504 -0.0055513641
112.5 -0.00053539855 -0.0025536805
117.5 -0.00021245832 -0.0028221431
122.5 0.00022068266 -0.00037725805
127.5 -0.00010516009 -0.0016991286
132.5 0.00047025229 0.00033109866
137.5 0.00012562793 -0.0014658054
142.5 -0.00062161698 -0.0055605991
147.5 -0.00017227942 -0.009040978
152.5 0.00061452389 -0.0066380088
157.5 -0.0002550484 -0.0043374478
162.5 0.00031193192 -0.0029271428
167.5 -0.0007441043 -0.003092366
172.5 -0.00028666464 -0.0024877784
177.5 0.00025949383 -0.0019463405
182.5 0.00029093029 -0.00039596214
187.5 -0.00063405938 -0.0015361761
192.5 -0.000200974 -0.0017739744
197.5 0.00037586808 -0.0031830991
