2.5 12.251285 0.19398343
7.5 1.8210269 -0.081475708
12.5 0.48069574 -0.034295009
17.5 0.039920721 -0.050233519
22.5 -0.11117201 -0.044703182
27.5 -0.12851553 -0.03200429
32.5 -0.02828535 -0.029084319
37.5 0.02848562 -0.01682891
42.5 0.027724852 -0.014676615
47.5 0.01511876 -0.0091283478
52.5 0.010614296 -0.0060785412
57.5 0.011394651 -0.0029312
62.5 0.0070521187 0.0018092893
67.5 0.0060534938 -0.0037450871
72.5 0.0031846285 -0.0042333772
77.5 0.0016075921 -0.0095467608
82.5 0.0012818455 -0.0045739904
87.5 0.0016837163 -0.0051291658
92.5 0.0038958232 -0.0074013854
97.5 0.0025875908 -0.0081931815
102.5 0.0022947833 -0.0069040385
107.5 0.0025872975 -0.0057543865
112.5 0.0022281598 -0.0018852519
117.5 0.00057562076 -0.00092061165
122.5 0.00010707383 -0.001064495
127.5 -0.00082708615 -0.00280304
132.5 0.0013525412 -0.0015788201
137.5 0.00038821044 -0.0016507984
142.5 0.00025222241 -0.0042141673
147.5 -0.00036246123 -0.0025304804
152.5 -0.00062579222 -0.0031988838
157.5 -0.00074607535 -0.0051417657
162.5 -0.0002059482 -0.0039133609
167.5 -0.00085500089 -0.0018109981
172.5 -0.0011853384 -0.0017791264
177.5 -0.000993926 -0.0023947254
182.5 -0.00056474062 -0.0016794959
187.5 -0.00069463841 -1.1817255e-06
192.5 -0.00038508416 -0.0010776503
197.5 0.00032418596 -0.00047331591
