2.5 12.150361 0.21091137
7.5 1.8186647 -0.074358327
12.5 0.45925792 -0.059346281
17.5 0.034122056 -0.053264423
22.5 -0.11867354 -0.050985131
27.5 -0.13176648 -0.050644222
32.5 -0.033693001 -0.031232264
37.5 0.028309989 -0.017367754
42.5 0.025580585 -0.0049002169
47.5 0.017242636 0.0014944153
52.5 0.01345365 -0.0014801725
57.5 0.0061223419 -0.0027896769
62.5 0.0013530552 -0.0041464797
67.5 0.00070960768 -0.0034706366
72.5 -0.00068344221 -0.0035774576
77.5 0.0026273168 -0.0037259556
82.5 0.0036418786 -0.003813684
87.5 0.0049729863 -0.0024624734
92.5 0.0038329743 -0.0021456495
97.5 0.001698721 -0.005089206
102.5 0.00099981847 -0.0049975426
107.5 0.000171027 -0.0052885031
112.5 0.00059686356 -0.0041250233
117.5 0.0016092222 -0.0049331422
122.5 0.0017588895 -0.0055272522
127.5 0.00099433045 -0.0023499825
132.5 -0.00015742037 -0.0026279397
137.5 0.00027229188 -0.0013007997
142.5 0.00016775272 -0.0011657009
147.5 0.00036378436 0.0011859002
152.5 0.00015990022 -0.00052729804
157.5 0.00039291353 0.00090193385
162.5 -0.00051846887 0.00011916752
167.5 -0.0010678987 -0.00063452253
172.5 -0.00025934156 -0.0026859062
177.5 7.3008069e-05 -0.0023720682
182.5 0.000292843 -0.0017165951
187.5 -0.00025675391 -0.0023130303
192.5 -3.5652422e-05 -0.0035320665
197.5 -0.0011469871 -0.0023094709
