2.5 12.798328 -0.31100282
7.5 1.9285567 -0.083345269
12.5 0.4958921 -0.015155454
17.5 0.052008685 -0.033564053
22.5 -0.11141712 -0.037413631
27.5 -0.13090005 -0.050605948
32.5 -0.027564492 -0.044265582
37.5 0.02824161 -0.022587444
42.5 0.023787844 -0.016818612
47.5 0.017276438 -0.0037703829
52.5 0.0073736652 -0.0013075674
57.5 0.0074646576 0.00253406
62.5 0.0057889321 -0.00087289243
67.5 0.0047295287 -0.0032419448
72.5 0.0024586416 -0.0033089432
77.5 0.0018224176 -0.011777306
82.5 0.0017449098 -0.0075027088
87.5 -0.0018460665 -0.0060942521
92.5 -0.0015282586 -0.0045840886
97.5 -0.00029065106 -0.0034016162
102.5 0.00072168723 -0.0045143446
107.5 0.0017816521 -0.0070449442
112.5 0.0016408649 -0.0021273131
117.5 0.00016851827 -0.0079380927
122.5 -3.2306073e-05 -0.0050156898
127.5 -0.001399431 -0.0032293202
132.5 -0.0015159635 -0.00080527006
137.5 -0.0009931331 0.0008639168
142.5 -0.00059189655 -0.0011871411
147.5 0.0012506524 -0.00037394205
152.5 0.00011868906 -0.00085559361
157.5 0.000855266 -0.0030976791
162.5 0.00095813301 0.00038676322
167.5 0.00077828824 0.0012281291
172.5 -0.00026821785 -0.0023441799
177.5 -0.0013845117 -0.0011068115
182.5 0.00031516102 -0.0028617726
187.5 -0.00078340653 -0.0030635092
192.5 -0.0013387937 -0.0032610558
197.5 -0.00099058954 -0.0021221003
