2.5 12.653913 0.25682601
7.5 1.8829595 -0.059409365
12.5 0.47505019 -0.05738021
17.5 0.045326168 -0.031367171
22.5 -0.1068547 -0.033402229
27.5 -0.12996392 -0.049679886
32.5 -0.034133202 -0.038572671
37.5 0.02939569 -0.02389692
42.5 0.030214122 -0.0074333438
47.5 0.021363503 -0.0085472965
52.5 0.01351551 -0.0018226123
57.5 0.0066804709 -0.001590715
62.5 0.0046515061 -0.0018377618
67.5 0.0038534534 -0.0017605953
72.5 0.00060326361 -0.0069635297
77.5 0.0015396097 -0.0030924124
82.5 -0.00083827997 -0.00045648086
87.5 -0.00043051942 -0.0024351766
92.5 0.00011863862 -0.0036661068
97.5 0.00029984643 -0.0032488802
102.5 0.00246408 -0.00141424
107.5 0.002010284 -0.0014647413
112.5 0.0018834268 -0.0017391573
117.5 0.0022771818 -0.0014996807
122.5 0.00064254663 -0.0032371643
127.5 -0.00059678956 -0.0069850354
132.5 -9.564043e-05 -0.0069245054
137.5 0.00014017435 0.0017563608
142.5 0.00015997824 0.0021678759
147.5 -0.0015553621 -0.0020006733
152.5 -0.00056537751 -0.0033558513
157.5 -0.0016208835 -0.0051793079
162.5 -0.00060582168 -0.0027781075
167.5 -0.0020727661 -0.0012876071
172.5 -0.0019341573 -0.0022160655
177.5 -0.00051638505 -0.0013208697
182.5 -0.0010909412 -0.00066685846
187.5 -0.00089249641 -0.00043487783
192.5 -0.00035035976 0.0011155204
197.5 -0.00023499356 0.00047310281
