2.5 12.73766 -0.3975435
7.5 1.9078982 -0.10430174
12.5 0.49252249 -0.050908659
17.5 0.043191633 -0.027508037
22.5 -0.11082133 -0.03749254
27.5 -0.12821914 -0.043373334
32.5 -0.026227594 -0.036086716
37.5 0.035903759 -0.018611845
42.5 0.032089639 -0.0075845521
47.5 0.020169467 0.0024904474
52.5 0.01419706 0.0071250244
57.5 0.0080943507 0.0002081027
62.5 0.0042130923 -0.0043051865
67.5 0.0020489075 -0.0064880104
72.5 0.0019772264 -0.006674203
77.5 0.00089920181 -0.012723654
82.5 0.0014367379 -0.0080228123
87.5 -0.00070552594 -0.0055353842
92.5 0.0015224936 -0.0019893598
97.5 0.0019441271 -9.706952e-05
102.5 0.00017462202 -0.00024811813
107.5 0.00026428803 0.0025432772
112.5 0.00098482367 -0.00095602779
117.5 -0.00027979142 -0.0034995037
122.5 -0.0003371529 -0.0014007706
127.5 -0.00028684216 -0.0081714886
132.5 -0.0008038932 -0.0074563947
137.5 -0.0024747438 -0.0065277667
142.5 -0.0017342147 -0.004390438
147.5 0.00014829896 -0.0063648589
152.5 0.00020099032 -0.0038284159
157.5 -0.00093201476 -0.0028842476
162.5 0.00026959436 0.00062655309
167.5 -0.00042469226 0.0019398276
172.5 -0.00037342537 0.00020925136
177.5 0.0004846552 0.001345409
182.5 0.0010781878 -0.0018285091
187.5 0.0022019765 -0.0016160311
192.5 0.002039924 -0.0022572302
197.5 0.00087450658 -0.0034829415
