2.5 12.818325 -0.1326587
7.5 1.9413632 -0.085856663
12.5 0.50540353 -0.043668819
17.5 0.04356861 -0.01776267
22.5 -0.11707159 -0.047294781
27.5 -0.13144914 -0.044674981
32.5 -0.031144276 -0.026859787
37.5 0.033563064 -0.0042071732
42.5 0.028640887 0.0011182349
47.5 0.020000293 -0.00082091533
52.5 0.012803426 -0.0071239295
57.5 0.0081429138 -0.0038824911
62.5 0.0068943008 0.00085986186
67.5 0.0082374009 0.0031017448
72.5 0.0034194162 0.00057823575
77.5 0.0017247587 0.0028895991
82.5 -7.8411339e-05 -0.0062807223
87.5 0.001198652 -0.003124853
92.5 0.0043173549 -0.0054995943
97.5 0.0039378642 -0.003285381
102.5 0.0018781578 -0.0057572556
107.5 0.0021530412 -0.0061341554
112.5 0.0012932623 -0.002297549
117.5 0.0013084644 0.0014484656
122.5 0.00060913947 0.0014353804
127.5 -0.00037898357 -0.0041759866
132.5 -0.00123549 -0.0031104783
137.5 -0.00031884073 -0.0014567736
142.5 -0.00033266659 -0.0018428268
147.5 0.0007014231 0.00046309683
152.5 0.0013959219 0.0014569174
157.5 0.0013006581 0.00055427028
162.5 -0.00035681553 -0.0014404635
167.5 -0.0010098328 0.00042261626
172.5 -0.0013711119 -0.00069577197
177.5 -0.0018558688 -0.001068885
182.5 -3.29108e-05 -0.00073452865
187.5 0.00069878708 -0.0030592847
192.5 0.0003749377 -0.00390966
197.5 0.00030644039 -0.0068581153
