2.5 12.981178 -0.1158611
7.5 1.9170699 -0.1677307
12.5 0.4933951 -0.071613757
17.5 0.05016535 -0.050252049
22.5 -0.11336772 -0.049179046
27.5 -0.12974887 -0.048531685
32.5 -0.019885737 -0.027451839
37.5 0.037940615 -0.016025998
42.5 0.035075564 -0.0072460044
47.5 0.01601746 -0.0088161668
52.5 0.0063395544 -0.0093781777
57.5 0.0035571141 -0.011421194
62.5 0.0054492336 -4.0007307e-05
67.5 0.0027837659 0.0048514131
72.5 0.0010694182 0.0015465752
77.5 -0.00017916981 0.0020320374
82.5 -0.0028715608 -0.0065569616
87.5 -0.00086735238 -0.00061769927
92.5 0.0001703372 0.00066784028
97.5 0.00013768684 0.0053912386
102.5 0.0012664721 0.0030968265
107.5 0.0018898917 0.0010542335
112.5 0.002215662 0.0019862344
117.5 0.0005591083 -0.0021488434
122.5 0.00064118298 -0.0050204
127.5 -0.00012492124 -0.0050844353
132.5 0.00095232217 -0.0012819569
137.5 -0.00014940869 0.00084429591
142.5 -0.00079565083 0.0022894403
147.5 -0.0013930638 0.0022887217
152.5 -0.0026356343 -0.002934269
157.5 -0.0014790234 -0.00065663455
162.5 -0.00055924143 -0.0014138348
167.5 0.0019394184 -0.0012488502
172.5 0.00047815073 -0.0019316623
177.5 -7.5773039e-05 -0.003063559
182.5 -0.00043115928 -0.0014288864
187.5 0.00019102058 -0.00026880185
192.5 3.7705399e-05 1.8391845e-05
197.5 0.0013143104 -0.0006187055
