2.5 12.805968 0.15889959
7.5 1.9054897 -0.083276891
12.5 0.48216586 -0.047797173
17.5 0.032899153 -0.041737807
22.5 -0.11756164 -0.037825732
27.5 -0.12791654 -0.039611686
32.5 -0.025299567 -0.031196503
37.5 0.034356476 -0.010020131
42.5 0.027182959 -0.0025678466
47.5 0.01539346 -0.0046459451
52.5 0.0055627636 -0.01445122
57.5 0.0053007285 -0.015067539
62.5 0.003981659 -0.0062336461
67.5 0.0025041395 0.00070320359
72.5 0.0051792143 0.0037647547
77.5 0.0020659237 0.0023503136
82.5 0.002114102 -0.00155705
87.5 0.0019385305 0.0028562244
92.5 0.0021646112 0.0033934492
97.5 0.0010698235 0.0049331866
102.5 0.00024363458 -0.0010685314
107.5 -0.00031375642 -0.0055403622
112.5 0.00081279815 -0.0066586062
117.5 0.0013815161 -0.0022468513
122.5 0.00021697599 0.00013449494
127.5 -0.00064840087 0.001267554
132.5 -0.00026245123 -0.0024205951
137.5 -0.0012664941 -0.0021348476
142.5 -0.00056989053 -0.0017555187
147.5 -0.00053096626 -0.001272598
152.5 0.00055045882 -0.0015541487
157.5 0.00084449765 -0.0019930122
162.5 0.0006620201 -0.0020080579
167.5 0.0010033644 -0.0015875512
172.5 0.00081767788 -0.00021323515
177.5 9.3672041e-05 -0.00096015524
182.5 -0.0011325533 -0.00085724681
187.5 -0.00021767587 0.00040798798
192.5 0.00012318204 0.0033400583
197.5 0.0018215755 0.0017707148
