2.5 12.37575 0.26221806
7.5 1.840019 -0.058087405
12.5 0.47501548 -0.033008629
17.5 0.042872627 -0.023596318
22.5 -0.11396379 -0.031308855
27.5 -0.13043222 -0.035854546
32.5 -0.031010054 -0.030247606
37.5 0.034741462 -0.01582612
42.5 0.033109319 -0.015311579
47.5 0.023137421 -0.021347537
52.5 0.013553741 -0.0062068028
57.5 0.0070361603 -0.003585469
62.5 0.0044688406 -0.0054872989
67.5 0.0061821935 -0.0066217086
72.5 0.0058823778 -0.0086622746
77.5 0.0029966642 -0.0082441089
82.5 0.0025875841 -0.0025719889
87.5 0.0019405516 -0.0034269487
92.5 0.0012312337 -0.0069880493
97.5 0.0026619092 -0.0043608056
102.5 0.003684863 -0.0012530334
107.5 0.0032782671 -0.001715558
112.5 0.0044913959 -0.0028708624
117.5 0.0033570188 -0.0035221823
122.5 0.0031261305 -0.00040175559
127.5 0.001687921 0.0015979519
132.5 0.0014399089 0.002256653
137.5 0.0005455358 0.0027848504
142.5 0.00012259761 -0.0032862719
147.5 0.00060319572 -0.0058333864
152.5 0.0016607878 -0.0015758171
157.5 0.0014756032 0.0016794662
162.5 0.00067991318 0.00091229093
167.5 0.00028820937 0.0027712271
172.5 0.00012396429 0.0011159165
177.5 -0.00045816201 -0.0028599036
182.5 -0.00039576537 -0.0062191749
187.5 8.0176415e-05 -0.0042163015
192.5 -0.00061022694 -0.0044535374
197.5 0.000240161 -0.0015955212
