2.5 12.324441 0.084797908
7.5 1.8269001 -0.086306396
12.5 0.4714798 -0.073332296
17.5 0.040287873 -0.059416838
22.5 -0.11964473 -0.063284782
27.5 -0.13433545 -0.049389971
32.5 -0.026904376 -0.046237951
37.5 0.037833832 -0.028751127
42.5 0.03213731 -0.0092787667
47.5 0.018553737 -0.0036040836
52.5 0.010248593 -0.00093499938
57.5 0.0064732058 -0.0020389127
62.5 0.0054820105 -0.0096559803
67.5 0.0045737062 -0.005674351
72.5 0.0025272738 -0.0035302842
77.5 0.0013259243 -0.0039373782
82.5 0.00045698698 0.00095705905
87.5 0.00095663039 -0.00051857739
92.5 0.00082736199 0.0019871167
97.5 0.0036506239 0.0040842746
102.5 0.0023120456 0.001969276
107.5 -0.00024472791 0.00057920325
112.5 -0.00091320055 -0.0010855405
117.5 -0.0017900869 -0.0038897675
122.5 -0.0010377759 -0.0073422862
127.5 0.00035469296 -0.0072483739
132.5 -0.00031281137 -0.0036662995
137.5 0.0002062069 -0.00074636333
142.5 -0.00050108947 -0.0020393522
147.5 -0.00014111224 -0.0026129805
152.5 0.00011083372 -0.003069072
157.5 0.00083131156 -0.0047852349
162.5 0.00064791755 -0.0044680549
167.5 -0.00024922238 -0.0052649304
172.5 -0.00035913766 -0.0053185702
177.5 0.00017271968 -0.0037163297
182.5 -0.00040630981 -0.0035251095
187.5 0.00051659887 -0.002279549
192.5 0.00095820164 -0.0013077594
197.5 2.6478691e-08 -0.0029291397
