2.5 12.296909 0.52413147
7.5 1.8155912 -0.054745867
12.5 0.46777583 -0.055925949
17.5 0.041104869 -0.061417979
22.5 -0.11450022 -0.044926331
27.5 -0.12883164 -0.041554284
32.5 -0.030548288 -0.041423707
37.5 0.030948379 -0.021068832
42.5 0.024507361 -0.0097912564
47.5 0.017337018 -0.0017499445
52.5 0.012629088 -0.0026017927
57.5 0.0105113 -0.0023487774
62.5 0.010022315 -0.00032617577
67.5 0.0066022739 -0.0015040658
72.5 0.0039155866 -0.0080358076
77.5 -0.00051251174 -0.0084826853
82.5 -0.00082703634 -0.0011876795
87.5 0.0017189516 -0.0011028859
92.5 0.0013945641 -0.00099913178
97.5 0.0018391464 -0.0021368679
102.5 0.0028865838 -0.0046397117
107.5 0.0020669159 -0.005068713
112.5 0.0014116372 -0.0038511196
117.5 0.0004450946 -0.0040979441
122.5 0.00016218914 -0.0039751056
127.5 -0.0013549007 -0.0017084782
132.5 -0.0020357303 -0.0048008769
137.5 -0.0014812528 -0.0029899307
142.5 -0.00063617156 -0.0040381356
147.5 -0.00068940634 -0.0052238196
152.5 0.0006739756 -0.0041267682
157.5 0.001509593 -0.0039819312
162.5 0.0015190333 -0.00028453172
167.5 0.00044043602 -0.00112505
172.5 -0.00036822085 -0.0033802872
177.5 -0.00062550135 -0.0043994573
182.5 -0.0011890583 -0.0036542631
187.5 -0.00041432229 -0.0030014464
192.5 0.00079714095 0.00085759952
197.5 0.00054728231 0.0019910932
