2.5 12.756951 -0.51792723
7.5 1.9237295 -0.1562291
12.5 0.50272211 -0.074644483
17.5 0.053587943 -0.058361084
22.5 -0.11831213 -0.060439819
27.5 -0.12761924 -0.061088393
32.5 -0.029380869 -0.031124488
37.5 0.037693834 9.0526049e-05
42.5 0.029194148 0.001113749
47.5 0.020491434 0.0057713057
52.5 0.0086683265 0.0061962412
57.5 0.0048702095 0.0003837891
62.5 0.0035524436 -0.00051224966
67.5 0.0025766553 0.00017239406
72.5 0.0023372671 -0.0034085739
77.5 0.0016355589 -0.0047551064
82.5 -0.00053317967 -0.0013445495
87.5 -0.0011526766 0.00056708004
92.5 -0.0013124965 -0.0039093131
97.5 -0.00041085717 -0.0021688396
102.5 -0.00081627666 -0.00268066
107.5 0.0014060474 -0.0053704678
112.5 -4.4146474e-05 0.0020052908
117.5 -0.00055224901 0.0026979821
122.5 -0.00085529147 0.0045392858
127.5 -0.00099165264 0.0011441143
132.5 -0.00024008076 0.0008665974
137.5 -0.00056095896 0.00092065766
142.5 -0.00057380923 -0.0035244521
147.5 0.00102366 -0.0022598912
152.5 0.0013745737 0.0033782652
157.5 -0.00060715998 -0.0024176861
162.5 -0.0009478162 -0.0045582079
167.5 -0.0014783378 -0.003850324
172.5 -0.00019662053 -0.002443303
177.5 -0.00039260378 -0.0040058271
182.5 0.00038669361 -0.0051107713
187.5 0.00037488171 -0.0035474272
192.5 -0.00021360287 -0.0023974875
197.5 4.8730119e-05 -0.0019376026
