2.5 12.298052 0.1560654
7.5 1.8828164 -0.1143871
12.5 0.49336464 -0.065184734
17.5 0.054330875 -0.034758631
22.5 -0.10574727 -0.058825898
27.5 -0.1231232 -0.047519153
32.5 -0.02840311 -0.035864859
37.5 0.03382279 -0.018613037
42.5 0.029062965 -0.0094522798
47.5 0.019309432 -0.0028668157
52.5 0.014292206 -0.0021977192
57.5 0.013194069 -0.0042981045
62.5 0.0084149558 -0.001424634
67.5 0.0064726182 -0.0029762794
72.5 0.0038359571 0.0011238196
77.5 0.0031858112 -0.0051796535
82.5 0.0016538386 -0.010353551
87.5 0.0025506307 -0.0033204592
92.5 0.001516602 -0.0009789321
97.5 0.0022522759 -0.0019909413
102.5 0.0025142448 -0.0029504454
107.5 0.0010470611 -0.0026975568
112.5 -0.00072430382 -0.0090005527
117.5 -0.00072729794 -0.0087724001
122.5 -0.00071013085 -0.0039302558
127.5 -0.0010403428 -0.0034670693
132.5 -0.00032261796 -0.0018120759
137.5 0.00020953981 8.7886872e-05
142.5 3.7830424e-05 -7.1370557e-06
147.5 -0.00071376778 -0.0053155253
152.5 -0.00079150274 -0.0054813103
157.5 -0.0010801627 -0.0039006563
162.5 -0.001374721 -0.0013695394
167.5 -0.00069159343 0.0007514872
172.5 0.00035350203 0.00081927567
177.5 7.8863938e-05 -0.00011883728
182.5 -0.0002289318 -0.0021619744
187.5 -7.4488173e-05 -0.0027756039
192.5 0.00019773852 -0.0011272787
197.5 5.3917169e-05 0.00099710281
