2.5 12.905954 -0.28455924
7.5 1.9241452 -0.11512195
12.5 0.48822299 -0.078834187
17.5 0.043475669 -0.057676847
22.5 -0.1183393 -0.04505529
27.5 -0.12873772 -0.05451653
32.5 -0.024950637 -0.032320787
37.5 0.041022079 -0.0080054676
42.5 0.035855532 -0.004702475
47.5 0.022503847 -0.00057760645
52.5 0.014725009 -0.0038617033
57.5 0.010133209 -0.0064958829
62.5 0.0052098119 -0.0074395704
67.5 0.0025469635 -0.010445737
72.5 0.0028583916 -0.012186013
77.5 0.0006485391 -0.011364257
82.5 -0.00065292176 -0.0082067158
87.5 -0.00068951399 -0.0073930244
92.5 -9.3444043e-05 -0.0073568871
97.5 0.0023093631 -0.011172375
102.5 0.00025421899 -0.0042627813
107.5 0.00062228808 -0.0012377757
112.5 0.0015651207 0.00031512407
117.5 0.0013612804 -0.0011779527
122.5 0.00085178567 0.0017640891
127.5 0.00010180842 -0.00034176011
132.5 0.00058727973 0.00052026453
137.5 -0.0023056625 -0.0005898118
142.5 -0.0011821494 -0.0070679416
147.5 -0.00050767674 -0.0065110785
152.5 -0.0004514497 -0.0048331251
157.5 -0.00011540584 -0.004010574
162.5 0.00066890392 -0.00042781482
167.5 0.00040770644 -0.0025324424
172.5 2.2247968e-05 0.00061270996
177.5 0.00062025822 -0.0049254373
182.5 -0.00041782746 0.0017009705
187.5 -0.00054457496 0.0029239665
192.5 0.00012663589 0.0031436077
197.5 0.00034358289 0.0044236805
