2.5 12.88129 -0.42877779
7.5 1.9144328 -0.14440351
12.5 0.499731 -0.07983632
17.5 0.049612892 -0.071684037
22.5 -0.1112573 -0.054287184
27.5 -0.13769845 -0.06043922
32.5 -0.031811986 -0.034294797
37.5 0.032523083 -0.01247413
42.5 0.02964153 -0.008533376
47.5 0.016753246 -0.0121225
52.5 0.012387329 -0.0027970183
57.5 0.0058748792 -0.0047810308
62.5 0.00381746 -0.0045405562
67.5 0.0013900635 -0.010197453
72.5 -0.0012245867 -0.011468396
77.5 -0.0011611289 -0.014952472
82.5 -0.00032390798 -0.0090815944
87.5 0.0045723929 -0.0066366928
92.5 0.0035670783 -0.0086180638
97.5 0.0025835208 -0.0096157553
102.5 -0.001009284 -0.0092685682
107.5 -0.00030316907 -0.0072964438
112.5 -0.00060537094 -0.0064043754
117.5 0.00014954756 -0.0047783113
122.5 -0.00026086033 -0.0075342422
127.5 -0.0011519217 -8.9216638e-05
132.5 -0.00053952163 -0.0013029411
137.5 -2.6174437e-05 -0.0022874017
142.5 -0.0010872972 -0.0066594363
147.5 -0.0012964694 -0.0086812399
152.5 -0.0021463028 -0.0052010532
157.5 -0.00016147682 -0.0014091584
162.5 0.00062550504 -0.0010617714
167.5 7.992521e-05 -0.0048139289
172.5 -0.00073735245 -0.0033288765
177.5 -0.0013671945 -0.002497079
182.5 -0.0013398968 0.0012246352
187.5 -0.00010737746 0.0012576886
192.5 0.0003244007 0.00035720997
197.5 0.0012066296 0.00019639596
