2.5 12.835957 -0.29942054
7.5 1.9180334 -0.18664592
12.5 0.50560256 -0.074588443
17.5 0.048276553 -0.061875342
22.5 -0.1211211 -0.05583117
27.5 -0.13195268 -0.066132207
32.5 -0.031766867 -0.045295675
37.5 0.036784139 -0.011372048
42.5 0.03022191 0.0053259727
47.5 0.020488905 0.00072214545
52.5 0.014777366 0.00053264854
57.5 0.0070810326 -0.00052107598
62.5 0.0084899873 0.0058402733
67.5 0.0080887613 0.00031429668
72.5 0.0050585724 -0.0023072298
77.5 0.0016799509 -0.0065898725
82.5 0.0013841495 -0.0026518014
87.5 8.748788e-05 -0.0052294802
92.5 -0.0013593691 -0.0095312227
97.5 0.00014510661 -0.0083095144
102.5 0.00042709602 -0.0045345946
107.5 0.00062731236 -0.0033572032
112.5 0.00098364128 0.00038801999
117.5 0.00064617236 -0.00063749237
122.5 -8.4596956e-05 -0.001941013
127.5 -0.00088919054 -0.0011424243
132.5 -0.00072581213 -0.0048190582
137.5 -0.0008603275 -0.0045488318
142.5 -0.0015920892 -0.0030656666
147.5 -0.0004774262 -0.0010895288
152.5 0.00083911822 -0.0032804849
157.5 -0.001464458 -0.0056142359
162.5 -0.0027994651 -0.004808658
167.5 -0.0025419247 -0.0040000197
172.5 -0.0015710263 -0.004411097
177.5 -0.00056850321 -0.001994683
182.5 0.00066817892 -0.00062795131
187.5 -0.00025716518 -0.001048305
192.5 -0.0006273457 -0.0040864961
197.5 -0.00098643297 -0.0045155726
