2.5 12.80668 -0.33791922
7.5 1.9018761 -0.13728997
12.5 0.48619175 -0.10636878
17.5 0.045320425 -0.061672635
22.5 -0.12043782 -0.054048952
27.5 -0.13864751 -0.050710568
32.5 -0.034495378 -0.02925863
37.5 0.026549277 -0.0034658875
42.5 0.029890795 -0.0057879381
47.5 0.018407555 -0.010723268
52.5 0.013429594 -0.006841654
57.5 0.0068156179 -0.0038166179
62.5 0.0037019718 -0.0069762119
67.5 0.0025361767 0.00042561445
72.5 0.0013237475 0.0016336885
77.5 -0.00057479356 -0.0038935493
82.5 -0.0023226458 -0.001355768
87.5 -0.00045703615 -0.00297451
92.5 -0.0022265272 -0.00040274537
97.5 0.00057228874 -0.0018441076
102.5 0.00077526792 -0.0051203384
107.5 -3.4442622e-05 -0.0022990851
112.5 -0.0016047458 0.00028360297
117.5 -0.0004668434 -0.00013619733
122.5 -0.00061431708 -0.002538569
127.5 -0.00086765693 -0.00071364871
132.5 -0.00070304898 -0.00093854123
137.5 -0.00091500958 -0.004499797
142.5 -0.0011660033 -5.3426108e-06
147.5 -0.0011275887 0.0021629918
152.5 -0.0013295906 0.0030833811
157.5 -0.00067121935 0.0018821118
162.5 0.00068760913 0.00012251767
167.5 -0.0010013891 -0.0027342573
172.5 -0.0015642708 -0.0022196394
177.5 -0.0016899845 -0.0049743168
182.5 0.00049662705 -0.0028059976
187.5 -0.00026193543 -0.0015782155
192.5 0.0005787527 0.00036227245
197.5 0.00072166787 0.00059847183
