2.5 12.962776 -0.31319163
7.5 1.9368034 -0.11945613
12.5 0.49166124 -0.062273482
17.5 0.043641617 -0.042989767
22.5 -0.11580911 -0.041489773
27.5 -0.12884024 -0.038463733
32.5 -0.028718447 -0.039108702
37.5 0.032587436 -0.025388457
42.5 0.026716125 -0.011549385
47.5 0.013522745 -0.0078920601
52.5 0.011843408 -0.0010001565
57.5 0.009122441 -0.00098517574
62.5 0.0077510197 -0.0028952498
67.5 0.0053421776 -0.0012638471
72.5 0.0017224652 0.00069609777
77.5 9.0842541e-05 -0.0028658688
82.5 0.0009522511 -0.0017963346
87.5 -0.00080989429 -0.0028330943
92.5 -0.0020216502 -0.0062819226
97.5 -0.0029228663 -0.0067984525
102.5 -0.0021775347 -0.0057594896
107.5 -0.0013670551 -0.0014461401
112.5 -1.932143e-06 -0.00050194209
117.5 -0.00078481775 -0.00057930323
122.5 0.0016560779 0.001198298
127.5 0.0017399258 -0.00064011831
132.5 0.0012026857 0.00041638479
137.5 -0.00052384659 -0.0046975204
142.5 -0.00098047201 -0.0043668849
147.5 -0.00032207065 -0.0025193847
152.5 -0.00089643376 -0.0067655047
157.5 -0.00048081951 -0.0014465916
162.5 -0.0011289286 0.00077312948
167.5 -0.0010929585 -6.4383169e-05
172.5 0.00033149005 -0.0042799489
177.5 0.0010054442 -0.00038522519
182.5 0.0017639407 -0.00081454726
187.5 0.0013319429 -0.00042476344
192.5 0.00055046707 0.0019411327
197.5 -0.00020276905 0.00075999484
