0 5 318935 9.6266716e-07 10746.334 3.2436524e-08
5 10 2178746 6.5762843e-06 57367.688 1.7315751e-07
10 15 5808013 1.7530793e-05 161111.5 4.8629579e-07
15 20 11141813 3.363023e-05 331491.54 1.0005676e-06
20 25 18074871 5.4556837e-05 654959.86 1.976918e-06
25 30 26422315 7.9752598e-05 1306522.3 3.9435813e-06
30 35 36098176 0.00010895803 2304371.8 6.9554709e-06
35 40 46968723 0.00014176947 3548260.1 1.0709999e-05
40 45 58937860 0.00017789688 5102389 1.5400951e-05
45 50 71893493 0.00021700191 7120077.1 2.1491101e-05
50 55 85749030 0.00025882319 9382389.3 2.831962e-05
55 60 1.004632e+08 0.00030323616 11980239 3.616092e-05
60 65 1.1591658e+08 0.00034988032 14820051 4.4732553e-05
65 70 1.3207614e+08 0.00039865602 17938573 5.4145436e-05
70 75 1.488636e+08 0.00044932697 21248613 6.4136399e-05
75 80 1.662046e+08 0.00050166871 24835361 7.4962567e-05
80 85 1.8394768e+08 0.00055522408 28662025 8.6512895e-05
85 90 2.0213303e+08 0.00061011438 32680177 9.8641205e-05
90 95 2.2075331e+08 0.00066631747 36834643 0.00011118096
95 100 2.3963583e+08 0.0007233121 41246435 0.00012449743
100 105 2.5884444e+08 0.000781291 45855366 0.00013840894
105 110 2.7821355e+08 0.00083975434 50687610 0.00015299449
110 115 2.9768476e+08 0.00089852587 55659876 0.00016800268
115 120 3.1730852e+08 0.00095775782 60596561 0.00018290347
120 125 3.3691842e+08 0.001016948 65711697 0.0001983429
125 130 3.5651772e+08 0.0010761061 70891024 0.00021397608
130 135 3.7611573e+08 0.0011352603 76357737 0.0002304767
135 140 3.9569729e+08 0.001194365 81672664 0.00024651917
140 145 4.151943e+08 0.0012532143 87128536 0.00026298707
145 150 4.346012e+08 0.0013117918 92672764 0.00027972166
150 155 4.539157e+08 0.0013700903 97464418 0.00029418469
155 160 4.7307613e+08 0.0014279237 1.0241542e+08 0.00030912871
160 165 4.9225907e+08 0.0014858251 1.0667255e+08 0.00032197832
165 170 5.1123393e+08 0.0015430985 1.1075774e+08 0.00033430898
170 175 5.3028746e+08 0.0016006093 1.1436282e+08 0.00034519049
175 180 5.492079e+08 0.0016577184 1.1801728e+08 0.00035622104
180 185 5.6788381e+08 0.0017140894 1.208372e+08 0.00036473265
185 190 5.8651122e+08 0.001770314 1.239895e+08 0.00037424747
190 195 6.0491517e+08 0.0018258641 1.2640584e+08 0.00038154092
195 200 6.2303565e+08 0.0018805586 1.2900328e+08 0.00038938096
