0 5 345458 9.3002608e-07 12978.238 3.4939414e-08
5 10 2361567 6.3577016e-06 44446.535 1.1965691e-07
10 15 6349457 1.7093715e-05 60789.197 1.6365387e-07
15 20 12302030 3.3118957e-05 85480.982 2.3012795e-07
20 25 20139569 5.4218818e-05 160604.84 4.3237294e-07
25 30 29754234 8.0102975e-05 362731.05 9.7652777e-07
30 35 41148334 0.00011077764 607242.25 1.6347896e-06
35 40 54243136 0.00014603087 1001618.5 2.6965111e-06
40 45 68946883 0.00018561561 1383375.3 3.7242592e-06
45 50 85212090 0.00022940405 1925466.8 5.1836529e-06
50 55 1.0294488e+08 0.00027714346 2480447.7 6.6777468e-06
55 60 1.2217391e+08 0.00032891096 3195506 8.6027937e-06
60 65 1.428097e+08 0.00038446569 3859341.8 1.0389942e-05
65 70 1.647014e+08 0.0004434015 4570736.5 1.2305126e-05
70 75 1.8787606e+08 0.00050579126 5128401.6 1.3806446e-05
75 80 2.1231968e+08 0.00057159724 5578736.3 1.5018816e-05
80 85 2.3785801e+08 0.00064035034 6054379.9 1.6299322e-05
85 90 2.644937e+08 0.00071205772 6383062.9 1.7184187e-05
90 95 2.9225549e+08 0.00078679674 6680167.8 1.7984039e-05
95 100 3.2095356e+08 0.00086405635 6832028.1 1.8392871e-05
100 105 3.5065442e+08 0.00094401565 6556026.7 1.7649832e-05
105 110 3.8125955e+08 0.0010264094 6218377.2 1.6740828e-05
110 115 4.1268156e+08 0.0011110022 5587329.9 1.5041952e-05
115 120 4.4486621e+08 0.0011976483 4775656.4 1.2856802e-05
120 125 4.7784591e+08 0.0012864347 3528430.2 9.4990768e-06
125 130 5.1163654e+08 0.0013774043 2014401.9 5.4230797e-06
130 135 5.4589091e+08 0.0014696223 422080.92 1.1363068e-06
135 140 5.8076208e+08 0.0015635009 -1444504.9 -3.8888295e-06
140 145 6.1615278e+08 0.0016587781 -3634916.7 -9.785755e-06
145 150 6.5209717e+08 0.0017555459 -6188299.1 -1.6659853e-05
150 155 6.8843623e+08 0.0018533762 -9011155 -2.4259415e-05
155 160 7.2498197e+08 0.001951763 -12139239 -3.2680698e-05
160 165 7.620123e+08 0.0020514543 -15693736 -4.2249951e-05
165 170 7.99398e+08 0.0021521024 -19711415 -5.3066161e-05
170 175 8.3696318e+08 0.0022532336 -23554921 -6.3413472e-05
175 180 8.7467025e+08 0.0023547469 -28041584 -7.5492257e-05
180 185 9.1253552e+08 0.002456686 -32706513 -8.8050964e-05
185 190 9.5059242e+08 0.002559141 -37588834 -0.00010119492
190 195 9.8871605e+08 0.0026617757 -42930002 -0.00011557417
195 200 1.0269924e+09 0.0027648216 -48885838 -0.00013160819
