0 5 316163 9.599958e-07 12999.946 3.9472972e-08
5 10 2165398 6.575004e-06 62675.855 1.9030866e-07
10 15 5768787 1.7516317e-05 142145.01 4.3160841e-07
15 20 11060175 3.3583062e-05 292699.94 8.8875268e-07
20 25 17947185 5.4494745e-05 610332.42 1.8532104e-06
25 30 26232206 7.9651343e-05 1225013.5 3.7196251e-06
30 35 35837861 0.00010881791 2172518.2 6.5966238e-06
35 40 46643865 0.00014162921 3336098.9 1.0129714e-05
40 45 58551575 0.00017778572 4944268.5 1.5012753e-05
45 50 71429735 0.0002168889 6865705.9 2.0846996e-05
50 55 85221731 0.00025876685 9035451 2.7435199e-05
55 60 99809670 0.0003030616 11629142 3.531067e-05
60 65 1.1513314e+08 0.00034958971 14464367 4.3919533e-05
65 70 1.3119203e+08 0.00039835085 17593122 5.3419669e-05
70 75 1.4785387e+08 0.00044894278 20926967 6.3542542e-05
75 80 1.6493832e+08 0.0005008179 24655121 7.4862689e-05
80 85 1.826037e+08 0.00055445697 28500836 8.6539799e-05
85 90 2.0060774e+08 0.00060912435 32559833 9.8864519e-05
90 95 2.190044e+08 0.00066498388 36823701 0.00011181131
95 100 2.3774426e+08 0.00072188552 41455326 0.00012587475
100 105 2.5665313e+08 0.00077930031 46003515 0.00013968485
105 110 2.7574651e+08 0.00083727536 50809721 0.00015427839
110 115 2.9497857e+08 0.00089567149 55858846 0.00016960953
115 120 3.1429298e+08 0.00095431768 60883420 0.00018486612
120 125 3.3358362e+08 0.0010128917 65848875 0.0001999432
125 130 3.5295753e+08 0.0010717185 71169385 0.00021609838
130 135 3.7229361e+08 0.0011304305 76406155 0.00023199928
135 140 3.9166521e+08 0.0011892503 81613909 0.00024781208
140 145 4.1088175e+08 0.0012475993 86748533 0.00026340282
145 150 4.301158e+08 0.0013060015 91793589 0.00027872161
150 155 4.4925693e+08 0.0013641216 96636746 0.00029342735
155 160 4.6838404e+08 0.001422199 1.0117212e+08 0.00030719852
160 165 4.8744871e+08 0.0014800869 1.0523349e+08 0.00031953045
165 170 5.0652722e+08 0.0015380168 1.0893505e+08 0.00033076987
170 175 5.2549214e+08 0.0015956018 1.124232e+08 0.00034136125
175 180 5.4416862e+08 0.0016523109 1.1579308e+08 0.00035159356
180 185 5.6279138e+08 0.001708857 1.1903156e+08 0.00036142684
185 190 5.8121103e+08 0.0017647864 1.2201163e+08 0.00037047551
190 195 5.9936253e+08 0.0018199015 1.2522757e+08 0.00038024039
195 200 6.1744023e+08 0.0018747925 1.2816833e+08 0.00038916969
