0 5 322997 9.765992e-07 24266.701 7.3371704e-08
5 10 2174047 6.5733507e-06 75190.025 2.2734118e-07
10 15 5785532 1.7492874e-05 194441.21 5.879037e-07
15 20 11092247 3.3538019e-05 342999.82 1.0370788e-06
20 25 17960032 5.4303145e-05 681130.97 2.0594369e-06
25 30 26264359 7.9411734e-05 1320601 3.9929098e-06
30 35 35867498 0.00010844735 2282124.4 6.9001286e-06
35 40 46709953 0.00014123011 3451678.1 1.0436338e-05
40 45 58610125 0.00017721094 4999280 1.5115598e-05
45 50 71536795 0.00021629543 6930094.1 2.0953521e-05
50 55 85399216 0.00025820923 9159364 2.7693841e-05
55 60 99999695 0.00030235458 11631448 3.5168323e-05
60 65 1.1543355e+08 0.00034901969 14354007 4.340013e-05
65 70 1.3153723e+08 0.00039771006 17399213 5.2607478e-05
70 75 1.4825877e+08 0.00044826853 20715887 6.2635624e-05
75 80 1.6552496e+08 0.00050047381 24157136 7.3040431e-05
80 85 1.8329901e+08 0.00055421464 27897420 8.4349385e-05
85 90 2.0150042e+08 0.00060924761 31730039 9.5937517e-05
90 95 2.2011326e+08 0.00066552456 35640595 0.0001077613
95 100 2.3904316e+08 0.00072276015 40043940 0.00012107505
100 105 2.5817388e+08 0.00078060291 44407596 0.00013426881
105 110 2.7751245e+08 0.00083907415 48979998 0.00014809372
110 115 2.969205e+08 0.00089775548 53709334 0.00016239313
115 120 3.1644991e+08 0.0009568037 58641197 0.00017730488
120 125 3.3608286e+08 0.001016165 63607561 0.00019232096
125 130 3.5570679e+08 0.001075499 68872845 0.00020824084
130 135 3.7522316e+08 0.0011345079 74187898 0.00022431119
135 140 3.9477232e+08 0.0011936158 79485192 0.00024032785
140 145 4.141907e+08 0.0012523284 84738895 0.00025621271
145 150 4.335581e+08 0.0013108868 89875313 0.00027174295
150 155 4.5283744e+08 0.0013691789 95021239 0.00028730194
155 160 4.7210122e+08 0.001427424 99804886 0.00030176556
160 165 4.9114777e+08 0.0014850123 1.0423641e+08 0.00031516451
165 170 5.1023935e+08 0.0015427367 1.0819082e+08 0.0003271209
170 175 5.2919865e+08 0.0016000612 1.119392e+08 0.00033845434
175 180 5.480983e+08 0.0016572054 1.1573496e+08 0.00034993101
180 185 5.6682857e+08 0.0017138374 1.1902486e+08 0.00035987821
185 190 5.8544649e+08 0.0017701297 1.2214246e+08 0.00036930444
190 195 6.037468e+08 0.0018254617 1.2517855e+08 0.00037848423
195 200 6.2181885e+08 0.0018801035 1.2793072e+08 0.00038680558
