0 5 349921 9.3312864e-07 17557.283 4.6819721e-08
5 10 2387811 6.3675368e-06 47364.642 1.2630652e-07
10 15 6415861 1.7109072e-05 85040.505 2.2677613e-07
15 20 12439487 3.3172178e-05 76099.8 2.029341e-07
20 25 20377166 5.4339457e-05 124968.1 3.3325041e-07
25 30 30118399 8.0316245e-05 347023.19 9.254011e-07
30 35 41629703 0.00011101325 632260.71 1.6860393e-06
35 40 54885426 0.00014636207 879154.74 2.3444276e-06
40 45 69760433 0.00018602901 1350081.8 3.6002411e-06
45 50 86236848 0.0002299664 1786892.6 4.7650773e-06
50 55 1.0423039e+08 0.00027794949 2401629.1 6.4043853e-06
55 60 1.2367643e+08 0.00032980592 2931786.2 7.8181467e-06
60 65 1.4454712e+08 0.00038546144 3588151.6 9.5684654e-06
65 70 1.6672566e+08 0.00044460461 4162283 1.1099492e-05
70 75 1.9018629e+08 0.00050716669 4849261.7 1.2931447e-05
75 80 2.1488938e+08 0.00057304201 5365892.3 1.4309138e-05
80 85 2.4077199e+08 0.00064206276 5871299.9 1.56569e-05
85 90 2.6778925e+08 0.00071410924 6040576.9 1.6108308e-05
90 95 2.959002e+08 0.00078907226 6149615.9 1.6399081e-05
95 100 3.2495755e+08 0.00086655901 6208541.9 1.6556218e-05
100 105 3.5509412e+08 0.00094692371 6123176.5 1.6328575e-05
105 110 3.8613988e+08 0.001029713 5817610.4 1.5513727e-05
110 115 4.1794551e+08 0.0011145285 5225607 1.3935041e-05
115 120 4.5063362e+08 0.0012016973 4467883 1.1914431e-05
120 125 4.8403258e+08 0.0012907618 3281405.6 8.7504708e-06
125 130 5.1828715e+08 0.0013821079 1971558.6 5.2575233e-06
130 135 5.5313771e+08 0.0014750433 482180.03 1.2858216e-06
135 140 5.8853802e+08 0.0015694448 -1436925.6 -3.8318262e-06
140 145 6.2447472e+08 0.0016652766 -3672080.7 -9.7922778e-06
145 150 6.6099633e+08 0.0017626682 -6112251.3 -1.6299441e-05
150 155 6.9781227e+08 0.0018608446 -8644931.4 -2.3053298e-05
155 160 7.3512631e+08 0.0019603494 -11783504 -3.1422877e-05
160 165 7.7278854e+08 0.0020607826 -14931756 -3.9818271e-05
165 170 8.1083225e+08 0.0021622332 -18598190 -4.959549e-05
170 175 8.4903833e+08 0.0022641167 -22550864 -6.0136022e-05
175 180 8.8740952e+08 0.0023664405 -26940042 -7.1840571e-05
180 185 9.2603211e+08 0.0024694348 -31520483 -8.4055159e-05
185 190 9.6464839e+08 0.0025724122 -36048736 -9.6130578e-05
190 195 1.003518e+09 0.0026760651 -41349609 -0.00011026633
195 200 1.0423863e+09 0.0027797145 -46870805 -0.00012498961
