0 5 351758 9.4775822e-07 27189.507 7.3257974e-08
5 10 2374461 6.3976226e-06 74874.645 2.017383e-07
10 15 6365629 1.7151215e-05 103614.87 2.7917443e-07
15 20 12316560 3.318509e-05 135996.79 3.6642258e-07
20 25 20149994 5.4291082e-05 227335.32 6.1252032e-07
25 30 29799269 8.028958e-05 424833.84 1.1446499e-06
30 35 41171924 0.00011093146 666992.04 1.7971082e-06
35 40 54272464 0.00014622887 1032305.6 2.7813899e-06
40 45 69021958 0.00018596913 1395172.5 3.7590794e-06
45 50 85324686 0.00022989434 1821682.8 4.9082462e-06
50 55 1.0313917e+08 0.00027789274 2352769.1 6.339177e-06
55 60 1.2239442e+08 0.00032977308 2978596.2 8.0253726e-06
60 65 1.4299874e+08 0.00038528826 3596315.1 9.689722e-06
65 70 1.649604e+08 0.00044446061 4249702.7 1.1450175e-05
70 75 1.8815871e+08 0.00050696492 4704638.8 1.2675931e-05
75 80 2.1260294e+08 0.00057282616 5226515 1.4082047e-05
80 85 2.3820906e+08 0.00064181794 5658260.9 1.524532e-05
85 90 2.6489727e+08 0.00071372524 6045892.6 1.6289735e-05
90 95 2.9270956e+08 0.00078866123 6275229.9 1.6907649e-05
95 100 3.2143676e+08 0.00086606226 6454041 1.7389428e-05
100 105 3.5104152e+08 0.00094582778 6410478 1.7272054e-05
105 110 3.8150366e+08 0.0010279034 6148739.5 1.656684e-05
110 115 4.1288675e+08 0.0011124603 5793722.1 1.56103e-05
115 120 4.4505114e+08 0.0011991223 4837084.5 1.3032786e-05
120 125 4.7793418e+08 0.0012877207 3996632.4 1.0768316e-05
125 130 5.115295e+08 0.0013782381 2886589.4 7.7774744e-06
130 135 5.4571277e+08 0.0014703397 1291596 3.4800082e-06
135 140 5.8045238e+08 0.0015639403 -575013.01 -1.5492848e-06
140 145 6.1569746e+08 0.0016589028 -2910733.8 -7.8425278e-06
145 150 6.5137844e+08 0.0017550398 -5029335.3 -1.3550776e-05
150 155 6.8750054e+08 0.0018523652 -7967363.6 -2.1466845e-05
155 160 7.2393652e+08 0.0019505364 -11128623 -2.9984377e-05
160 165 7.6071966e+08 0.002049643 -14555735 -3.9218205e-05
165 170 7.9781343e+08 0.0021495865 -18542885 -4.9960972e-05
170 175 8.3527239e+08 0.0022505139 -22934414 -6.1793276e-05
175 180 8.7283846e+08 0.00235173 -27453992 -7.397059e-05
180 185 9.1067159e+08 0.0024536655 -32408097 -8.7318669e-05
185 190 9.4847559e+08 0.0025555227 -37874753 -0.00010204774
190 195 9.864073e+08 0.0026577239 -43592316 -0.00011745284
195 200 1.0243891e+09 0.0027600601 -49423768 -0.0001331648
