0 5 318950 9.6184235e-07 12206.881 3.6811712e-08
5 10 2181281 6.5779854e-06 56468.018 1.7028792e-07
10 15 5806819 1.7511348e-05 163285.62 4.9241268e-07
15 20 11139547 3.3593002e-05 313289.19 9.4477131e-07
20 25 18059146 5.4460108e-05 650158.65 1.9606525e-06
25 30 26405604 7.9630124e-05 1274665.8 3.8439489e-06
30 35 36068118 0.00010876891 2235281.1 6.7408308e-06
35 40 46945762 0.0001415721 3463341.5 1.0444234e-05
40 45 58981166 0.0001778667 5090046.2 1.534981e-05
45 50 71947267 0.00021696795 6974106.5 2.1031481e-05
50 55 85841534 0.00025886823 9189888.2 2.7713509e-05
55 60 1.0052676e+08 0.00030315378 11768584 3.548996e-05
60 65 1.1603846e+08 0.00034993167 14674979 4.4254636e-05
65 70 1.3222196e+08 0.00039873547 17770193 5.3588727e-05
70 75 1.4902932e+08 0.00044942064 21189359 6.3899743e-05
75 80 1.6632752e+08 0.00050158599 24818340 7.4843488e-05
80 85 1.840758e+08 0.00055510863 28656555 8.6418211e-05
85 90 2.0231878e+08 0.00061012313 32694872 9.859637e-05
90 95 2.2089386e+08 0.00066613911 36869592 0.00011118588
95 100 2.3976258e+08 0.00072304061 41287804 0.00012450967
100 105 2.5891731e+08 0.00078080462 45923755 0.00013849008
105 110 2.782451e+08 0.00083909051 50756810 0.0001530649
110 115 2.9758012e+08 0.0008973982 55592419 0.00016764741
115 120 3.1712495e+08 0.00095633863 60928908 0.00018374041
120 125 3.3667325e+08 0.0010152895 66073520 0.00019925477
125 130 3.5625907e+08 0.0010743535 71317061 0.00021506747
130 135 3.7577177e+08 0.0011331971 76761614 0.00023148635
135 140 3.9519678e+08 0.0011917761 82046041 0.00024742234
140 145 4.1460555e+08 0.0012503062 87586837 0.00026413146
145 150 4.3390259e+08 0.0013084994 92480389 0.00027888871
150 155 4.5308507e+08 0.0013663471 97631073 0.00029442138
155 160 4.7231929e+08 0.0014243508 1.0218667e+08 0.0003081595
160 165 4.9145155e+08 0.0014820471 1.0659796e+08 0.00032146241
165 170 5.1046306e+08 0.0015393792 1.1046076e+08 0.00033311127
170 175 5.29474e+08 0.0015967096 1.140772e+08 0.00034401719
175 180 5.4824253e+08 0.0016533089 1.172879e+08 0.00035369955
180 185 5.6698257e+08 0.0017098224 1.2059778e+08 0.00036368098
185 190 5.8557503e+08 0.0017658908 1.2337096e+08 0.00037204395
190 195 6.0390844e+08 0.001821178 1.2614977e+08 0.00038042388
195 200 6.2205695e+08 0.0018759076 1.2885155e+08 0.00038857149
