0 5 392385 9.5142803e-07 14812.652 3.5916694e-08
5 10 2685140 6.5107419e-06 75312.994 1.8261374e-07
10 15 7176701 1.7401569e-05 205132.58 4.9739131e-07
15 20 13769903 3.3388309e-05 382945.08 9.2853877e-07
20 25 22298870 5.4068759e-05 876258.4 2.1246908e-06
25 30 32613475 7.9078901e-05 1805988.8 4.3790368e-06
30 35 44558681 0.00010804281 3051764.2 7.399707e-06
35 40 57988602 0.00014060675 4722900 1.1451761e-05
40 45 72767433 0.00017644144 6840237.4 1.6585735e-05
45 50 88829677 0.00021538806 9500786.2 2.303685e-05
50 55 1.0601084e+08 0.00025704775 12518439 3.0353846e-05
55 60 1.2428561e+08 0.00030135917 16018811 3.8841306e-05
60 65 1.4347977e+08 0.00034789983 19987862 4.8465188e-05
65 70 1.6355105e+08 0.00039656728 24363774 5.9075595e-05
70 75 1.8430135e+08 0.00044688117 29071449 7.0490441e-05
75 80 2.058958e+08 0.00049924192 34208975 8.2947559e-05
80 85 2.2817019e+08 0.0005532513 39625310 9.6080714e-05
85 90 2.508975e+08 0.00060835892 45470224 0.00011025306
90 95 2.7418717e+08 0.0006648301 51578946 0.00012506507
95 100 2.978889e+08 0.00072230041 58120160 0.00014092575
100 105 3.2196761e+08 0.00078068482 64982681 0.00015756551
105 110 3.4626421e+08 0.00083959754 72179429 0.00017501569
110 115 3.7079396e+08 0.00089907556 79904176 0.00019374612
115 120 3.9540709e+08 0.00095875579 87785735 0.00021285678
120 125 4.2015755e+08 0.001018769 95828572 0.0002323585
125 130 4.4495759e+08 0.0010789024 1.0438189e+08 0.000253098
130 135 4.6977489e+08 0.0011390777 1.1345151e+08 0.00027508939
135 140 4.9457186e+08 0.0011992037 1.2209843e+08 0.00029605584
140 145 5.1936063e+08 0.0012593098 1.3110601e+08 0.0003178968
145 150 5.4418025e+08 0.0013194907 1.3973e+08 0.00033880765
150 155 5.689116e+08 0.0013794575 1.4828001e+08 0.00035953913
155 160 5.9367001e+08 0.00143949 1.5677196e+08 0.00038012983
160 165 6.1844902e+08 0.0014995724 1.6490378e+08 0.00039984728
165 170 6.4311482e+08 0.0015593804 1.725374e+08 0.00041835678
170 175 6.67796e+08 0.0016192256 1.8007375e+08 0.0004366304
175 180 6.9244864e+08 0.0016790016 1.8769801e+08 0.00045511716
180 185 7.1691654e+08 0.0017383297 1.9474113e+08 0.00047219485
185 190 7.4116109e+08 0.0017971162 2.0166328e+08 0.00048897919
190 195 7.6513095e+08 0.0018552367 2.0856228e+08 0.0005057074
195 200 7.890921e+08 0.001913336 2.1540757e+08 0.00052230539
