0 5 427110 9.267396e-07 20244.744 4.3926871e-08
5 10 2933709 6.3655365e-06 63683.26 1.3817939e-07
10 15 7907671 1.7157996e-05 103216.28 2.2395779e-07
15 20 15314310 3.3228858e-05 120818.9 2.621518e-07
20 25 25066206 5.4388438e-05 266621.54 5.7851313e-07
25 30 37052292 8.0395744e-05 604060.91 1.3106862e-06
30 35 51258654 0.00011122059 1028118.5 2.2308027e-06
35 40 67615829 0.00014671224 1546966.5 3.3565947e-06
40 45 85983492 0.00018656624 2159328.9 4.6852933e-06
45 50 1.0640455e+08 0.00023087567 2976853.4 6.4591507e-06
50 55 1.2872656e+08 0.00027930979 3835561.4 8.3223681e-06
55 60 1.5278868e+08 0.00033151957 4907729.6 1.0648749e-05
60 65 1.7867141e+08 0.00038767968 6028297.2 1.3080147e-05
65 70 2.0626685e+08 0.00044755603 7304596.6 1.5849451e-05
70 75 2.3552452e+08 0.00051103908 8613342.9 1.8689157e-05
75 80 2.6635099e+08 0.00057792609 9996043.7 2.1689329e-05
80 85 2.986938e+08 0.00064810323 11329431 2.4582501e-05
85 90 3.3239884e+08 0.00072123614 12683428 2.7520392e-05
90 95 3.6754589e+08 0.0007974979 14068864 3.0526499e-05
95 100 4.0400941e+08 0.00087661613 15457944 3.3540514e-05
100 105 4.4177798e+08 0.00095856605 16636202 3.6097087e-05
105 110 4.8070201e+08 0.0010430231 17882435 3.8801154e-05
110 115 5.2080509e+08 0.0011300384 18918340 4.104885e-05
115 120 5.6200061e+08 0.0012194241 19961382 4.3312034e-05
120 125 6.0420234e+08 0.001310993 20821593 4.5178513e-05
125 130 6.47354e+08 0.0014046231 21581906 4.6828235e-05
130 135 6.9134779e+08 0.0015000805 21910210 4.7540585e-05
135 140 7.362326e+08 0.0015974711 22160386 4.8083416e-05
140 145 7.818078e+08 0.0016963598 22413701 4.8633055e-05
145 150 8.2829362e+08 0.0017972244 22416709 4.8639582e-05
150 155 8.7526267e+08 0.0018991374 22191045 4.8149939e-05
155 160 9.2286774e+08 0.0020024305 21635909 4.694541e-05
160 165 9.7112995e+08 0.0021071494 20766417 4.5058792e-05
165 170 1.0197334e+09 0.0022126086 20153312 4.3728482e-05
170 175 1.0686895e+09 0.0023188334 19550639 4.2420809e-05
175 180 1.1181731e+09 0.0024262023 18183802 3.9455057e-05
180 185 1.1680303e+09 0.0025343822 16696371 3.6227643e-05
185 190 1.2179936e+09 0.0026427921 15167055 3.2909346e-05
190 195 1.2682191e+09 0.0027517708 13729205 2.978951e-05
195 200 1.3185789e+09 0.0028610411 11614197 2.5200385e-05
