0 5 390912 9.5137547e-07 16361.731 3.9820087e-08
5 10 2667455 6.4918735e-06 59592.696 1.4503272e-07
10 15 7111630 1.7307809e-05 172062.74 4.1875478e-07
15 20 13666886 3.3261553e-05 381620.34 9.2876205e-07
20 25 22136760 5.3874966e-05 866929.75 2.1098756e-06
25 30 32376208 7.8795049e-05 1774747.2 4.3192611e-06
30 35 44232285 0.00010764958 3015223 7.3382479e-06
35 40 57537530 0.00014003099 4711441.6 1.1466391e-05
40 45 72244326 0.00017582341 6793277.4 1.6533024e-05
45 50 88184859 0.00021461841 9360370.8 2.2780644e-05
50 55 1.0525906e+08 0.00025617247 12459064 3.0322037e-05
55 60 1.233492e+08 0.00030019903 15927936 3.8764344e-05
60 65 1.4238232e+08 0.00034652057 19868381 4.8354335e-05
65 70 1.6231806e+08 0.00039503883 24172736 5.8829988e-05
70 75 1.8310044e+08 0.0004456176 28979133 7.0527476e-05
75 80 2.0450576e+08 0.00049771244 33938137 8.2596368e-05
80 85 2.2651119e+08 0.00055126777 39412905 9.5920491e-05
85 90 2.4922367e+08 0.00060654389 45170890 0.00010993389
90 95 2.7231855e+08 0.00066275068 51335463 0.00012493681
95 100 2.9583123e+08 0.00071997426 57901318 0.00014091636
100 105 3.1972338e+08 0.00077812136 64931697 0.00015802642
105 110 3.4386442e+08 0.00083687421 72057709 0.00017536923
110 115 3.6815515e+08 0.00089599138 79707446 0.00019398665
115 120 3.9264992e+08 0.00095560512 87832457 0.00021376076
120 125 4.1735221e+08 0.0010157239 95974861 0.0002335772
125 130 4.4210282e+08 0.0010759603 1.045871e+08 0.00025453708
130 135 4.6672444e+08 0.0011358827 1.1322279e+08 0.00027555404
135 140 4.9140409e+08 0.0011959464 1.2172827e+08 0.00029625412
140 145 5.1602824e+08 0.001255875 1.3065127e+08 0.00031797031
145 150 5.4066612e+08 0.001315837 1.394549e+08 0.00033939599
150 155 5.6539832e+08 0.0013760286 1.4793616e+08 0.00036003714
155 160 5.9004135e+08 0.0014360032 1.563195e+08 0.00038043994
160 165 6.1462392e+08 0.0014958306 1.6432262e+08 0.0003999174
165 170 6.3917735e+08 0.0015555871 1.7204802e+08 0.00041871897
170 175 6.6363098e+08 0.0016151007 1.7964642e+08 0.00043721144
175 180 6.8797653e+08 0.0016743512 1.8703773e+08 0.0004551999
180 185 7.1223462e+08 0.001733389 1.9412007e+08 0.00047243643
185 190 7.3635464e+08 0.0017920906 2.0130537e+08 0.00048992354
190 195 7.6015891e+08 0.0018500239 2.0815106e+08 0.00050658413
195 200 7.8382218e+08 0.001907614 2.1479069e+08 0.0005227432
