0 5 66388.852 1.0085776e-06 0 0
5 10 448573.3 6.8147133e-06 0 0
10 15 1183645.6 1.7981912e-05 0 0
15 20 2247157.9 3.413876e-05 0 0
20 25 3611785.7 5.4870148e-05 0 0
25 30 5256265.9 7.9853047e-05 0 0
30 35 7156898.6 0.00010872741 0 0
35 40 9305897.8 0.00014137494 0 0
40 45 11672426 0.00017732718 0 0
45 50 14250059 0.0002164865 0 0
50 55 17022847 0.00025861062 0 0
55 60 19971143 0.00030340105 0 0
60 65 23098422 0.00035091059 0 0
65 70 26402330 0.00040110347 0 0
70 75 29865053 0.00045370907 0 0
75 80 33492163 0.00050881202 0 0
80 85 37257953 0.0005660218 0 0
85 90 41144494 0.00062506602 0 0
90 95 45136457 0.00068571181 0 0
95 100 49220663 0.00074775896 0 0
100 105 53380834 0.00081096016 0 0
105 110 57599782 0.0008750543 0 0
110 115 61893037 0.00094027731 0 0
115 120 66233440 0.0010062166 0 0
120 125 70613590 0.0010727597 0 0
125 130 75012791 0.0011395923 0 0
130 135 79442471 0.0012068878 0 0
135 140 83901825 0.0012746342 0 0
140 145 88387514 0.0013427807 0 0
145 150 92893558 0.0014112364 0 0
150 155 97415924 0.00147994 0 0
155 160 1.0196778e+08 0.0015490918 0 0
160 165 1.0652826e+08 0.0016183744 0 0
165 170 1.1109214e+08 0.0016877087 0 0
170 175 1.1566373e+08 0.0017571603 0 0
175 180 1.2024315e+08 0.0018267306 0 0
180 185 1.248211e+08 0.0018962787 0 0
185 190 1.2938594e+08 0.0019656276 0 0
190 195 1.3392678e+08 0.002034612 0 0
195 200 1.3843283e+08 0.0021030677 0 0
