0 5 65747.97 1.0110158e-06 0 0
5 10 445313.11 6.8476426e-06 0 0
10 15 1177001.1 1.8098911e-05 0 0
15 20 2231887.3 3.4320045e-05 0 0
20 25 3587454.9 5.51648e-05 0 0
25 30 5223803.4 8.0327162e-05 0 0
30 35 7119229.9 0.0001094734 0 0
35 40 9254536 0.00014230831 0 0
40 45 11611719 0.00017855504 0 0
45 50 14177818 0.0002180143 0 0
50 55 16937837 0.00026045552 0 0
55 60 19884556 0.00030576762 0 0
60 65 23001299 0.00035369423 0 0
65 70 26289598 0.00040425886 0 0
70 75 29743906 0.00045737624 0 0
75 80 33343326 0.00051272502 0 0
80 85 37073656 0.00057008684 0 0
85 90 40926616 0.00062933435 0 0
90 95 44860140 0.0006898207 0 0
95 100 48899615 0.00075193627 0 0
100 105 53006253 0.00081508464 0 0
105 110 57177266 0.00087922289 0 0
110 115 61409425 0.0009443014 0 0
115 120 65674309 0.0010098831 0 0
120 125 69991500 0.0010762692 0 0
125 130 74324649 0.0011429006 0 0
130 135 78688606 0.0012100058 0 0
135 140 83079659 0.0012775276 0 0
140 145 87489039 0.0013453313 0 0
145 150 91944473 0.0014138431 0 0
150 155 96417947 0.0014826324 0 0
155 160 1.009093e+08 0.0015516965 0 0
160 165 1.0542701e+08 0.0016211659 0 0
165 170 1.099607e+08 0.0016908812 0 0
170 175 1.1449506e+08 0.0017606067 0 0
175 180 1.19036e+08 0.0018304334 0 0
180 185 1.2357567e+08 0.0019002405 0 0
185 190 1.2808672e+08 0.0019696075 0 0
190 195 1.3259785e+08 0.0020389758 0 0
195 200 1.3706913e+08 0.0021077313 0 0
