0 5 64929.053 1.0123688e-06 0 0
5 10 440728.62 6.871807e-06 0 0
10 15 1178775 1.8379369e-05 0 0
15 20 2266443.8 3.5338219e-05 0 0
20 25 3700814.3 5.7702814e-05 0 0
25 30 5464518.2 8.520235e-05 0 0
30 35 7553548.5 0.00011777435 0 0
35 40 9955392.6 0.00015522372 0 0
40 45 12656213 0.00019733471 0 0
45 50 15658470 0.00024414566 0 0
50 55 18948514 0.00029544379 0 0
55 60 22521064 0.0003511467 0 0
60 65 26361048 0.00041101945 0 0
65 70 30464734 0.0004750038 0 0
70 75 34817870 0.00054287757 0 0
75 80 39418783 0.00061461464 0 0
80 85 44268498 0.00069023104 0 0
85 90 49334774 0.00076922403 0 0
90 95 54621950 0.00085166126 0 0
95 100 60123080 0.00093743447 0 0
100 105 65836164 0.0010265124 0 0
105 110 71747617 0.0011186834 0 0
110 115 77842514 0.0012137145 0 0
115 120 84117354 0.0013115514 0 0
120 125 90570995 0.001412176 0 0
125 130 97178749 0.0015152036 0 0
130 135 1.0393744e+08 0.0016205846 0 0
135 140 1.1085984e+08 0.0017285181 0 0
140 145 1.1790408e+08 0.0018383514 0 0
145 150 1.2506975e+08 0.0019500779 0 0
150 155 1.3236927e+08 0.0020638915 0 0
155 160 1.3978589e+08 0.0021795309 0 0
160 165 1.4729923e+08 0.0022966784 0 0
165 170 1.548808e+08 0.0024148896 0 0
170 175 1.6256135e+08 0.0025346441 0 0
175 180 1.7029297e+08 0.002655195 0 0
180 185 1.7813496e+08 0.0027774667 0 0
185 190 1.8601752e+08 0.0029003709 0 0
190 195 1.939533e+08 0.003024105 0 0
195 200 2.0193883e+08 0.0031486148 0 0
