0 5 64557.451 1.0077498e-06 0 0
5 10 439751.39 6.8645737e-06 0 0
10 15 1176259.3 1.8361554e-05 0 0
15 20 2260043.6 3.527956e-05 0 0
20 25 3690503 5.7609209e-05 0 0
25 30 5449326.9 8.5064668e-05 0 0
30 35 7533833.7 0.00011760408 0 0
35 40 9925120.4 0.00015493236 0 0
40 45 12621776 0.00019702748 0 0
45 50 15613121 0.00024372275 0 0
50 55 18891858 0.00029490425 0 0
55 60 22442144 0.00035032465 0 0
60 65 26280766 0.00041024602 0 0
65 70 30360759 0.00047393521 0 0
70 75 34692314 0.00054155132 0 0
75 80 39272243 0.00061304458 0 0
80 85 44092714 0.00068829273 0 0
85 90 49140737 0.00076709299 0 0
90 95 54403357 0.00084924314 0 0
95 100 59884853 0.00093480998 0 0
100 105 65561186 0.0010234182 0 0
105 110 71444235 0.0011152534 0 0
110 115 77510738 0.0012099522 0 0
115 120 83738951 0.0013071754 0 0
120 125 90153662 0.0014073098 0 0
125 130 96737719 0.0015100878 0 0
130 135 1.0347049e+08 0.0016151872 0 0
135 140 1.1034948e+08 0.0017225691 0 0
140 145 1.173681e+08 0.0018321306 0 0
145 150 1.2450888e+08 0.0019435991 0 0
150 155 1.3178298e+08 0.0020571487 0 0
155 160 1.3914335e+08 0.0021720449 0 0
160 165 1.4661924e+08 0.0022887444 0 0
165 170 1.5419271e+08 0.0024069673 0 0
170 175 1.6185552e+08 0.0025265848 0 0
175 180 1.6958095e+08 0.0026471797 0 0
180 185 1.7739708e+08 0.0027691904 0 0
185 190 1.85245e+08 0.0028916974 0 0
190 195 1.931895e+08 0.0030157121 0 0
195 200 2.0115757e+08 0.0031400946 0 0
