0 5 65160.398 1.0153194e-06 0 0
5 10 441871.18 6.8851692e-06 0 0
10 15 1181056.6 1.8403043e-05 0 0
15 20 2273187.3 3.5420457e-05 0 0
20 25 3708058.6 5.7778402e-05 0 0
25 30 5480680.7 8.5399129e-05 0 0
30 35 7578065.2 0.00011808025 0 0
35 40 9989815.3 0.00015565977 0 0
40 45 12702211 0.00019792392 0 0
45 50 15718413 0.00024492192 0 0
50 55 19016475 0.00029631181 0 0
55 60 22591405 0.00035201582 0 0
60 65 26442361 0.00041202083 0 0
65 70 30552175 0.00047605932 0 0
70 75 34910849 0.00054397551 0 0
75 80 39521559 0.0006158189 0 0
80 85 44359009 0.0006911953 0 0
85 90 49436020 0.00077030451 0 0
90 95 54728938 0.00085277795 0 0
95 100 60229446 0.00093848602 0 0
100 105 65943030 0.0010275142 0 0
105 110 71850743 0.0011195673 0 0
110 115 77938370 0.0012144238 0 0
115 120 84221543 0.0013123272 0 0
120 125 90664466 0.0014127198 0 0
125 130 97268672 0.0015156256 0 0
130 135 1.0404178e+08 0.0016211632 0 0
135 140 1.1094117e+08 0.0017286684 0 0
140 145 1.1799237e+08 0.0018385391 0 0
145 150 1.2518564e+08 0.0019506235 0 0
150 155 1.3248788e+08 0.0020644058 0 0
155 160 1.3990031e+08 0.0021799052 0 0
160 165 1.4740546e+08 0.0022968494 0 0
165 170 1.5500376e+08 0.0024152448 0 0
170 175 1.6271017e+08 0.002535325 0 0
175 180 1.7048406e+08 0.0026564565 0 0
180 185 1.7831131e+08 0.0027784195 0 0
185 190 1.862296e+08 0.0029018011 0 0
190 195 1.9419599e+08 0.0030259323 0 0
195 200 2.0217704e+08 0.0031502917 0 0
