0 5 64954.811 1.0065496e-06 0 0
5 10 440888.87 6.8320808e-06 0 0
10 15 1179722.9 1.8281165e-05 0 0
15 20 2270482.8 3.5183746e-05 0 0
20 25 3703040.6 5.7382878e-05 0 0
25 30 5469865.2 8.476186e-05 0 0
30 35 7561478.2 0.00011717381 0 0
35 40 9959972.1 0.00015434124 0 0
40 45 12665785 0.00019627093 0 0
45 50 15663683 0.00024272681 0 0
50 55 18952849 0.00029369622 0 0
55 60 22512885 0.00034886308 0 0
60 65 26343006 0.00040821521 0 0
65 70 30428550 0.00047152542 0 0
70 75 34769460 0.00053879282 0 0
75 80 39352372 0.00060981032 0 0
80 85 44171729 0.00068449182 0 0
85 90 49213252 0.00076261602 0 0
90 95 54480638 0.00084424023 0 0
95 100 59957573 0.00092911164 0 0
100 105 65648198 0.0010172944 0 0
105 110 71535695 0.001108528 0 0
110 115 77609908 0.0012026549 0 0
115 120 83847715 0.0012993169 0 0
120 125 90280799 0.0013990049 0 0
125 130 96860566 0.001500966 0 0
130 135 1.0359499e+08 0.0016053236 0 0
135 140 1.104929e+08 0.0017122147 0 0
140 145 1.1753351e+08 0.0018213171 0 0
145 150 1.2469492e+08 0.0019322914 0 0
150 155 1.319776e+08 0.0020451448 0 0
155 160 1.3937452e+08 0.0021597688 0 0
160 165 1.4687174e+08 0.0022759467 0 0
165 170 1.5447583e+08 0.0023937809 0 0
170 175 1.6214724e+08 0.0025126582 0 0
175 180 1.6992821e+08 0.0026332334 0 0
180 185 1.7775207e+08 0.0027544731 0 0
185 190 1.8564557e+08 0.0028767919 0 0
190 195 1.9359191e+08 0.0029999295 0 0
195 200 2.0158623e+08 0.0031238108 0 0
