0 5 65686.079 1.0152072e-06 0 0
5 10 443865.03 6.860129e-06 0 0
10 15 1170925.3 1.8097165e-05 0 0
15 20 2219674.5 3.4306044e-05 0 0
20 25 3569978.6 5.5175587e-05 0 0
25 30 5196735.3 8.0317826e-05 0 0
30 35 7078048 0.00010939434 0 0
35 40 9196728.3 0.00014213947 0 0
40 45 11535576 0.0001782874 0 0
45 50 14080891 0.00021762635 0 0
50 55 16810974 0.00025982099 0 0
55 60 19726651 0.00030488406 0 0
60 65 22813461 0.00035259206 0 0
65 70 26078389 0.00040305295 0 0
70 75 29513968 0.00045615133 0 0
75 80 33089134 0.0005114071 0 0
80 85 36798569 0.00056873805 0 0
85 90 40637233 0.00062806628 0 0
90 95 44571286 0.0006888688 0 0
95 100 48597676 0.00075109843 0 0
100 105 52705016 0.00081457917 0 0
105 110 56877147 0.0008790613 0 0
110 115 61114724 0.0009445549 0 0
115 120 65391306 0.0010106514 0 0
120 125 69697197 0.0010772008 0 0
125 130 74030910 0.0011441802 0 0
130 135 78396972 0.0012116596 0 0
135 140 82793314 0.001279607 0 0
140 145 87206897 0.0013478209 0 0
145 150 91651769 0.0014165183 0 0
150 155 96119339 0.0014855666 0 0
155 160 1.0060515e+08 0.0015548967 0 0
160 165 1.0509463e+08 0.0016242837 0 0
165 170 1.0959983e+08 0.0016939135 0 0
170 175 1.1409803e+08 0.0017634352 0 0
175 180 1.1861794e+08 0.0018332923 0 0
180 185 1.2311327e+08 0.0019027697 0 0
185 190 1.2759667e+08 0.0019720626 0 0
190 195 1.3210046e+08 0.0020416707 0 0
195 200 1.3655763e+08 0.0021105582 0 0
