0 5 64243.187 1.008025e-06 0 0
5 10 438242.52 6.8763624e-06 0 0
10 15 1172655.4 1.8399865e-05 0 0
15 20 2257000.3 3.5414071e-05 0 0
20 25 3685706.3 5.7831568e-05 0 0
25 30 5443644.4 8.5414969e-05 0 0
30 35 7524763.1 0.00011806932 0 0
35 40 9918008.1 0.00015562118 0 0
40 45 12611438 0.00019788316 0 0
45 50 15605037 0.00024485504 0 0
50 55 18882731 0.00029628458 0 0
55 60 22438664 0.00035207991 0 0
60 65 26260683 0.00041205032 0 0
65 70 30346961 0.00047616717 0 0
70 75 34675786 0.00054408976 0 0
75 80 39252398 0.00061590033 0 0
80 85 44069594 0.00069148583 0 0
85 90 49123375 0.00077078354 0 0
90 95 54368837 0.00085308888 0 0
95 100 59851746 0.00093911994 0 0
100 105 65544362 0.0010284415 0 0
105 110 71433621 0.0011208485 0 0
110 115 77500586 0.0012160438 0 0
115 120 83757037 0.0013142123 0 0
120 125 90180047 0.0014149943 0 0
125 130 96775416 0.0015184807 0 0
130 135 1.0350602e+08 0.0016240891 0 0
135 140 1.1038499e+08 0.0017320254 0 0
140 145 1.1740399e+08 0.001842159 0 0
145 150 1.2454385e+08 0.0019541888 0 0
150 155 1.3180391e+08 0.0020681047 0 0
155 160 1.3918449e+08 0.0021839117 0 0
160 165 1.4665483e+08 0.0023011271 0 0
165 170 1.542286e+08 0.0024199654 0 0
170 175 1.6189021e+08 0.0025401819 0 0
175 180 1.6963482e+08 0.0026617008 0 0
180 185 1.774416e+08 0.0027841953 0 0
185 190 1.8531613e+08 0.0029077527 0 0
190 195 1.932442e+08 0.0030321501 0 0
195 200 2.0122705e+08 0.0031574072 0 0
