0 5 66033.356 1.0168627e-06 2195.4436 3.3808135e-08
5 10 445677.22 6.8630847e-06 13173.696 2.0286474e-07
10 15 1175646.7 1.8104051e-05 48172.135 7.4181365e-07
15 20 2228898.5 3.4323314e-05 123407.23 1.9003759e-06
20 25 3581219.4 5.514801e-05 248305.78 3.8237171e-06
25 30 5210709.4 8.0240897e-05 421984.39 6.4982335e-06
30 35 7096344.2 0.00010927822 654293.7 1.0075617e-05
35 40 9223912.8 0.00014204113 966252.32 1.4879539e-05
40 45 11565490 0.00017809961 1363521.5 2.0997177e-05
45 50 14116291 0.00021737997 1828582.6 2.8158759e-05
50 55 16855950 0.0002595686 2358821.9 3.6324034e-05
55 60 19770415 0.00030444912 2965267.6 4.5662829e-05
60 65 22871983 0.00035221087 3607896 5.5558809e-05
65 70 26126789 0.00040233236 4316078.4 6.6464272e-05
70 75 29562920 0.00045524612 5056153.5 7.7860856e-05
75 80 33140252 0.00051033427 5832548.4 8.9816738e-05
80 85 36858431 0.00056759135 6675385.7 0.00010279578
85 90 40689882 0.00062659274 7602555.4 0.00011707348
90 95 44626341 0.00068721116 8629528.1 0.00013288806
95 100 48656136 0.00074926688 9742748.9 0.0001500308
100 105 52749632 0.00081230357 10944636 0.00016853894
105 110 56916642 0.0008764723 12242286 0.00018852175
110 115 61141449 0.00094153106 13652180 0.00021023302
115 120 65398993 0.0010070939 15108216 0.00023265484
120 125 69694109 0.0010732354 16669883 0.00025670332
125 130 74032791 0.0011400478 18298222 0.00028177847
130 135 78394268 0.0012072111 19994089 0.00030789352
135 140 82767101 0.0012745494 21758077 0.00033505757
140 145 87186233 0.0013426006 23508391 0.00036201105
145 150 91614906 0.0014107987 25286639 0.0003893947
150 155 96068303 0.0014793776 27062352 0.00041673931
155 160 1.0053441e+08 0.0015481522 28848268 0.00044424103
160 165 1.050268e+08 0.0016173315 30615904 0.00047146127
165 170 1.0951121e+08 0.001686388 32365638 0.00049840581
170 175 1.1399469e+08 0.0017554301 34087961 0.00052492826
175 180 1.1848207e+08 0.0018245324 35881831 0.00055255246
180 185 1.2295988e+08 0.0018934871 37608000 0.00057913413
185 190 1.2742429e+08 0.0019622356 39338019 0.00060577509
190 195 1.3189845e+08 0.0020311341 41022135 0.00063170918
195 200 1.36353e+08 0.0020997308 42685743 0.00065732745
