0 5 66026.205 1.0090966e-06 0 0
5 10 446375.67 6.8220814e-06 0 0
10 15 1177778.7 1.8000314e-05 0 0
15 20 2233758.6 3.4139143e-05 0 0
20 25 3592034.9 5.4898052e-05 0 0
25 30 5230388.2 7.9937454e-05 0 0
30 35 7129884.5 0.00010896797 0 0
35 40 9265412 0.00014160583 0 0
40 45 11626346 0.00017768862 0 0
45 50 14192032 0.00021690071 0 0
50 55 16948541 0.00025902918 0 0
55 60 19891217 0.00030400291 0 0
60 65 23006587 0.00035161597 0 0
65 70 26296664 0.00040189911 0 0
70 75 29750122 0.00045467926 0 0
75 80 33358660 0.00050982953 0 0
80 85 37097008 0.00056696373 0 0
85 90 40949255 0.00062583866 0 0
90 95 44909837 0.00068636932 0 0
95 100 48943413 0.00074801556 0 0
100 105 53066306 0.00081102688 0 0
105 110 57256278 0.00087506335 0 0
110 115 61502906 0.00093996573 0 0
115 120 65785495 0.0010054177 0 0
120 125 70108817 0.0010714922 0 0
125 130 74464807 0.001138066 0 0
130 135 78851849 0.0012051144 0 0
135 140 83241826 0.0012722076 0 0
140 145 87676104 0.0013399779 0 0
145 150 92127293 0.0014080066 0 0
150 155 96602057 0.0014763957 0 0
155 160 1.0108486e+08 0.0015449075 0 0
160 165 1.0561573e+08 0.0016141541 0 0
165 170 1.1015124e+08 0.0016834715 0 0
170 175 1.1467836e+08 0.0017526607 0 0
175 180 1.1920266e+08 0.0018218069 0 0
180 185 1.2372744e+08 0.0018909603 0 0
185 190 1.28234e+08 0.0019598354 0 0
190 195 1.3274052e+08 0.0020287097 0 0
195 200 1.3722626e+08 0.0020972664 0 0
