0 5 65953.812 1.0088801e-06 0 0
5 10 446362.32 6.8279004e-06 0 0
10 15 1176456.3 1.7995978e-05 0 0
15 20 2231593.9 3.4136172e-05 0 0
20 25 3585168.2 5.4841482e-05 0 0
25 30 5213385.5 7.9747943e-05 0 0
30 35 7103743.2 0.0001086643 0 0
35 40 9230324.7 0.00014119413 0 0
40 45 11579319 0.00017712615 0 0
45 50 14124460 0.00021605857 0 0
50 55 16872699 0.00025809774 0 0
55 60 19794339 0.00030278939 0 0
60 65 22894985 0.00035021925 0 0
65 70 26162165 0.00040019653 0 0
70 75 29593050 0.00045267798 0 0
75 80 33176344 0.0005074908 0 0
80 85 36897370 0.00056441047 0 0
85 90 40733820 0.00062309575 0 0
90 95 44677210 0.00068341686 0 0
95 100 48701279 0.00074497212 0 0
100 105 52804734 0.0008077417 0 0
105 110 56969304 0.00087144616 0 0
110 115 61192193 0.00093604271 0 0
115 120 65449038 0.0010011587 0 0
120 125 69747511 0.0010669114 0 0
125 130 74064727 0.0011329509 0 0
130 135 78425707 0.0011996598 0 0
135 140 82808117 0.0012666965 0 0
140 145 87212053 0.0013340624 0 0
145 150 91646828 0.0014019002 0 0
150 155 96099264 0.001470008 0 0
155 160 1.0057964e+08 0.0015385433 0 0
160 165 1.0508321e+08 0.0016074333 0 0
165 170 1.0960228e+08 0.0016765605 0 0
170 175 1.1412373e+08 0.001745724 0 0
175 180 1.1863811e+08 0.0018147796 0 0
180 185 1.2316015e+08 0.0018839521 0 0
185 190 1.2766846e+08 0.0019529147 0 0
190 195 1.3216425e+08 0.0020216857 0 0
195 200 1.366677e+08 0.0020905739 0 0
