0 5 63870.237 1.0059757e-06 2109.883 3.32313e-08
5 10 436710.29 6.8783202e-06 7771.3516 1.2240116e-07
10 15 1167851 1.8394009e-05 19773.617 3.1144049e-07
15 20 2244795.1 3.5356208e-05 44381.041 6.9901493e-07
20 25 3663619.2 5.770312e-05 81504.16 1.2837154e-06
25 30 5412160 8.524317e-05 136303.22 2.1468172e-06
30 35 7481645.9 0.0001178382 215282.98 3.3907726e-06
35 40 9866424.9 0.0001553992 317192.57 4.9958797e-06
40 45 12552682 0.00019770856 448672.46 7.066728e-06
45 50 15527002 0.00024455501 626448.13 9.8667491e-06
50 55 18786243 0.00029588905 807874.67 1.2724273e-05
55 60 22324929 0.00035162445 1019990.9 1.6065168e-05
60 65 26131589 0.0004115805 1264628.1 1.9918279e-05
65 70 30194738 0.00047557633 1531085 2.4115055e-05
70 75 34509508 0.00054353528 1838213.8 2.8952427e-05
75 80 39068775 0.00061534513 2172881.8 3.4223551e-05
80 85 43866728 0.00069091434 2501216.1 3.9394917e-05
85 90 48893959 0.00077009477 2884686.1 4.5434686e-05
90 95 54137424 0.00085268095 3254507.4 5.1259484e-05
95 100 59600070 0.00093871928 3651081.9 5.7505654e-05
100 105 65268289 0.0010279955 4076317.5 6.4203244e-05
105 110 71130139 0.0011203214 4511688.9 7.1060476e-05
110 115 77182250 0.001215644 4980925.8 7.8451101e-05
115 120 83408023 0.0013137018 5431009.1 8.554005e-05
120 125 89808547 0.001414512 5913497 9.3139381e-05
125 130 96367610 0.0015178193 6438013.2 0.00010140067
130 135 1.0309031e+08 0.0016237038 6946347.9 0.0001094071
135 140 1.0997086e+08 0.0017320746 7488015.1 0.00011793852
140 145 1.1696789e+08 0.0018422799 7954403.1 0.00012528427
145 150 1.2409414e+08 0.0019545206 8490278.3 0.00013372447
150 155 1.3132746e+08 0.0020684475 8993743.5 0.0001416542
155 160 1.3870404e+08 0.002184631 9520074.1 0.00014994407
160 165 1.4615872e+08 0.0023020444 10059956 0.00015844737
165 170 1.5371911e+08 0.0024211229 10594721 0.00016687008
170 175 1.6133922e+08 0.0025411418 11057654 0.00017416142
175 180 1.6904585e+08 0.0026625237 11604143 0.0001827688
180 185 1.7682276e+08 0.0027850124 12100389 0.00019058482
185 190 1.8467085e+08 0.0029086222 12569942 0.00019798043
190 195 1.9255547e+08 0.0030328074 13016824 0.00020501895
195 200 2.0046602e+08 0.003157401 13448816 0.00021182295
