0 5 65856.908 1.0103218e-06 0 0
5 10 446034.38 6.8426874e-06 0 0
10 15 1176755.2 1.8052796e-05 0 0
15 20 2232657.1 3.4251562e-05 0 0
20 25 3589564.2 5.50681e-05 0 0
25 30 5227566.4 8.0196963e-05 0 0
30 35 7124523.5 0.0001092985 0 0
35 40 9262428 0.00014209645 0 0
40 45 11623015 0.0001783106 0 0
45 50 14182305 0.00021757309 0 0
50 55 16941581 0.0002599036 0 0
55 60 19881868 0.00030501103 0 0
60 65 22997289 0.00035280523 0 0
65 70 26276932 0.00040311878 0 0
70 75 29729886 0.00045609112 0 0
75 80 33331989 0.00051135157 0 0
80 85 37063302 0.00056859426 0 0
85 90 40917730 0.00062772568 0 0
90 95 44863647 0.00068826066 0 0
95 100 48902393 0.00075021972 0 0
100 105 53017634 0.00081335233 0 0
105 110 57195927 0.0008774522 0 0
110 115 61429528 0.00094240059 0 0
115 120 65711092 0.0010080848 0 0
120 125 70023073 0.0010742356 0 0
125 130 74357222 0.0011407265 0 0
130 135 78729289 0.0012077991 0 0
135 140 83103627 0.0012749065 0 0
140 145 87511258 0.0013425247 0 0
145 150 91937611 0.0014104301 0 0
150 155 96400393 0.0014788944 0 0
155 160 1.0087207e+08 0.0015474952 0 0
160 165 1.0535965e+08 0.0016163399 0 0
165 170 1.0986134e+08 0.001685401 0 0
170 175 1.1438688e+08 0.0017548281 0 0
175 180 1.1888957e+08 0.0018239047 0 0
180 185 1.2341077e+08 0.0018932651 0 0
185 190 1.2790879e+08 0.0019622699 0 0
190 195 1.3241228e+08 0.0020313588 0 0
195 200 1.3689039e+08 0.0021000582 0 0
