0 5 65940.402 1.0125156e-06 2086.8102 3.2042995e-08
5 10 445891.16 6.8466641e-06 13681.527 2.1008001e-07
10 15 1177598.2 1.8082034e-05 48343.642 7.4231719e-07
15 20 2234835.8 3.431593e-05 121352.3 1.863366e-06
20 25 3595578.1 5.5210145e-05 235753.27 3.6199943e-06
25 30 5235011.7 8.0383666e-05 417980.98 6.4181029e-06
30 35 7134150.2 0.00010954496 652791.36 1.0023619e-05
35 40 9269889.8 0.00014233927 966397.56 1.4839046e-05
40 45 11628027 0.0001785485 1353900.4 2.0789157e-05
45 50 14189888 0.0002178859 1817044.3 2.7900736e-05
50 55 16948658 0.00026024684 2360601.5 3.6247064e-05
55 60 19887386 0.00030537104 2969005 4.5589106e-05
60 65 23006629 0.00035326706 3641708.7 5.591848e-05
65 70 26288370 0.00040365823 4353085.3 6.6841676e-05
70 75 29736065 0.00045659762 5098279.5 7.8284142e-05
75 80 33336771 0.00051188651 5887041.9 9.0395597e-05
80 85 37079249 0.0005693523 6747872.8 0.00010361367
85 90 40922281 0.0006283621 7694100.3 0.000118143
90 95 44877237 0.0006890905 8732553.7 0.00013408846
95 100 48916629 0.00075111541 9863772.1 0.00015145834
100 105 53030211 0.00081427952 11096586 0.00017038821
105 110 57206800 0.00087841109 12396107 0.00019034236
110 115 61443123 0.00094345987 13808738 0.00021203334
115 120 65718785 0.0010091127 15324860 0.0002353134
120 125 70030559 0.0010753201 16928476 0.00025993695
125 130 74359628 0.001141793 18594952 0.0002855257
130 135 78718757 0.0012087274 20332328 0.00031220313
135 140 83095050 0.0012759255 22081960 0.00033906876
140 145 87508835 0.0013436992 23894122 0.00036689453
145 150 91942555 0.001411779 25672162 0.00039419635
150 155 96414393 0.0014804441 27468883 0.00042178502
155 160 1.0089926e+08 0.0015493093 29207278 0.0004484781
160 165 1.0539482e+08 0.0016183387 30939086 0.00047507003
165 170 1.099098e+08 0.0016876663 32632173 0.0005010674
170 175 1.1443618e+08 0.0017571688 34318376 0.00052695907
175 180 1.1896345e+08 0.0018266852 35951820 0.00055204063
180 185 1.2348635e+08 0.0018961344 37613569 0.0005775568
185 190 1.2799635e+08 0.0019653854 39303093 0.00060349945
190 195 1.324759e+08 0.002034169 40949689 0.00062878296
195 200 1.3694102e+08 0.002102731 42545606 0.00065328828
