0 5 66171.024 1.0134097e-06 0 0
5 10 447989.62 6.860964e-06 0 0
10 15 1181876.7 1.810045e-05 0 0
15 20 2242523.5 3.4344262e-05 0 0
20 25 3603658.2 5.5190049e-05 0 0
25 30 5244720.6 8.0322931e-05 0 0
30 35 7147681.8 0.0001094668 0 0
35 40 9287249.7 0.00014223429 0 0
40 45 11653044 0.00017846644 0 0
45 50 14229141 0.00021791939 0 0
50 55 16998964 0.00026033925 0 0
55 60 19944172 0.00030544512 0 0
60 65 23074567 0.00035338715 0 0
65 70 26369469 0.00040384859 0 0
70 75 29840204 0.00045700292 0 0
75 80 33457146 0.00051239641 0 0
80 85 37220663 0.0005700347 0 0
85 90 41097836 0.00062941364 0 0
90 95 45065077 0.00069017196 0 0
95 100 49133651 0.00075248219 0 0
100 105 53272971 0.00081587591 0 0
105 110 57479921 0.00088030538 0 0
110 115 61745177 0.00094562779 0 0
115 120 66054915 0.0010116315 0 0
120 125 70396126 0.0010781171 0 0
125 130 74762729 0.0011449917 0 0
130 135 79158235 0.0012123089 0 0
135 140 83570098 0.0012798766 0 0
140 145 88015705 0.0013479611 0 0
145 150 92467012 0.0014161329 0 0
150 155 96969597 0.00148509 0 0
155 160 1.0149913e+08 0.0015544599 0 0
160 165 1.0604543e+08 0.0016240865 0 0
165 170 1.1058902e+08 0.0016936717 0 0
170 175 1.1512501e+08 0.0017631403 0 0
175 180 1.1967942e+08 0.0018328911 0 0
180 185 1.2421601e+08 0.0019023691 0 0
185 190 1.2875112e+08 0.0019718242 0 0
190 195 1.3326655e+08 0.0020409781 0 0
195 200 1.3778115e+08 0.0021101193 0 0
