0 5 65876.209 1.018292e-06 0 0
5 10 443929.01 6.8621034e-06 0 0
10 15 1170949.3 1.8100135e-05 0 0
15 20 2222188.9 3.4349839e-05 0 0
20 25 3572736.8 5.5226148e-05 0 0
25 30 5197835.1 8.0346365e-05 0 0
30 35 7082781.3 0.00010948322 0 0
35 40 9209919.1 0.00014236379 0 0
40 45 11548947 0.00017851969 0 0
45 50 14102867 0.00021799731 0 0
50 55 16843622 0.00026036297 0 0
55 60 19769158 0.00030558491 0 0
60 65 22866732 0.00035346616 0 0
65 70 26138799 0.00040404465 0 0
70 75 29576456 0.00045718278 0 0
75 80 33164445 0.00051264469 0 0
80 85 36889814 0.00057023018 0 0
85 90 40732998 0.00062963681 0 0
90 95 44664652 0.00069041097 0 0
95 100 48702261 0.00075282295 0 0
100 105 52801568 0.00081618864 0 0
105 110 56969455 0.00088061442 0 0
110 115 61192310 0.00094588987 0 0
115 120 65463212 0.001011908 0 0
120 125 69759229 0.0010783144 0 0
125 130 74087643 0.0011452215 0 0
130 135 78439973 0.0012124984 0 0
135 140 82824608 0.0012802746 0 0
140 145 87232203 0.0013484057 0 0
145 150 91656048 0.001416788 0 0
150 155 96111952 0.0014856658 0 0
155 160 1.0057911e+08 0.0015547177 0 0
160 165 1.0505563e+08 0.0016239141 0 0
165 170 1.0955023e+08 0.0016933902 0 0
170 175 1.1403507e+08 0.0017627152 0 0
175 180 1.1852716e+08 0.0018321524 0 0
180 185 1.2303081e+08 0.0019017683 0 0
185 190 1.2751369e+08 0.0019710632 0 0
190 195 1.3198318e+08 0.002040151 0 0
195 200 1.3643402e+08 0.0021089506 0 0
