0 5 65982.429 1.0181255e-06 1760.0816 2.7158501e-08
5 10 445063 6.867434e-06 12234.611 1.8878313e-07
10 15 1171962.4 1.8083675e-05 48063.85 7.4163729e-07
15 20 2221924.5 3.4284854e-05 121396.98 1.873186e-06
20 25 3572700 5.5127659e-05 238885.45 3.6860625e-06
25 30 5203844.6 8.0296631e-05 413878.57 6.3862505e-06
30 35 7091418.6 0.00010942237 655268.89 1.0110964e-05
35 40 9216700.4 0.000142216 959361.82 1.4803194e-05
40 45 11563867 0.00017843338 1340742.4 2.0687993e-05
45 50 14117968 0.00021784379 1787103.6 2.7575459e-05
50 55 16861320 0.0002601744 2310750 3.5655454e-05
55 60 19784294 0.00030527663 2913928.8 4.4962654e-05
60 65 22884297 0.00035311046 3557690.5 5.4896059e-05
65 70 26154132 0.00040356483 4255036.1 6.5656276e-05
70 75 29588079 0.0004565515 4976864 7.6794264e-05
75 80 33168049 0.00051179133 5755414.6 8.8807495e-05
80 85 36891116 0.0005692392 6609963.1 0.00010199339
85 90 40716158 0.00062826055 7547351 0.00011645752
90 95 44641842 0.00068883486 8599017 0.00013268499
95 100 48660667 0.00075084633 9727746.3 0.00015010157
100 105 52750389 0.00081395176 10959334 0.00016910528
105 110 56904514 0.00087805096 12285284 0.00018956502
110 115 61103164 0.00094283719 13686397 0.00021118454
115 120 65360446 0.0010085281 15171477 0.00023409971
120 125 69661398 0.0010748929 16753919 0.00025851719
125 130 73981982 0.0011415606 18404568 0.00028398711
130 135 78329542 0.0012086445 20091855 0.00031002238
135 140 82702337 0.0012761179 21817020 0.00033664211
140 145 87105345 0.0013440574 23582313 0.00036388103
145 150 91541166 0.0014125032 25316482 0.00039063968
150 155 95992190 0.0014811836 27081367 0.0004178723
155 160 1.0046859e+08 0.0015502556 28835647 0.00044494129
160 165 1.0496467e+08 0.0016196312 30546508 0.0004713403
165 170 1.0944992e+08 0.0016888398 32262944 0.00049782534
170 175 1.1394388e+08 0.0017581828 33990705 0.00052448513
175 180 1.1845132e+08 0.0018277336 35692901 0.00055075045
180 185 1.2292377e+08 0.0018967446 37353671 0.00057637654
185 190 1.2740278e+08 0.0019658569 39023852 0.00060214786
190 195 1.3187854e+08 0.002034919 40699766 0.00062800763
195 200 1.3631782e+08 0.0021034182 42290175 0.00065254803
