0 5 65292.854 1.007761e-06 1776.999 2.7427049e-08
5 10 441278.43 6.8109014e-06 13665.431 2.1091877e-07
10 15 1165273.5 1.7985385e-05 48584.535 7.4987684e-07
15 20 2211183.5 3.4128459e-05 117640.1 1.8157133e-06
20 25 3554421.2 5.4860628e-05 240602.14 3.713568e-06
25 30 5175907 7.9887413e-05 414215.16 6.3931939e-06
30 35 7048895 0.000108796 654619.08 1.0103702e-05
35 40 9158090.9 0.00014135033 960029.49 1.4817552e-05
40 45 11486412 0.00017728675 1338751.2 2.0662924e-05
45 50 14023755 0.00021644931 1797486.3 2.774326e-05
50 55 16746483 0.00025847319 2330724.1 3.5973506e-05
55 60 19658629 0.00030342063 2922485.8 4.5107036e-05
60 65 22741244 0.00035099919 3569693.5 5.5096348e-05
65 70 25993787 0.00040120049 4265283.9 6.5832421e-05
70 75 29410244 0.00045393171 4985533.3 7.6949094e-05
75 80 32976786 0.00050897941 5768719 8.9037155e-05
80 85 36680741 0.00056614801 6614563.6 0.00010209232
85 90 40493658 0.00062499839 7526839.3 0.00011617282
90 95 44409331 0.00068543475 8563388.3 0.00013217141
95 100 48414415 0.00074725113 9658033.2 0.00014906668
100 105 52491201 0.00081017419 10897089 0.00016819086
105 110 56641576 0.00087423304 12223913 0.0001886697
110 115 60840742 0.00093904497 13612904 0.00021010804
115 120 65075490 0.0010044061 15104958 0.00023313711
120 125 69356086 0.0010704749 16677393 0.00025740683
125 130 73644545 0.001136665 18307675 0.00028256937
130 135 77979791 0.0012035772 19974568 0.000308297
135 140 82346757 0.001270979 21727668 0.00033535517
140 145 86718623 0.0013384565 23489528 0.00036254856
145 150 91122426 0.0014064269 25249915 0.0003897192
150 155 95553583 0.0014748195 26971041 0.00041628388
155 160 1.0000855e+08 0.0015435796 28709830 0.00044312118
160 165 1.0448975e+08 0.0016127445 30377887 0.00046886677
165 170 1.089642e+08 0.0016818054 32067639 0.00049494721
170 175 1.1345306e+08 0.0017510885 33755062 0.0005209917
175 180 1.1795087e+08 0.0018205099 35414388 0.00054660252
180 185 1.2245134e+08 0.0018899723 37081672 0.00057233617
185 190 1.269181e+08 0.0019589144 38711501 0.00059749174
190 195 1.3138621e+08 0.0020278773 40372986 0.00062313589
195 200 1.3584794e+08 0.0020967418 41983771 0.00064799751
