0 5 66214.046 1.0135555e-06 1868.62 2.860345e-08
5 10 447305.86 6.8470266e-06 13968.47 2.1381898e-07
10 15 1179638.1 1.8057025e-05 46948.806 7.1865753e-07
15 20 2236917.8 3.424108e-05 120554.53 1.8453594e-06
20 25 3598755.7 5.5087084e-05 232766.26 3.5630133e-06
25 30 5241052.4 8.0226145e-05 410714.28 6.2869098e-06
30 35 7139907.9 0.00010929242 655306.58 1.0030947e-05
35 40 9282637.6 0.00014209174 970284.32 1.4852393e-05
40 45 11644394 0.00017824375 1349250.7 2.0653329e-05
45 50 14210873 0.00021752951 1807541.1 2.76685e-05
50 55 16974358 0.0002598309 2351316.2 3.5992205e-05
55 60 19919950 0.00030491983 2958138.7 4.5280995e-05
60 65 23039240 0.00035266761 3617038.9 5.5366951e-05
65 70 26327030 0.00040299467 4321283.4 6.6147004e-05
70 75 29780094 0.0004558516 5060056.1 7.7455589e-05
75 80 33383347 0.00051100753 5843060.5 8.9441239e-05
80 85 37129179 0.00056834596 6690156.8 0.00010240796
85 90 40994387 0.00062751169 7624070 0.00011670361
90 95 44959650 0.000688209 8660290.5 0.00013256531
95 100 49002217 0.00075008962 9811556.9 0.00015018804
100 105 53127136 0.00081323082 11042335 0.00016902788
105 110 57323420 0.00087746443 12382257 0.00018953842
110 115 61556972 0.0009422685 13805443 0.00021132349
115 120 65835524 0.0010077614 15288565 0.00023402602
120 125 70162506 0.0010739956 16873419 0.0002582858
125 130 74512886 0.001140588 18548242 0.00028392274
130 135 78885594 0.0012075222 20278016 0.00031040084
135 140 83293460 0.0012749946 22035042 0.00033729609
140 145 87715424 0.0013426827 23810482 0.00036447321
145 150 92176549 0.0014109703 25586102 0.00039165308
150 155 96653268 0.0014794966 27351824 0.00041868146
155 160 1.0113864e+08 0.0015481553 29118794 0.00044572892
160 165 1.056405e+08 0.0016170665 30890777 0.00047285311
165 170 1.101721e+08 0.0016864329 32616871 0.00049927489
170 175 1.1468259e+08 0.0017554761 34349795 0.00052580119
175 180 1.1919014e+08 0.0018244742 36065764 0.00055206798
180 185 1.2371084e+08 0.0018936739 37740069 0.000577697
185 190 1.2819094e+08 0.0019622519 39432643 0.00060360567
190 195 1.3268569e+08 0.0020310542 41065797 0.00062860478
195 200 1.3714934e+08 0.0020993804 42676234 0.00065325615
