0 5 66234.622 1.0150345e-06 2570.1864 3.9387675e-08
5 10 447676.77 6.8605714e-06 13323.174 2.0417542e-07
10 15 1178078.2 1.8053851e-05 48377.706 7.4138024e-07
15 20 2236134.2 3.4268382e-05 126711.16 1.9418273e-06
20 25 3596130.2 5.5110092e-05 245080.75 3.7558214e-06
25 30 5229877 8.0146988e-05 424529.16 6.5058382e-06
30 35 7125374 0.00010919516 666492.43 1.0213885e-05
35 40 9257755.8 0.00014187356 979220.25 1.5006386e-05
40 45 11615143 0.00017800012 1359389.7 2.0832419e-05
45 50 14181472 0.00021732869 1817655.7 2.7855269e-05
50 55 16940928 0.00025961688 2345858.7 3.5949891e-05
55 60 19883217 0.00030470697 2952346.5 4.5244215e-05
60 65 22998044 0.00035244117 3616528 5.5422685e-05
65 70 26286304 0.00040283321 4314268.9 6.6115448e-05
70 75 29740674 0.00045577085 5049280.3 7.7379374e-05
75 80 33346955 0.0005110365 5809298.3 8.9026523e-05
80 85 37083994 0.00056830599 6652157 0.00010194319
85 90 40938515 0.00062737588 7577148.4 0.00011611853
90 95 44900269 0.00068808909 8601364.8 0.00013181447
95 100 48947452 0.00075011149 9749440.4 0.00014940854
100 105 53083935 0.0008135024 10967971 0.00016808231
105 110 57274830 0.00087772717 12276735 0.00018813891
110 115 61524693 0.00094285561 13680997 0.00020965899
115 120 65820521 0.0010086885 15162993 0.00023237033
120 125 70163605 0.0010752455 16747107 0.00025664661
125 130 74532492 0.0011421979 18373015 0.00028156337
130 135 78932586 0.0012096287 20093661 0.00030793198
135 140 83345528 0.0012772562 21862111 0.00033503319
140 145 87800354 0.0013455257 23604699 0.00036173805
145 150 92283811 0.0014142339 25368005 0.00038876042
150 155 96786098 0.0014832307 27134125 0.00041582591
155 160 1.013142e+08 0.0015526231 28892024 0.00044276542
160 165 1.0584334e+08 0.0016220315 30596286 0.00046888295
165 170 1.1038537e+08 0.0016916374 32343988 0.0004956662
170 175 1.1493397e+08 0.0017613438 34095308 0.00052250488
175 180 1.1947677e+08 0.0018309615 35808903 0.00054876543
180 185 1.2400215e+08 0.0019003122 37539762 0.00057529056
185 190 1.2853378e+08 0.0019697587 39233947 0.00060125366
190 195 1.3302671e+08 0.002038612 40912681 0.00062697997
195 200 1.3752261e+08 0.0021075109 42544055 0.00065198051
