0 5 64351.711 1.0071377e-06 0 0
5 10 436963.76 6.8387099e-06 0 0
10 15 1168211.2 1.8283113e-05 0 0
15 20 2247155.9 3.5169157e-05 0 0
20 25 3669342 5.7427109e-05 0 0
25 30 5418002.8 8.4794558e-05 0 0
30 35 7490288.5 0.00011722691 0 0
35 40 9870030.3 0.0001544711 0 0
40 45 12552820 0.00019645816 0 0
45 50 15528602 0.00024303069 0 0
50 55 18787681 0.00029403696 0 0
55 60 22324373 0.00034938804 0 0
60 65 26130698 0.00040895899 0 0
65 70 30192021 0.00047252082 0 0
70 75 34502650 0.0005399844 0 0
75 80 39058825 0.00061129091 0 0
80 85 43858840 0.00068641363 0 0
85 90 48869556 0.00076483393 0 0
90 95 54101203 0.00084671193 0 0
95 100 59548815 0.00093196988 0 0
100 105 65203324 0.0010204659 0 0
105 110 71040214 0.0011118162 0 0
110 115 77057390 0.0012059882 0 0
115 120 83280713 0.0013033864 0 0
120 125 89656257 0.001403167 0 0
125 130 96197542 0.0015055415 0 0
130 135 1.0290885e+08 0.0016105769 0 0
135 140 1.0974503e+08 0.0017175667 0 0
140 145 1.1673312e+08 0.001826934 0 0
145 150 1.2383274e+08 0.0019380467 0 0
150 155 1.3104833e+08 0.0020509745 0 0
155 160 1.3837967e+08 0.0021657138 0 0
160 165 1.4582464e+08 0.0022822313 0 0
165 170 1.5335103e+08 0.0024000233 0 0
170 175 1.6098874e+08 0.0025195574 0 0
175 180 1.6866599e+08 0.0026397104 0 0
180 185 1.7644077e+08 0.0027613898 0 0
185 190 1.8426615e+08 0.002883861 0 0
190 195 1.9215574e+08 0.0030073372 0 0
195 200 2.000823e+08 0.0031313919 0 0
