0 5 64067.893 1.0090496e-06 2125.0261 3.3468507e-08
5 10 436840.98 6.8801112e-06 7614.1424 1.199204e-07
10 15 1169547 1.8420006e-05 19012.298 2.9943785e-07
15 20 2248026.6 3.5405728e-05 48759.494 7.6794704e-07
20 25 3667764 5.7766155e-05 83234.744 1.3109216e-06
25 30 5417698.1 8.5327079e-05 140237.46 2.2086969e-06
30 35 7488247.9 0.0001179376 219971.68 3.4644863e-06
35 40 9869246.8 0.0001554376 320614.82 5.0495848e-06
40 45 12549191 0.0001976459 463306.55 7.2969356e-06
45 50 15522667 0.00024447723 634379.45 9.9912813e-06
50 55 18777965 0.00029574718 831311.54 1.3092901e-05
55 60 22308786 0.00035135653 1051489.6 1.6560638e-05
60 65 26102834 0.0004111116 1309602.3 2.0625833e-05
65 70 30147970 0.00047482126 1591872.5 2.5071503e-05
70 75 34438289 0.00054239246 1916406.8 3.0182818e-05
75 80 38980686 0.00061393382 2250013.1 3.5437014e-05
80 85 43766064 0.00068930206 2591723.1 4.0818841e-05
85 90 48764284 0.00076802248 2974246.1 4.6843461e-05
90 95 53984420 0.00085023802 3366370.8 5.3019305e-05
95 100 59420538 0.00093585521 3775568.7 5.9464046e-05
100 105 65061569 0.0010246997 4205921.9 6.6241976e-05
105 110 70878649 0.0011163169 4658251.3 7.3366025e-05
110 115 76900551 0.00121116 5132990 8.0843014e-05
115 120 83071990 0.0013083583 5603333.6 8.8250781e-05
120 125 89434150 0.0014085604 6068158.9 9.5571637e-05
125 130 95955090 0.0015112632 6550296.6 0.00010316516
130 135 1.0262498e+08 0.0016163119 7072882.1 0.00011139572
135 140 1.0944875e+08 0.0017237841 7570960.1 0.00011924029
140 145 1.1639354e+08 0.0018331624 8082156.7 0.00012729148
145 150 1.2347999e+08 0.0019447719 8615888.3 0.00013569759
150 155 1.306796e+08 0.0020581635 9145735 0.00014404251
155 160 1.3797219e+08 0.0021730196 9669601.1 0.00015229324
160 165 1.4540752e+08 0.0022901238 10116215 0.00015932727
165 170 1.529148e+08 0.0024083611 10634214 0.00016748561
170 175 1.6049788e+08 0.0025277922 11162032 0.00017579857
175 180 1.6817588e+08 0.0026487185 11594651 0.0001826122
180 185 1.759076e+08 0.0027704906 12050358 0.00018978943
185 190 1.8372893e+08 0.0028936741 12495180 0.00019679524
190 195 1.9159113e+08 0.0030175013 12896613 0.00020311769
195 200 1.9950111e+08 0.0031420811 13303277 0.00020952253
