0 5 65909.049 1.0072576e-06 1952.198 2.983454e-08
5 10 445772.23 6.8125312e-06 13545.242 2.0700569e-07
10 15 1174412.2 1.7947999e-05 48889.114 7.4714976e-07
15 20 2230523.9 3.4088067e-05 123864.29 1.8929607e-06
20 25 3585742 5.4799239e-05 238359.44 3.6427373e-06
25 30 5220774.2 7.9786681e-05 414940.9 6.3413502e-06
30 35 7110673.1 0.00010866913 655042.37 1.001071e-05
35 40 9244140 0.00014127392 974551.37 1.4893619e-05
40 45 11593911 0.00017718439 1357319 2.0743279e-05
45 50 14155404 0.0002163305 1821682.6 2.7839935e-05
50 55 16902470 0.00025831265 2354134.9 3.5977157e-05
55 60 19838069 0.00030317605 2948472.5 4.5060144e-05
60 65 22945896 0.00035067153 3593398.3 5.4916248e-05
65 70 26228673 0.00040084071 4301314.9 6.573501e-05
70 75 29673802 0.00045349101 5039343.4 7.7013959e-05
75 80 33256919 0.00050825014 5835497.9 8.918122e-05
80 85 36970613 0.00056500481 6708590.9 0.0001025243
85 90 40801354 0.00062354825 7653850.7 0.00011697027
90 95 44739668 0.00068373568 8673497.9 0.00013255306
95 100 48758700 0.00074515669 9823457.8 0.00015012737
100 105 52855791 0.00080777065 11057416 0.00016898538
105 110 57026373 0.00087150773 12393822 0.00018940906
110 115 61239221 0.00093589075 13793849 0.00021080503
115 120 65498549 0.0010009841 15294248 0.00023373493
120 125 69809198 0.0010668617 16890232 0.00025812562
125 130 74131047 0.0011329106 18537978 0.00028330735
130 135 78488197 0.0011994989 20279346 0.00030991989
135 140 82864903 0.001266386 22054100 0.00033704263
140 145 87285369 0.001333942 23804622 0.00036379505
145 150 91722492 0.0014017525 25592878 0.00039112413
150 155 96178912 0.0014698579 27383645 0.0004184916
155 160 1.0066121e+08 0.0015383587 29122280 0.00044506235
160 165 1.051777e+08 0.0016073822 30881167 0.00047194261
165 170 1.096851e+08 0.0016762668 32587780 0.000498024
170 175 1.1420643e+08 0.0017453641 34256559 0.00052352718
175 180 1.1874085e+08 0.0018146617 35974511 0.00054978185
180 185 1.2327402e+08 0.0018839399 37654040 0.00057544931
185 190 1.2778337e+08 0.0019528543 39323589 0.00060096425
190 195 1.3227827e+08 0.0020215478 40925772 0.00062544968
195 200 1.3677952e+08 0.0020903383 42539977 0.00065011883
