0 5 64530.392 1.0018179e-06 0 0
5 10 439385.29 6.8213447e-06 0 0
10 15 1176597.3 1.8266374e-05 0 0
15 20 2262818.6 3.5129682e-05 0 0
20 25 3689778.2 5.7282867e-05 0 0
25 30 5451804.5 8.4637876e-05 0 0
30 35 7537355.6 0.00011701553 0 0
35 40 9931644.9 0.00015418626 0 0
40 45 12627433 0.00019603768 0 0
45 50 15625855 0.00024258743 0 0
50 55 18902124 0.00029345066 0 0
55 60 22459199 0.00034867335 0 0
60 65 26286647 0.0004080935 0 0
65 70 30369970 0.00047148605 0 0
70 75 34702318 0.00053874466 0 0
75 80 39286419 0.00060991165 0 0
80 85 44111009 0.00068481219 0 0
85 90 49165978 0.00076328929 0 0
90 95 54437931 0.00084513501 0 0
95 100 59924431 0.00093031153 0 0
100 105 65628379 0.0010188639 0 0
105 110 71529747 0.0011104811 0 0
110 115 77611335 0.0012048962 0 0
115 120 83873214 0.0013021103 0 0
120 125 90316072 0.001402134 0 0
125 130 96920528 0.0015046665 0 0
130 135 1.0367346e+08 0.001609504 0 0
135 140 1.1058229e+08 0.0017167619 0 0
140 145 1.1761525e+08 0.0018259468 0 0
145 150 1.247873e+08 0.0019372911 0 0
150 155 1.3206577e+08 0.0020502874 0 0
155 160 1.3945305e+08 0.0021649731 0 0
160 165 1.4695397e+08 0.002281423 0 0
165 170 1.5455621e+08 0.0023994458 0 0
170 175 1.6223379e+08 0.0025186383 0 0
175 180 1.6999849e+08 0.0026391833 0 0
180 185 1.7783289e+08 0.0027608104 0 0
185 190 1.8572091e+08 0.0028832699 0 0
190 195 1.9364999e+08 0.0030063668 0 0
195 200 2.0163873e+08 0.0031303899 0 0
