0 5 65669.902 1.014264e-06 0 0
5 10 445052.55 6.8737852e-06 0 0
10 15 1174322.5 1.8137275e-05 0 0
15 20 2228279.7 3.4415522e-05 0 0
20 25 3584928 5.5368798e-05 0 0
25 30 5220589.9 8.0631407e-05 0 0
30 35 7109709.7 0.00010980864 0 0
35 40 9239239.4 0.00014269899 0 0
40 45 11592988 0.00017905236 0 0
45 50 14150654 0.00021855522 0 0
50 55 16905364 0.0002611014 0 0
55 60 19838446 0.0003064025 0 0
60 65 22956477 0.00035456013 0 0
65 70 26236156 0.0004052144 0 0
70 75 29693009 0.00045860509 0 0
75 80 33296496 0.00051426053 0 0
80 85 37041763 0.00057210575 0 0
85 90 40895393 0.00063162462 0 0
90 95 44860376 0.00069286333 0 0
95 100 48914180 0.00075547385 0 0
100 105 53046325 0.00081929436 0 0
105 110 57243228 0.00088411504 0 0
110 115 61503417 0.00094991317 0 0
115 120 65803070 0.0010163208 0 0
120 125 70147743 0.0010834238 0 0
125 130 74506653 0.0011507466 0 0
130 135 78900781 0.0012186134 0 0
135 140 83315457 0.0012867976 0 0
140 145 87759873 0.0013554411 0 0
145 150 92224245 0.0014243928 0 0
150 155 96706100 0.0014936145 0 0
155 160 1.0120245e+08 0.0015630602 0 0
160 165 1.0572575e+08 0.001632922 0 0
165 170 1.1025481e+08 0.0017028728 0 0
170 175 1.1478439e+08 0.0017728317 0 0
175 180 1.1931144e+08 0.0018427515 0 0
180 185 1.2383072e+08 0.0019125511 0 0
185 190 1.2832776e+08 0.0019820075 0 0
190 195 1.3280878e+08 0.0020512162 0 0
195 200 1.3727061e+08 0.0021201287 0 0
