0 5 303254 1.3359418e-05 -2785.9024 -1.2272892e-07
5 10 427214 1.8820298e-05 -12920.694 -5.6920255e-07
10 15 584644 2.575565e-05 -10470.273 -4.6125281e-07
15 20 788710 3.4745484e-05 2507.93 1.1048325e-07
20 25 1082930 4.7706922e-05 8131.6295 3.5822723e-07
25 30 1557056 6.859386e-05 23497.188 1.0351348e-06
30 35 2376278 0.00010468351 94314.884 4.1549064e-06
35 40 3295272 0.00014516846 238878.05 1.0523429e-05
40 45 4131786 0.00018201988 340049.34 1.4980384e-05
45 50 4994178 0.00022001132 492692.28 2.1704849e-05
50 55 5936608 0.00026152872 687871.04 3.0303168e-05
55 60 6932384 0.0003053962 886752.44 3.9064602e-05
60 65 7968044 0.00035102071 1050369.6 4.6272519e-05
65 70 9054868 0.00039889917 1265143.7 5.5734084e-05
70 75 10198042 0.00044926006 1565679.8 6.8973767e-05
75 80 11383868 0.00050149992 1801923.6 7.9381151e-05
80 85 12615534 0.00055575919 2097442.3 9.2399801e-05
85 90 13870376 0.00061103945 2422384.7 0.00010671467
90 95 15168150 0.00066821101 2840504.1 0.00012513432
95 100 16478786 0.00072594919 3124905.5 0.00013766321
100 105 17796576 0.00078400253 3451625.4 0.00015205639
105 110 19116130 0.00084213359 3952257.2 0.000174111
110 115 20444044 0.00090063293 4348265 0.00019155655
115 120 21816546 0.00096109653 4816378.5 0.00021217862
120 125 23167840 0.0010206258 5186913.4 0.000228502
125 130 24512238 0.0010798514 5623229.5 0.00024772328
130 135 25874342 0.0011398569 6083900.9 0.0002680175
135 140 27244938 0.0012002365 6538576 0.00028804755
140 145 28532918 0.0012569766 7057708.2 0.00031091718
145 150 29938812 0.0013189113 7592192.2 0.0003344631
150 155 31288720 0.0013783795 7987275.9 0.00035186794
155 160 32644858 0.0014381222 8447473.7 0.00037214129
160 165 34031394 0.0014992041 8765505.3 0.00038615172
165 170 35382622 0.0015587305 9233910.7 0.00040678664
170 175 36718156 0.0016175655 9681038.3 0.00042648421
175 180 38074320 0.0016773094 10063648 0.00044333953
180 185 39514584 0.0017407581 10576925 0.00046595121
185 190 40833842 0.0017988761 10995297 0.00048438197
190 195 42107334 0.001854978 11171748 0.0004921553
195 200 43365466 0.0019104032 11423427 0.00050324265
