0 5 366964 1.2745505e-05 5153.6737 1.7899895e-07
5 10 522476 1.8146794e-05 -5492.107 -1.9075352e-07
10 15 727942 2.5283101e-05 -15793.4 -5.4854115e-07
15 20 993432 3.450418e-05 -37755.35 -1.3113302e-06
20 25 1369016 4.7549077e-05 -49499.785 -1.7192415e-06
25 30 1991142 6.9156945e-05 -79079.797 -2.7466234e-06
30 35 3072416 0.00010671208 -79191.645 -2.7505082e-06
35 40 4289950 0.00014899984 23920.785 8.3082393e-07
40 45 5461642 0.0001896954 128690.8 4.4697276e-06
45 50 6700900 0.00023273768 143471.55 4.9830972e-06
50 55 8060392 0.00027995597 248011.71 8.6140176e-06
55 60 9534920 0.00033116972 278594.74 9.6762368e-06
60 65 11143450 0.00038703767 283472.32 9.8456462e-06
65 70 12822612 0.00044535883 394879.32 1.3715068e-05
70 75 14597122 0.00050699165 569901.9 1.9794005e-05
75 80 16499262 0.00057305735 683569.56 2.3741944e-05
80 85 18509386 0.00064287359 837524.54 2.9089155e-05
85 90 20598828 0.00071544472 897311.12 3.1165681e-05
90 95 22753892 0.00079029505 957401.05 3.3252743e-05
95 100 25031826 0.00086941294 1050012.6 3.6469354e-05
100 105 27331084 0.00094927147 1011081.4 3.5117184e-05
105 110 29750956 0.0010333192 1076052.9 3.7373793e-05
110 115 32188078 0.001117966 1110438.4 3.8568081e-05
115 120 34750032 0.0012069486 1152726.5 4.0036844e-05
120 125 37314130 0.0012960056 1195629.8 4.1526976e-05
125 130 39957316 0.0013878096 1334963.6 4.6366359e-05
130 135 42675892 0.001482232 1312640.7 4.5591033e-05
135 140 45445576 0.0015784295 1343861.4 4.6675399e-05
140 145 48245758 0.0016756862 1392718.3 4.8372314e-05
145 150 51100654 0.0017748434 1414262.3 4.9120585e-05
150 155 54023806 0.0018763712 1304040.5 4.5292327e-05
155 160 56981882 0.0019791119 1336434.3 4.6417438e-05
160 165 59899886 0.0020804609 1232059.3 4.2792255e-05
165 170 62876768 0.0021838549 953836.28 3.312893e-05
170 175 65892398 0.0022885947 971769.91 3.3751806e-05
175 180 68903164 0.0023931655 722112.72 2.5080637e-05
180 185 71954740 0.0024991538 768364.47 2.6687067e-05
185 190 75110178 0.0026087494 653810.11 2.270833e-05
190 195 78177286 0.0027152771 438864.77 1.5242784e-05
195 200 81182694 0.0028196619 25662.46 8.913163e-07
