0 5 367154 1.2527695e-05 9715.3714 3.3149908e-07
5 10 530978 1.8117549e-05 -10793.594 -3.6828921e-07
10 15 739762 2.5241487e-05 -31378.189 -1.0706581e-06
15 20 1010506 3.4479568e-05 -45418.504 -1.549729e-06
20 25 1404072 4.790847e-05 -53031.726 -1.8095004e-06
25 30 2039932 6.9604707e-05 -80650.238 -2.7518742e-06
30 35 3155522 0.00010766986 -49153.171 -1.6771599e-06
35 40 4425520 0.00015100357 51119.192 1.7442426e-06
40 45 5595122 0.00019091167 126027.26 4.3001876e-06
45 50 6848424 0.0002336757 195506.55 6.6708969e-06
50 55 8226446 0.00028069532 229467.8 7.8296921e-06
55 60 9752422 0.00033276329 341247.58 1.164374e-05
60 65 11375816 0.00038815526 413993.22 1.4125901e-05
65 70 13145042 0.00044852319 485067.76 1.6551041e-05
70 75 14957432 0.00051036391 544729.01 1.8586749e-05
75 80 16880072 0.00057596649 561568.55 1.9161332e-05
80 85 18921684 0.00064562852 520887.01 1.7773234e-05
85 90 21058358 0.00071853417 722197.98 2.4642184e-05
90 95 23288036 0.00079461322 847256.93 2.8909332e-05
95 100 25606976 0.00087373798 1033005.4 3.5247271e-05
100 105 27945874 0.00095354374 1055243.5 3.6006061e-05
105 110 30378066 0.0010365328 1179407 4.0242656e-05
110 115 32884370 0.0011220506 1097509.5 3.7448224e-05
115 120 35485538 0.0012108053 1225447.7 4.1813614e-05
120 125 38159184 0.001302033 1311603.7 4.4753349e-05
125 130 40879240 0.0013948443 1269383.5 4.3312752e-05
130 135 43600812 0.0014877073 1286546.2 4.389836e-05
135 140 46390888 0.0015829078 1369579.9 4.6731562e-05
140 145 49286426 0.0016817067 1423092.8 4.8557479e-05
145 150 52173124 0.001780204 1393100.1 4.7534097e-05
150 155 55128352 0.0018810396 1350299.4 4.6073692e-05
155 160 58054252 0.0019808745 1378333.4 4.7030242e-05
160 165 61135612 0.0020860138 1337420.2 4.5634238e-05
165 170 64166314 0.0021894247 1303216.6 4.4467172e-05
170 175 67197248 0.0022928435 1152199.7 3.9314311e-05
175 180 70313694 0.00239918 1013939.9 3.4596736e-05
180 185 73428152 0.0025054487 888253.36 3.0308175e-05
185 190 76452246 0.0026086341 813670.92 2.776334e-05
190 195 79582958 0.0027154574 698960.27 2.3849288e-05
195 200 82803470 0.0028253448 347948.74 1.1872391e-05
