0 5 363310 1.2565662e-05 8251.8973 2.8540517e-07
5 10 522500 1.8071505e-05 -7577.6785 -2.6208623e-07
10 15 724762 2.5067062e-05 -12517.479 -4.3293718e-07
15 20 992362 3.432244e-05 -15772.13 -5.4550455e-07
20 25 1376166 4.759692e-05 -35290.813 -1.2205897e-06
25 30 1997868 6.9099486e-05 -48726.729 -1.6852925e-06
30 35 3086952 0.00010676721 -37000.568 -1.2797243e-06
35 40 4347776 0.00015037484 34560.695 1.1953374e-06
40 45 5529376 0.00019124238 81854.805 2.8310804e-06
45 50 6760686 0.00023382922 71209.36 2.4628905e-06
50 55 8096414 0.00028002753 229352.19 7.9325153e-06
55 60 9553194 0.00033041262 308974.03 1.0686365e-05
60 65 11142238 0.00038537226 374845.16 1.2964624e-05
65 70 12885990 0.00044568274 420341.92 1.4538203e-05
70 75 14712002 0.00050883831 473390.59 1.6372977e-05
75 80 16590090 0.00057379501 550701.76 1.9046908e-05
80 85 18594810 0.00064313148 697811.92 2.413495e-05
85 90 20686448 0.00071547415 726418.62 2.5124359e-05
90 95 22852638 0.00079039533 741380.84 2.5641851e-05
95 100 25160864 0.00087022904 880828.29 3.0464866e-05
100 105 27541676 0.00095257327 1003526 3.4708564e-05
105 110 29985024 0.0010370804 1047217.5 3.6219704e-05
110 115 32512746 0.0011245057 1060887.2 3.6692493e-05
115 120 35051114 0.0012122993 1067757.9 3.6930129e-05
120 125 37673606 0.0013030024 1206925 4.1743445e-05
125 130 40317982 0.0013944624 1278703.5 4.4226021e-05
130 135 43065484 0.0014894892 1294395 4.4768739e-05
135 140 45849648 0.001585784 1264984.8 4.375154e-05
140 145 48672020 0.0016834003 948156.26 3.2793513e-05
145 150 51586000 0.001784185 777446.36 2.6889236e-05
150 155 54590640 0.0018881053 901254.78 3.117135e-05
155 160 57572474 0.0019912368 1008141.7 3.4868205e-05
160 165 60544368 0.0020940246 833768.37 2.8837223e-05
165 170 63573470 0.0021987909 819360.53 2.8338905e-05
170 175 66620880 0.0023041905 633707.98 2.1917812e-05
175 180 69668284 0.0024095899 197295.46 6.8237817e-06
180 185 72789544 0.0025175437 -189616.29 -6.5581851e-06
185 190 75965492 0.002627389 -212449.21 -7.3478984e-06
190 195 79053324 0.0027341867 -341233.89 -1.1802124e-05
195 200 82256816 0.0028449846 -273355.82 -9.4544518e-06
