0 5 366230 1.2451469e-05 10549.713 3.5868014e-07
5 10 534646 1.8177452e-05 -2286.0709 -7.7724222e-08
10 15 735746 2.501466e-05 -22041.344 -7.493846e-07
15 20 1002920 3.409832e-05 -41057.105 -1.3959023e-06
20 25 1400968 4.7631571e-05 -56056.682 -1.9058735e-06
25 30 2040866 6.938749e-05 -70053.883 -2.381765e-06
30 35 3153252 0.00010720755 -18705.796 -6.3597917e-07
35 40 4418568 0.00015022708 26184.817 8.902587e-07
40 45 5607126 0.00019063692 128739.12 4.3770067e-06
45 50 6848932 0.00023285713 194123.18 6.6000022e-06
50 55 8237104 0.00028005365 275538.83 9.3680563e-06
55 60 9755050 0.00033166236 354569.29 1.2055016e-05
60 65 11349158 0.00038586051 403589.78 1.3721666e-05
65 70 13112256 0.00044580415 437686.87 1.4880934e-05
70 75 14967300 0.00050887387 494114.73 1.6799428e-05
75 80 16924222 0.00057540734 558305.47 1.8981851e-05
80 85 18985560 0.00064549086 654093.68 2.2238559e-05
85 90 21142208 0.00071881483 802200.07 2.7274034e-05
90 95 23353812 0.00079400725 861791.52 2.9300087e-05
95 100 25648310 0.00087201798 988891.45 3.3621362e-05
100 105 28048748 0.00095363058 1028012.7 3.4951448e-05
105 110 30512746 0.0010374041 1114154.2 3.7880177e-05
110 115 33049722 0.0011236589 1121760.9 3.8138797e-05
115 120 35612854 0.0012108029 1186487 4.0339423e-05
120 125 38265990 0.001301007 1157954.7 3.9369351e-05
125 130 40995532 0.0013938088 1230465.9 4.1834663e-05
130 135 43767948 0.0014880683 1267651.6 4.3098939e-05
135 140 46630268 0.0015853845 1247149.4 4.2401887e-05
140 145 49562072 0.001685063 1105499.8 3.7585933e-05
145 150 52537080 0.0017862104 1063362.9 3.615332e-05
150 155 55553122 0.001888753 1095397 3.7242449e-05
155 160 58537774 0.0019902283 1106091.6 3.7606055e-05
160 165 61563778 0.0020931095 1129756.9 3.8410654e-05
165 170 64560358 0.0021949904 1227637.5 4.1738498e-05
170 175 67640656 0.0022997175 1166599.3 3.9663258e-05
175 180 70839766 0.0024084842 819998.28 2.7879156e-05
180 185 73962088 0.0025146402 624954.68 2.1247861e-05
185 190 77075960 0.0026205088 410580.25 1.3959335e-05
190 195 80295758 0.0027299789 548700.16 1.865528e-05
195 200 83428296 0.0028364822 376532.58 1.2801747e-05
