0 5 17401.762 1.4586688e-06 968.51795 8.1184133e-08
5 10 63999.701 5.3646504e-06 -32.838286 -2.7526055e-09
10 15 135556.99 1.1362801e-05 -3976.8049 -3.3334794e-07
15 20 235042.83 1.9702008e-05 -5852.4048 -4.9056645e-07
20 25 363214.57 3.0445755e-05 -7189.0443 -6.0260765e-07
25 30 518349.48 4.3449636e-05 -4975.2335 -4.1703927e-07
30 35 698736.1 5.8570194e-05 -712.6133 -5.9733423e-08
35 40 905852.29 7.5931306e-05 753.18158 6.3133981e-08
40 45 1136973 9.5304551e-05 5639.6721 4.7273454e-07
45 50 1392673.6 0.00011673816 14084.978 1.1806459e-06
50 55 1667490.3 0.00013977413 22027.362 1.8464008e-06
55 60 1963226.9 0.00016456367 30097.383 2.5228546e-06
60 65 2281983.8 0.00019128285 42691.061 3.5784951e-06
65 70 2621872.7 0.00021977337 51528.394 4.3192673e-06
70 75 2979109.4 0.00024971805 71158.545 5.9647266e-06
75 80 3356617.7 0.00028136195 86501.341 7.2508066e-06
80 85 3749237.1 0.00031427251 101797.54 8.5329807e-06
85 90 4161984.7 0.00034887027 118547.22 9.9369902e-06
90 95 4587503 0.00038453851 133896.36 1.1223602e-05
95 100 5027513.1 0.00042142151 146681.38 1.2295281e-05
100 105 5481858.2 0.0004595061 168482.12 1.4122686e-05
105 110 5949119.1 0.00049867334 187809.7 1.5742783e-05
110 115 6425082.9 0.00053857008 213624.87 1.7906689e-05
115 120 6909951.8 0.00057921326 231218.13 1.938141e-05
120 125 7402872.8 0.00062053141 254053.81 2.1295566e-05
125 130 7909043.6 0.00066296019 278347.05 2.33319e-05
130 135 8422865.7 0.00070603033 296654.6 2.4866494e-05
135 140 8938944 0.00074928959 318425.33 2.6691384e-05
140 145 9474107.4 0.00079414862 337162.35 2.8261978e-05
145 150 10007495 0.00083885884 357787.77 2.9990864e-05
150 155 10544101 0.00088383875 381850.61 3.2007885e-05
155 160 11093633 0.00092990224 400301.98 3.3554535e-05
160 165 11646736 0.00097626501 421094.54 3.5297431e-05
165 170 12206996 0.0010232277 452225.14 3.7906893e-05
170 175 12771584 0.0010705532 481187.38 4.0334596e-05
175 180 13348418 0.0011189052 496886.19 4.1650518e-05
180 185 13912587 0.0011661955 529801.33 4.4409566e-05
185 190 14480490 0.0012137989 548436.02 4.5971582e-05
190 195 15059059 0.0012622964 559708.63 4.6916487e-05
195 200 15630643 0.0013102083 575301.9 4.8223562e-05
