0 5 17268.136 1.4478038e-06 2028.6199 1.7008457e-07
5 10 63624.178 5.3344106e-06 -313.12723 -2.6253372e-08
10 15 134490.65 1.1276033e-05 -7980.1767 -6.6907802e-07
15 20 233707.72 1.9594641e-05 -8261.5753 -6.9267119e-07
20 25 360309.12 3.020922e-05 -5392.7245 -4.5213954e-07
25 30 514853.89 4.3166641e-05 117.42849 9.8454987e-09
30 35 695365.12 5.8301155e-05 16511.516 1.3843669e-06
35 40 901481.31 7.5582453e-05 34747.478 2.9133156e-06
40 45 1131493.8 9.4867278e-05 56791.32 4.7615266e-06
45 50 1386419.3 0.00011624087 87847.871 7.3653857e-06
50 55 1660027.4 0.00013918086 122743.6 1.0291131e-05
55 60 1957730.6 0.00016414104 155425.46 1.303126e-05
60 65 2273772.6 0.00019063879 198907.54 1.6676907e-05
65 70 2612967.6 0.00021907776 246036.92 2.0628352e-05
70 75 2968669.2 0.00024890067 290427.12 2.4350138e-05
75 80 3344144 0.00028038142 344528.69 2.8886149e-05
80 85 3734312.7 0.00031309414 399903.29 3.3528894e-05
85 90 4145974.6 0.00034760891 471726.69 3.9550748e-05
90 95 4571412.1 0.00038327865 538011.07 4.5108197e-05
95 100 5011264.3 0.00042015696 593875.38 4.9792001e-05
100 105 5461838.6 0.00045793424 684171.43 5.7362647e-05
105 110 5921674.5 0.00049648804 765128.24 6.415027e-05
110 115 6394358.2 0.00053611902 855009.15 7.1686111e-05
115 120 6870975.5 0.00057607981 941387 7.8928246e-05
120 125 7359256.5 0.00061701851 1036974.6 8.6942554e-05
125 130 7863078.2 0.00065926019 1139691.2 9.555457e-05
130 135 8372872.2 0.00070200259 1240761.2 0.00010402853
135 140 8890886.7 0.00074543423 1363434.7 0.00011431378
140 145 9414563.1 0.00078934058 1477023.1 0.00012383732
145 150 9952187.3 0.00083441634 1579483.3 0.00013242784
150 155 10489940 0.00087950288 1699810.6 0.00014251639
155 160 11030384 0.00092481505 1809387.8 0.00015170361
160 165 11583874 0.00097122102 1902986.6 0.00015955117
165 170 12141495 0.0010179734 2012083.9 0.00016869816
170 175 12694296 0.0010643216 2119379.2 0.00017769406
175 180 13256794 0.0011114829 2227880.9 0.00018679112
180 185 13825204 0.0011591397 2328809.9 0.00019525326
185 190 14396736 0.0012070584 2425183.4 0.00020333346
190 195 14968930 0.0012550326 2536103.9 0.00021263331
195 200 15538917 0.0013028218 2612975.6 0.00021907843
