0 5 17402.792 1.4592687e-06 0 0
5 10 64341.473 5.3951974e-06 0 0
10 15 134660.08 1.1291593e-05 0 0
15 20 234265.05 1.9643725e-05 0 0
20 25 362233.71 3.0374225e-05 0 0
25 30 518293.37 4.3460227e-05 0 0
30 35 697660.52 5.8500622e-05 0 0
35 40 902696.78 7.5693437e-05 0 0
40 45 1133621.7 9.5057085e-05 0 0
45 50 1387992.7 0.00011638674 0 0
50 55 1663413.1 0.00013948145 0 0
55 60 1962456.7 0.00016455702 0 0
60 65 2280796.6 0.00019125064 0 0
65 70 2621632.3 0.00021983059 0 0
70 75 2976230.2 0.00024956453 0 0
75 80 3353474.8 0.00028119746 0 0
80 85 3749506.4 0.00031440572 0 0
85 90 4162504.1 0.00034903664 0 0
90 95 4590469.5 0.00038492263 0 0
95 100 5032051.8 0.00042195044 0 0
100 105 5486102.5 0.00046002375 0 0
105 110 5949785.9 0.00049890479 0 0
110 115 6426230 0.00053885585 0 0
115 120 6910119 0.00057943119 0 0
120 125 7411275.8 0.00062145446 0 0
125 130 7915928.8 0.00066377091 0 0
130 135 8424121.7 0.00070638419 0 0
135 140 8945412.4 0.00075009574 0 0
140 145 9476297.7 0.00079461184 0 0
145 150 10007895 0.00083918766 0 0
150 155 10548555 0.00088452336 0 0
155 160 11095933 0.00093042241 0 0
160 165 11649243 0.0009768189 0 0
165 170 12200132 0.0010230123 0 0
170 175 12764194 0.0010703103 0 0
175 180 13325118 0.0011173453 0 0
180 185 13893916 0.0011650405 0 0
185 190 14469964 0.0012133435 0 0
190 195 15044329 0.0012615055 0 0
195 200 15615981 0.0013094401 0 0
