0 5 17732.518 1.4727736e-06 0 0
5 10 64467.526 5.3543478e-06 0 0
10 15 136454.99 1.1333264e-05 0 0
15 20 236782.73 1.966598e-05 0 0
20 25 365045.57 3.0318845e-05 0 0
25 30 522472.09 4.3393898e-05 0 0
30 35 705055.08 5.8558321e-05 0 0
35 40 913640.59 7.5882382e-05 0 0
40 45 1147417.3 9.52987e-05 0 0
45 50 1406680.4 0.00011683179 0 0
50 55 1685235.7 0.00013996718 0 0
55 60 1988700.3 0.00016517143 0 0
60 65 2309241.7 0.00019179397 0 0
65 70 2655671.4 0.00022056668 0 0
70 75 3018078.5 0.00025066638 0 0
75 80 3397599.4 0.00028218748 0 0
80 85 3796500.1 0.00031531816 0 0
85 90 4211286.9 0.00034976827 0 0
90 95 4639828.2 0.00038536075 0 0
95 100 5087326.8 0.00042252772 0 0
100 105 5543593.2 0.00046042291 0 0
105 110 6013167.2 0.00049942336 0 0
110 115 6489612.2 0.00053899447 0 0
115 120 6980443.9 0.00057976048 0 0
120 125 7473728.6 0.00062073022 0 0
125 130 7982779.5 0.00066300943 0 0
130 135 8505263.7 0.00070640433 0 0
135 140 9033692.4 0.00075029296 0 0
140 145 9569873.3 0.00079482544 0 0
145 150 10107835 0.00083950582 0 0
150 155 10651690 0.00088467564 0 0
155 160 11207069 0.0009308027 0 0
160 165 11772585 0.00097777158 0 0
165 170 12341442 0.001025018 0 0
170 175 12902582 0.0010716235 0 0
175 180 13475239 0.0011191854 0 0
180 185 14051476 0.0011670448 0 0
185 190 14629841 0.0012150808 0 0
190 195 15208991 0.0012631822 0 0
195 200 15792291 0.0013116281 0 0
