0 5 17516.719 1.4656019e-06 0 0
5 10 64471.377 5.3942393e-06 0 0
10 15 135914.34 1.1371783e-05 0 0
15 20 235321.67 1.9689069e-05 0 0
20 25 363715.71 3.0431638e-05 0 0
25 30 518759.54 4.3403961e-05 0 0
30 35 700677.19 5.8624783e-05 0 0
35 40 906933.98 7.588203e-05 0 0
40 45 1138288.9 9.5239205e-05 0 0
45 50 1391214.4 0.00011640117 0 0
50 55 1668570 0.00013960716 0 0
55 60 1966807.2 0.00016456029 0 0
60 65 2285181.6 0.00019119828 0 0
65 70 2624912.8 0.00021962317 0 0
70 75 2981794.3 0.00024948299 0 0
75 80 3362031.8 0.00028129699 0 0
80 85 3757410.9 0.00031437786 0 0
85 90 4174452.3 0.00034927119 0 0
90 95 4597873.6 0.00038469833 0 0
95 100 5038614.8 0.00042157459 0 0
100 105 5498652.2 0.00046006534 0 0
105 110 5964269.8 0.00049902298 0 0
110 115 6447127.9 0.00053942311 0 0
115 120 6933602.1 0.0005801258 0 0
120 125 7430290.7 0.00062168311 0 0
125 130 7941663.2 0.00066446901 0 0
130 135 8453277.3 0.00070727512 0 0
135 140 8976577.2 0.00075105897 0 0
140 145 9507506.4 0.00079548114 0 0
145 150 10047469 0.00084065911 0 0
150 155 10591068 0.00088614137 0 0
155 160 11145404 0.000932522 0 0
160 165 11706379 0.00097945807 0 0
165 170 12269445 0.0010265691 0 0
170 175 12833934 0.0010737992 0 0
175 180 13404018 0.0011214974 0 0
180 185 13982306 0.0011698821 0 0
185 190 14556465 0.0012179211 0 0
190 195 15131997 0.0012660752 0 0
195 200 15700937 0.0013136778 0 0
