0 5 17468.151 1.462261e-06 0 0
5 10 64171.081 5.3717686e-06 0 0
10 15 134971.77 1.1298503e-05 0 0
15 20 235003.32 1.9672155e-05 0 0
20 25 363071.81 3.0392783e-05 0 0
25 30 517711.46 4.3337686e-05 0 0
30 35 700851.23 5.8668337e-05 0 0
35 40 906668.79 7.5897349e-05 0 0
40 45 1137573.1 9.5226375e-05 0 0
45 50 1390235.1 0.00011637674 0 0
50 55 1667130.1 0.00013955565 0 0
55 60 1965088.4 0.00016449777 0 0
60 65 2287379.9 0.00019147683 0 0
65 70 2629212.1 0.00022009165 0 0
70 75 2985588 0.00024992392 0 0
75 80 3360215.2 0.000281284 0 0
80 85 3752045.8 0.00031408418 0 0
85 90 4161822.9 0.00034838667 0 0
90 95 4593964 0.00038456125 0 0
95 100 5032371.1 0.00042126036 0 0
100 105 5484775.7 0.0004591312 0 0
105 110 5948098 0.00049791597 0 0
110 115 6420756.7 0.00053748228 0 0
115 120 6896262.9 0.00057728696 0 0
120 125 7384968.7 0.00061819658 0 0
125 130 7887930.9 0.00066029961 0 0
130 135 8394843.6 0.00070273332 0 0
135 140 8911626 0.00074599323 0 0
140 145 9441611.5 0.00079035838 0 0
145 150 9978061.2 0.00083526465 0 0
150 155 10517974 0.00088046079 0 0
155 160 11069302 0.00092661257 0 0
160 165 11618391 0.00097257684 0 0
165 170 12180157 0.0010196023 0 0
170 175 12747288 0.001067077 0 0
175 180 13309136 0.0011141093 0 0
180 185 13881451 0.0011620179 0 0
185 190 14454289 0.0012099702 0 0
190 195 15029765 0.0012581433 0 0
195 200 15601245 0.001305982 0 0
