0 5 17327.933 1.4506844e-06 962.78881 8.0604113e-08
5 10 63860.583 5.3463704e-06 237.73967 1.9903425e-08
10 15 135244.8 1.1322615e-05 -3062.0591 -2.5635379e-07
15 20 235246.09 1.9694664e-05 -3390.3806 -2.8384067e-07
20 25 363128.32 3.0400889e-05 1597.1722 1.3371432e-07
25 30 518994.2 4.3449889e-05 8852.6836 7.4114146e-07
30 35 700318.51 5.8630254e-05 20057.801 1.6792273e-06
35 40 908477.26 7.6057182e-05 31440.785 2.632204e-06
40 45 1138619 9.5324515e-05 48534.748 4.0633006e-06
45 50 1392525.8 0.00011658144 70123.654 5.870711e-06
50 55 1670563.1 0.00013985856 95738.303 8.0151544e-06
55 60 1967462.1 0.00016471477 120598.63 1.0096446e-05
60 65 2286900.1 0.00019145793 150369.39 1.2588837e-05
65 70 2627846.7 0.00022000178 187871.36 1.572848e-05
70 75 2990658.4 0.00025037616 226110.94 1.8929875e-05
75 80 3368402.9 0.00028200071 265002.76 2.2185875e-05
80 85 3759334.7 0.00031472929 307548.32 2.5747764e-05
85 90 4171600.7 0.00034924395 350255.2 2.9323159e-05
90 95 4598134.4 0.0003849531 391629.57 3.2786997e-05
95 100 5041772 0.00042209418 452984.35 3.7923583e-05
100 105 5494998 0.000460038 505098.38 4.2286539e-05
105 110 5963317.8 0.00049924546 567637.37 4.7522267e-05
110 115 6436510.3 0.00053886085 633046.67 5.2998295e-05
115 120 6924444.5 0.00057971042 706656.63 5.9160877e-05
120 125 7415872.9 0.00062085251 780897.51 6.537628e-05
125 130 7917384 0.00066283873 852923.04 7.1406215e-05
130 135 8438798.5 0.00070649125 935216.37 7.8295764e-05
135 140 8964976.7 0.00075054257 1008408.8 8.4423394e-05
140 145 9489113.8 0.00079442302 1094085.2 9.1596171e-05
145 150 10034708 0.00084009985 1179361.9 9.8735486e-05
150 155 10580384 0.00088578357 1253730.9 0.00010496161
155 160 11129382 0.00093174533 1327073.4 0.00011110181
160 165 11689068 0.00097860187 1413849.2 0.00011836662
165 170 12252996 0.0010258136 1483326.9 0.00012418326
170 175 12816457 0.0010729862 1563948.8 0.00013093287
175 180 13387055 0.0011207564 1634699.9 0.00013685611
180 185 13961955 0.0011688866 1718141.7 0.00014384181
185 190 14531324 0.0012165539 1787819.1 0.00014967517
190 195 15100054 0.0012641677 1866676 0.00015627702
195 200 15679936 0.001312715 1949172.3 0.00016318356
