0 5 17602.133 1.4803329e-06 0 0
5 10 63397.422 5.3316999e-06 0 0
10 15 134534.58 1.1314309e-05 0 0
15 20 234332.45 1.9707273e-05 0 0
20 25 361635.94 3.041345e-05 0 0
25 30 515255.17 4.333277e-05 0 0
30 35 696074.3 5.8539593e-05 0 0
35 40 900370.03 7.5720789e-05 0 0
40 45 1131104.2 9.5125444e-05 0 0
45 50 1382248.6 0.0001162466 0 0
50 55 1656253.2 0.00013929028 0 0
55 60 1954790.6 0.00016439717 0 0
60 65 2275193.1 0.0001913429 0 0
65 70 2612921.8 0.00021974577 0 0
70 75 2967561.6 0.00024957084 0 0
75 80 3343441.4 0.00028118219 0 0
80 85 3732852.6 0.00031393153 0 0
85 90 4144171.7 0.00034852332 0 0
90 95 4569132.8 0.00038426239 0 0
95 100 5003704.1 0.00042080968 0 0
100 105 5453951.3 0.0004586753 0 0
105 110 5919610.4 0.00049783706 0 0
110 115 6391168.8 0.00053749495 0 0
115 120 6876662.8 0.00057832482 0 0
120 125 7369957.1 0.00061981068 0 0
125 130 7867884.7 0.00066168621 0 0
130 135 8379648.6 0.00070472537 0 0
135 140 8898333.8 0.0007483466 0 0
140 145 9424703.9 0.00079261414 0 0
145 150 9955183.4 0.00083722727 0 0
150 155 10494889 0.00088261628 0 0
155 160 11043038 0.00092871548 0 0
160 165 11596363 0.00097524985 0 0
165 170 12147476 0.0010215983 0 0
170 175 12707975 0.001068736 0 0
175 180 13265639 0.0011156354 0 0
180 185 13832628 0.0011633189 0 0
185 190 14400694 0.0012110931 0 0
190 195 14968215 0.0012588214 0 0
195 200 15539027 0.0013068264 0 0
