0 5 17447.316 1.4682822e-06 1654.1714 1.3920711e-07
5 10 63326.56 5.3292587e-06 927.92205 7.8089456e-08
10 15 134486.19 1.1317711e-05 -7288.2785 -6.1334646e-07
15 20 232535.64 1.9569081e-05 -7581.4586 -6.3801909e-07
20 25 359540.97 3.0257239e-05 -3971.3164 -3.3420689e-07
25 30 513386.91 4.3204173e-05 3466.5634 2.917293e-07
30 35 693667.38 5.837571e-05 15297.4 1.2873556e-06
35 40 897352.79 7.5516894e-05 35641.421 2.9994105e-06
40 45 1126315.2 9.478527e-05 56942.92 4.7920423e-06
45 50 1379983.9 0.0001161328 82814.975 6.9693099e-06
50 55 1655260 0.00013929872 114538.55 9.6390138e-06
55 60 1949449.4 0.00016405628 155501.52 1.308626e-05
60 65 2265332.3 0.00019063947 191849.44 1.6145126e-05
65 70 2599313.4 0.00021874571 234098.52 1.9700605e-05
70 75 2957463.9 0.00024888593 287606.79 2.4203604e-05
75 80 3332545.8 0.00028045102 350353.71 2.9484083e-05
80 85 3728011.2 0.00031373149 402523.35 3.3874429e-05
85 90 4133594.6 0.00034786343 466602.47 3.926702e-05
90 95 4555918 0.00038340414 534968.66 4.5020389e-05
95 100 4993583.5 0.00042023596 616899.29 5.1915277e-05
100 105 5445240.1 0.00045824522 691313.71 5.8177636e-05
105 110 5906100.1 0.00049702897 769574.77 6.4763711e-05
110 115 6379209.9 0.00053684362 851146.87 7.1628427e-05
115 120 6856567.2 0.00057701571 939304.86 7.9047379e-05
120 125 7344287.8 0.00061805993 1049811.1 8.8347054e-05
125 130 7841409.9 0.00065989534 1131123.3 9.5189896e-05
130 135 8350364.6 0.00070272652 1240984 0.00010443524
135 140 8860991.4 0.00074569842 1350760.6 0.00011367352
140 145 9387093.7 0.00078997265 1445207.6 0.00012162172
145 150 9917203.8 0.00083458417 1555301.7 0.00013088671
150 155 10456095 0.00087993462 1673812.1 0.00014085998
155 160 10997319 0.00092548149 1789019 0.00015055523
160 165 11547842 0.00097181082 1895175.9 0.00015948889
165 170 12098533 0.0010181543 2004205.1 0.00016866426
170 175 12659770 0.0010653853 2097996.7 0.00017655731
175 180 13220060 0.0011125366 2205853.5 0.00018563402
180 185 13788881 0.0011604059 2299323.1 0.00019349997
185 190 14349940 0.0012076219 2410731.7 0.00020287558
190 195 14918459 0.0012554657 2489859.1 0.00020953456
195 200 15496999 0.0013041529 2577230.8 0.00021688735
