0 5 17374.085 1.4590843e-06 956.69979 8.0344121e-08
5 10 64324.819 5.4020302e-06 -58.429801 -4.9069636e-09
10 15 135519.19 1.1380968e-05 -4558.2674 -3.8280555e-07
15 20 235432.77 1.9771761e-05 -6565.1499 -5.5134454e-07
20 25 363497.92 3.0526735e-05 -7544.6987 -6.3360753e-07
25 30 518500.24 4.3543907e-05 -5949.2776 -4.9962328e-07
30 35 700103.72 5.8795057e-05 -4867.8893 -4.0880775e-07
35 40 905355.8 7.6032228e-05 1253.8365 1.0529781e-07
40 45 1138962.6 9.5650646e-05 8562.4198 7.1907625e-07
45 50 1394318.5 0.00011709556 12975.969 1.0897283e-06
50 55 1671009.3 0.00014033219 22563.716 1.894912e-06
55 60 1970409.9 0.000165476 33717.074 2.8315765e-06
60 65 2289881.3 0.00019230536 44474.837 3.7350188e-06
65 70 2627185.8 0.00022063237 61235.538 5.1425907e-06
70 75 2986917.2 0.00025084279 77201.903 6.483454e-06
75 80 3362824.3 0.00028241165 89486.978 7.5151607e-06
80 85 3760083.3 0.00031577365 109138.61 9.1655148e-06
85 90 4169095.1 0.00035012267 124281.5 1.0437222e-05
90 95 4598620.2 0.0003861944 152042.34 1.2768591e-05
95 100 5035627 0.00042289445 166743.53 1.4003204e-05
100 105 5489342.5 0.0004609977 190438.75 1.5993141e-05
105 110 5954381.6 0.00050005191 214919.46 1.8049043e-05
110 115 6430024 0.0005399966 236271.04 1.9842158e-05
115 120 6913754.3 0.00058062051 247988.39 2.0826188e-05
120 125 7409320.1 0.00062223837 273488.74 2.2967719e-05
125 130 7907935.3 0.00066411232 294533.03 2.4735029e-05
130 135 8421661.9 0.00070725534 326508.99 2.7420386e-05
135 140 8941377.4 0.0007509013 350918.64 2.9470321e-05
140 145 9475397.2 0.00079574854 380919.9 3.1989842e-05
145 150 10010876 0.00084071833 414611.53 3.4819281e-05
150 155 10555269 0.00088643669 437056.9 3.6704254e-05
155 160 11104986 0.00093260219 459448.65 3.8584725e-05
160 165 11651743 0.00097851914 481332.94 4.0422579e-05
165 170 12212308 0.0010255957 513891.6 4.3156871e-05
170 175 12773492 0.0010727242 528661.89 4.4397287e-05
175 180 13336153 0.0011199767 564808.5 4.7432897e-05
180 185 13903365 0.0011676115 589374.69 4.9495978e-05
185 190 14484952 0.0012164534 602415.43 5.0591146e-05
190 195 15053240 0.0012641785 634524.69 5.3287697e-05
195 200 15631485 0.0013127398 658762.52 5.5323202e-05
