0 5 17479.197 1.4522285e-06 0 0
5 10 63923.447 5.3109677e-06 0 0
10 15 136357.28 1.1329006e-05 0 0
15 20 236552.2 1.9653526e-05 0 0
20 25 365341.67 3.0353773e-05 0 0
25 30 521494.19 4.3327432e-05 0 0
30 35 704011.64 5.8491575e-05 0 0
35 40 910451.51 7.5643271e-05 0 0
40 45 1141716.6 9.4857529e-05 0 0
45 50 1394906.3 0.00011589335 0 0
50 55 1671484.6 0.00013887237 0 0
55 60 1971418 0.00016379181 0 0
60 65 2289653.5 0.00019023186 0 0
65 70 2631628.6 0.00021864426 0 0
70 75 2990624.2 0.00024847078 0 0
75 80 3371121.5 0.00028008373 0 0
80 85 3765636.9 0.00031286135 0 0
85 90 4179171.3 0.00034721913 0 0
90 95 4605949.5 0.00038267726 0 0
95 100 5047265.4 0.00041934322 0 0
100 105 5502595 0.00045717348 0 0
105 110 5966006 0.00049567517 0 0
110 115 6446303.6 0.00053557986 0 0
115 120 6927100.1 0.00057552599 0 0
120 125 7423241.4 0.00061674702 0 0
125 130 7927463.2 0.00065863941 0 0
130 135 8449165.8 0.00070198415 0 0
135 140 8968563.6 0.00074513741 0 0
140 145 9500674.2 0.00078934689 0 0
145 150 10040968 0.00083423626 0 0
150 155 10582981 0.00087926846 0 0
155 160 11133260 0.00092498744 0 0
160 165 11692406 0.00097144311 0 0
165 170 12246405 0.0010174712 0 0
170 175 12819418 0.0010650789 0 0
175 180 13397982 0.0011131479 0 0
180 185 13968778 0.0011605715 0 0
185 190 14544512 0.0012084053 0 0
190 195 15116780 0.0012559512 0 0
195 200 15694104 0.0013039172 0 0
