0 5 17319.437 1.4576111e-06 0 0
5 10 63229.884 5.3214537e-06 0 0
10 15 133993.06 1.1276912e-05 0 0
15 20 233390.58 1.9642249e-05 0 0
20 25 360135.9 3.0309189e-05 0 0
25 30 515951.21 4.3422671e-05 0 0
30 35 696159.45 5.8589072e-05 0 0
35 40 902615.6 7.5964509e-05 0 0
40 45 1135952.1 9.5602208e-05 0 0
45 50 1386795.9 0.00011671333 0 0
50 55 1662798.1 0.00013994179 0 0
55 60 1960112.4 0.00016496389 0 0
60 65 2280022.7 0.00019188767 0 0
65 70 2620817.3 0.00022056909 0 0
70 75 2975721.8 0.000250438 0 0
75 80 3349864.2 0.00028192598 0 0
80 85 3744707.1 0.00031515612 0 0
85 90 4152274.3 0.00034945716 0 0
90 95 4577024.9 0.00038520434 0 0
95 100 5016053.7 0.00042215319 0 0
100 105 5468585.5 0.00046023846 0 0
105 110 5930308.2 0.00049909724 0 0
110 115 6405219.2 0.00053906594 0 0
115 120 6886748.2 0.00057959162 0 0
120 125 7383927.2 0.00062143442 0 0
125 130 7887210.8 0.00066379098 0 0
130 135 8397830.6 0.00070676496 0 0
135 140 8919039.2 0.00075063009 0 0
140 145 9451151.1 0.00079541285 0 0
145 150 9988349.8 0.00084062372 0 0
150 155 10525130 0.00088579939 0 0
155 160 11073493 0.00093194986 0 0
160 165 11620240 0.0009779643 0 0
165 170 12179212 0.0010250076 0 0
170 175 12734864 0.0010717715 0 0
175 180 13301848 0.0011194891 0 0
180 185 13873898 0.0011676331 0 0
185 190 14437499 0.001215066 0 0
190 195 15015333 0.0012636968 0 0
195 200 15588997 0.0013119765 0 0
