2.5 12.892518 -0.11567253
7.5 1.8813918 -0.060707188
12.5 0.48017042 -0.029295381
17.5 0.035845988 -0.03625687
22.5 -0.12034241 -0.040725357
27.5 -0.13392856 -0.045856003
32.5 -0.031578166 -0.033190818
37.5 0.032077338 -0.0047383994
42.5 0.026703148 -0.0072498199
47.5 0.018503611 -5.6782361e-05
52.5 0.009897311 0.0026325613
57.5 0.006158548 -0.003848627
62.5 0.0022309816 0.0015618224
67.5 0.00041500493 0.0014710252
72.5 2.3212891e-05 -0.0025017683
77.5 -0.00052630282 0.0038843662
82.5 -0.0014616849 -0.0021615968
87.5 -0.0010877309 0.0025322184
92.5 -9.1957785e-05 0.0058012042
97.5 -0.00064949313 0.0041012882
102.5 0.0010070141 0.0025620979
107.5 0.0023637121 -1.4250939e-05
112.5 0.0028356163 -0.0017243546
117.5 0.0012630251 -0.00072985352
122.5 -0.00030846837 -0.0026392024
127.5 -0.00091444145 -0.0030156538
132.5 -0.0018552419 -0.0013993559
137.5 0.00070625565 -0.00091341045
142.5 0.00070609835 -0.003473841
147.5 0.0003075549 -0.002834969
152.5 -0.00018471144 -0.0045616474
157.5 -1.3068907e-05 -0.0016469755
162.5 -6.0695434e-05 -0.0012716575
167.5 -0.00036568627 -0.0030370388
172.5 -0.00029911795 -0.0049156804
177.5 6.6719859e-05 -0.0030610172
182.5 -1.5083314e-05 0.001240504
187.5 -0.00064966752 0.002076147
192.5 0.00017006057 -0.0007753288
197.5 -0.00096404054 -0.00011882853
