2.5 12.581614 0.59997686
7.5 1.8342903 -0.014110112
12.5 0.46365111 -0.050414557
17.5 0.032379597 -0.049237273
22.5 -0.11999304 -0.048734724
27.5 -0.12890604 -0.043627346
32.5 -0.028676631 -0.029700797
37.5 0.033377351 -0.026976193
42.5 0.030000154 -0.013314378
47.5 0.018087013 -0.0022327542
52.5 0.011474162 -0.00027658761
57.5 0.0096786306 -0.0083803358
62.5 0.0059328936 -0.0035417663
67.5 0.002617452 -0.0088655361
72.5 0.0023921807 -0.0068522338
77.5 0.00095632574 -0.0036473384
82.5 0.0020272136 -0.0032130103
87.5 0.0028134826 -0.0058455305
92.5 0.0020778757 -0.0033381094
97.5 0.0018911786 -0.0034863864
102.5 0.0020217486 -0.0034975419
107.5 0.0019568617 -0.0067631957
112.5 0.0010859345 -0.0033818967
117.5 0.0013218692 -0.0001291632
122.5 0.00086163113 -0.00051365761
127.5 -0.0014423393 -0.002097289
132.5 -0.0018803693 -0.0030322177
137.5 -0.0019252788 -0.0022798991
142.5 -0.0010101923 -0.00089825846
147.5 -1.9918103e-05 0.00072451312
152.5 0.0010608728 -0.0023274784
157.5 0.0016704417 -0.0023077271
162.5 0.00026738766 -0.0026511491
167.5 0.0010722557 -0.0041668576
172.5 -0.00049109689 -0.0032482244
177.5 -0.00096207874 -0.0011533109
182.5 -0.00059893874 -0.0026595653
187.5 0.00036698731 -0.0028651745
192.5 0.0010627277 -0.0026711347
197.5 0.00055712793 -0.0016071835
