2.5 13.017038 -0.36204181
7.5 1.9393459 -0.1332699
12.5 0.50830975 -0.054909951
17.5 0.050345665 -0.050647378
22.5 -0.11991213 -0.048808289
27.5 -0.13607392 -0.043743276
32.5 -0.036675532 -0.012801678
37.5 0.032443327 -0.005482453
42.5 0.02399193 0.0036774669
47.5 0.016812069 -0.0049450183
52.5 0.013992569 -0.0058735935
57.5 0.010240738 -0.0016034653
62.5 0.0065976992 0.0033091858
67.5 0.0009545938 9.4274753e-05
72.5 -0.0019565239 -0.0043954262
77.5 -0.00036662158 -0.0019383025
82.5 0.0020025992 -0.00040652512
87.5 0.0017645017 0.0037911211
92.5 0.0029916119 0.0014156183
97.5 0.0032357526 0.0048895719
102.5 0.0018106755 0.00015801388
107.5 0.0011774378 0.0040041454
112.5 0.001353404 -0.0025402813
117.5 0.0010211953 -0.0016999385
122.5 -0.00014909779 -0.0069474042
127.5 0.00031314465 -0.0068240723
132.5 0.0015623287 -0.0018771686
137.5 0.0012054824 -1.3107996e-05
142.5 0.0009852444 0.00047397377
147.5 -0.0010471863 0.0014035764
152.5 -0.0018915248 0.0012760523
157.5 -0.00066090392 0.00095955199
162.5 0.0010578713 0.00087610359
167.5 0.0014645305 0.00088384295
172.5 -0.00044608012 0.000305172
177.5 -0.00054425922 0.0047933826
182.5 5.5334812e-05 0.0042474884
187.5 0.0015627147 0.0014808238
192.5 0.00083500237 0.0013604826
197.5 0.00088332348 0.0020263191
