2.5 12.878812 -0.45083687
7.5 1.9404437 -0.13563571
12.5 0.50538567 -0.045878821
17.5 0.047081998 -0.04546443
22.5 -0.11009249 -0.040590226
27.5 -0.12912432 -0.034740684
32.5 -0.031053147 -0.03038005
37.5 0.030187853 -0.011768426
42.5 0.027622201 -0.0030243591
47.5 0.014708064 -0.0027705571
52.5 0.0078617687 -0.0082150699
57.5 0.0056784799 -0.010458856
62.5 0.0017825667 -0.011275543
67.5 0.0024945524 -0.0075524671
72.5 0.0016327877 -0.0026610538
77.5 0.0014284265 -0.0041445006
82.5 -0.00048983876 -0.0038446072
87.5 -0.0026021707 -0.0080697186
92.5 -0.0010118024 -0.0096703254
97.5 -0.00075910242 -0.0064557639
102.5 0.0016187193 -0.0066956286
107.5 -4.0112395e-05 -0.0052396794
112.5 0.00022975937 -0.0071576284
117.5 0.00041325483 -0.0063831007
122.5 -2.8234313e-05 -0.0030257168
127.5 -1.3066928e-06 -0.0016505181
132.5 0.00061984687 -4.9088142e-05
137.5 0.00085097211 0.0043118379
142.5 0.0013025635 0.0025990791
147.5 0.0011210105 -0.0010196789
152.5 -8.85051e-05 -0.0029496658
157.5 5.6024592e-05 -0.0038711862
162.5 -0.00091592101 -0.0038097306
167.5 -0.00047834802 -0.0019923953
172.5 -0.00071802919 -0.00082066395
177.5 0.00010049801 -0.0014328336
182.5 0.0014589429 -0.00084315982
187.5 0.0013449953 -0.0023239867
192.5 0.0009583927 -0.0008855395
197.5 -0.00026811238 -0.0043141228
