0 5 49045.322 4.7093026e-07 1954.3136 1.8765203e-08
5 10 335374.13 3.2202424e-06 6924.7942 6.6491461e-08
10 15 900913.71 8.6505197e-06 16215.64 1.5570161e-07
15 20 1738032.7 1.6688486e-05 33273.673 3.1949182e-07
20 25 2833352.9 2.7205686e-05 66015.226 6.3387427e-07
25 30 4165554 3.9997402e-05 135563.87 1.3016762e-06
30 35 5728319.1 5.5002979e-05 238908.25 2.2939828e-06
35 40 7505753.2 7.2069794e-05 370824.45 3.5606342e-06
40 45 9490600.3 9.1128178e-05 530672.9 5.0954895e-06
45 50 11669789 0.00011205262 729489.53 7.004515e-06
50 55 14032927 0.00013474333 965209.09 9.2678801e-06
55 60 16563248 0.00015903932 1241676 1.1922499e-05
60 65 19275476 0.00018508197 1537186.6 1.4759974e-05
65 70 22135106 0.00021253997 1863708.4 1.7895217e-05
70 75 25135353 0.00024134816 2221409.2 2.1329839e-05
75 80 28280140 0.00027154422 2588233 2.4852059e-05
80 85 31545909 0.00030290194 2947360.9 2.8300384e-05
85 90 34955181 0.00033563756 3375531.1 3.2411648e-05
90 95 38477642 0.00036946002 3797935.9 3.6467554e-05
95 100 42102890 0.00040426944 4245340.2 4.0763503e-05
100 105 45829021 0.00044004752 4713556.3 4.5259287e-05
105 110 49650460 0.00047674076 5181465.4 4.9752122e-05
110 115 53546584 0.00051415111 5671640.8 5.4458757e-05
115 120 57522108 0.00055232385 6172999.6 5.9272775e-05
120 125 61589487 0.00059137858 6715169.4 6.4478656e-05
125 130 65698601 0.00063083405 7193250.4 6.9069162e-05
130 135 69872396 0.00067091058 7720631.1 7.413304e-05
135 140 74091001 0.00071141737 8258162.4 7.9294383e-05
140 145 78368724 0.00075249182 8754256.8 8.4057852e-05
145 150 82681610 0.00079390389 9252550.7 8.8842441e-05
150 155 87040267 0.00083575545 9714228.5 9.3275442e-05
155 160 91435951 0.00087796255 10165387 9.7607435e-05
160 165 95876997 0.00092060521 10563646 0.0001014315
165 170 1.003376e+08 0.00096343569 10986916 0.00010549572
170 175 1.0482368e+08 0.0010065107 11333254 0.00010882123
175 180 1.0930042e+08 0.0010494961 11639281 0.00011175968
180 185 1.1382081e+08 0.0010929006 11973511 0.00011496894
185 190 1.1835108e+08 0.0011364 12330980 0.00011840134
190 195 1.2287327e+08 0.0011798218 12595962 0.00012094568
195 200 1.2740741e+08 0.0012233583 12872195 0.00012359805
