0 5 48868.601 4.699729e-07 1859.0594 1.787871e-08
5 10 334480.45 3.2167229e-06 6836.0582 6.5742871e-08
10 15 897090.64 8.6273861e-06 18075.865 1.7383691e-07
15 20 1733094.9 1.6667301e-05 30088.271 2.893611e-07
20 25 2823625.9 2.7155017e-05 59704.564 5.7418315e-07
25 30 4155957.2 3.9968144e-05 130439.71 1.2544482e-06
30 35 5716791.4 5.49788e-05 234349.16 2.253753e-06
35 40 7494665 7.2076741e-05 359770.08 3.4599351e-06
40 45 9474685.8 9.1118745e-05 527157.48 5.069712e-06
45 50 11655047 0.00011208744 732879.12 7.048152e-06
50 55 14011849 0.00013475298 957200.6 9.2054681e-06
55 60 16544625 0.00015911087 1234064.4 1.1868088e-05
60 65 19238090 0.00018501412 1523765.7 1.4654166e-05
65 70 22092169 0.00021246201 1862055.7 1.7907526e-05
70 75 25078747 0.00024118414 2231352.7 2.1459082e-05
75 80 28214027 0.00027133636 2590560.2 2.4913606e-05
80 85 31486472 0.0003028077 3001205.4 2.8862811e-05
85 90 34872650 0.00033537282 3429812.7 3.2984759e-05
90 95 38363258 0.00036894225 3857749 3.7100254e-05
95 100 41973768 0.00040366479 4310031.1 4.1449884e-05
100 105 45673216 0.00043924265 4775731.2 4.5928556e-05
105 110 49477594 0.00047582963 5288947.8 5.0864197e-05
110 115 53344497 0.00051301793 5781489.8 5.5601009e-05
115 120 57294854 0.00055100879 6284455.7 6.043807e-05
120 125 61327198 0.00058978814 6803088.7 6.5425801e-05
125 130 65413909 0.00062909034 7314428.1 7.0343389e-05
130 135 69560560 0.00066896898 7784089.9 7.4860161e-05
135 140 73751543 0.00070927397 8322175.5 8.003497e-05
140 145 77997311 0.00075010583 8829106.4 8.4910161e-05
145 150 82292901 0.00079141684 9315488.6 8.9587734e-05
150 155 86606676 0.00083290273 9802183 9.4268309e-05
155 160 90968231 0.00087484812 10254897 9.8622097e-05
160 165 95359455 0.00091707884 10678522 0.00010269613
165 170 99788901 0.00095967715 11063756 0.00010640095
170 175 1.0424544e+08 0.001002536 11413883 0.00010976814
175 180 1.0870331e+08 0.0010454077 11770345 0.00011319626
180 185 1.1318325e+08 0.0010884916 12087403 0.00011624544
185 190 1.176676e+08 0.0011316179 12341226 0.00011868647
190 195 1.2216061e+08 0.0011748275 12646041 0.0001216179
195 200 1.2662396e+08 0.0012177519 12904303 0.00012410163
