0 5 48852.319 4.728733e-07 3059.9214 2.9618965e-08
5 10 333385.72 3.2270568e-06 8855.4354 8.5717506e-08
10 15 892680.16 8.6408306e-06 17766.252 1.7197108e-07
15 20 1721647.2 1.6664941e-05 31072.864 3.0077442e-07
20 25 2807090.7 2.7171653e-05 65095.371 6.3010035e-07
25 30 4130556.2 3.9982334e-05 135528.17 1.3118652e-06
30 35 5679250.1 5.4973148e-05 228353.36 2.2103803e-06
35 40 7449792.6 7.2111378e-05 355221.93 3.4384236e-06
40 45 9423401.8 9.1215222e-05 514119.49 4.9764962e-06
45 50 11586055 0.00011214895 714210.88 6.9133107e-06
50 55 13932177 0.00013485859 928896.1 8.9913883e-06
55 60 16451445 0.00015924421 1184242.1 1.1463048e-05
60 65 19140067 0.00018526913 1471547.7 1.4244065e-05
65 70 21981734 0.00021277547 1783908.8 1.7267611e-05
70 75 24969835 0.00024169924 2121825.8 2.0538529e-05
75 80 28092063 0.00027192131 2482149.2 2.4026333e-05
80 85 31345658 0.00030341497 2858319.7 2.7667532e-05
85 90 34727882 0.00033615371 3268949.8 3.1642286e-05
90 95 38227759 0.00037003129 3688877.2 3.5707037e-05
95 100 41835502 0.00040495297 4118665.9 3.9867241e-05
100 105 45544573 0.00044085548 4563826.1 4.4176235e-05
105 110 49334811 0.00047754365 5042867.5 4.8813188e-05
110 115 53220416 0.00051515495 5505157.6 5.3287994e-05
115 120 57176141 0.00055344498 5994689.6 5.8026491e-05
120 125 61189419 0.0005922921 6472551 6.2652022e-05
125 130 65269488 0.00063178574 6963375.1 6.7403027e-05
130 135 69406203 0.00067182768 7469041.5 7.2297701e-05
135 140 73601126 0.00071243307 7973868 7.7184243e-05
140 145 77851517 0.00075357536 8455577.6 8.1847024e-05
145 150 82137304 0.00079506028 8905402.5 8.6201171e-05
150 155 86462518 0.00083692682 9339049.4 9.0398721e-05
155 160 90816210 0.00087906904 9800470.7 9.4865117e-05
160 165 95224008 0.00092173498 10155210 9.8298868e-05
165 170 99647165 0.00096454959 10500002 0.00010163634
170 175 1.0408662e+08 0.0010075219 10835116 0.00010488012
175 180 1.0855547e+08 0.0010507788 11170313 0.00010812471
180 185 1.1301418e+08 0.0010939376 11441954 0.0001107541
185 190 1.174977e+08 0.0011373365 11641078 0.00011268155
190 195 1.219801e+08 0.0011807245 11882733 0.00011502068
195 200 1.2646235e+08 0.0012241112 12069187 0.00011682549
