0 5 49411.704 4.7261585e-07 3293.4807 3.150167e-08
5 10 335521.05 3.2092106e-06 8277.731 7.9175307e-08
10 15 900366.61 8.6118771e-06 16736.394 1.600812e-07
15 20 1739244.2 1.6635621e-05 27959.849 2.6743194e-07
20 25 2833192.4 2.7099078e-05 67666.928 6.4722444e-07
25 30 4170345 3.988875e-05 144215.7 1.3794024e-06
30 35 5737922.1 5.48824e-05 237553.34 2.2721636e-06
35 40 7513971 7.1870052e-05 365605.33 3.4969624e-06
40 45 9500540.5 9.0871304e-05 526076.35 5.0318446e-06
45 50 11689305 0.00011180652 729778.65 6.9802279e-06
50 55 14056960 0.0001344528 961508.95 9.1966948e-06
55 60 16600244 0.00015877895 1234330.5 1.1806193e-05
60 65 19303877 0.00018463881 1543611.7 1.4764424e-05
65 70 22161750 0.00021197395 1851217.7 1.7706631e-05
70 75 25171653 0.00024076324 2214561.5 2.1181962e-05
75 80 28320987 0.00027088617 2584968.2 2.4724849e-05
80 85 31601750 0.00030226619 2965977.8 2.8369151e-05
85 90 35013931 0.00033490322 3414893.5 3.2662965e-05
90 95 38523343 0.00036847024 3838644.3 3.6716081e-05
95 100 42155123 0.00040320769 4291614.6 4.1048677e-05
100 105 45883906 0.00043887296 4754259.8 4.5473811e-05
105 110 49708766 0.0004754572 5229582.6 5.0020206e-05
110 115 53618867 0.00051285676 5755114.8 5.5046846e-05
115 120 57593282 0.00055087146 6265237.9 5.99261e-05
120 125 61655755 0.00058972843 6774676.3 6.4798805e-05
125 130 65751325 0.00062890197 7312911.8 6.994695e-05
130 135 69936525 0.00066893281 7840998.6 7.4998024e-05
135 140 74159786 0.00070932769 8363688.8 7.9997481e-05
140 145 78455624 0.00075041676 8871731.3 8.4856834e-05
145 150 82754256 0.00079153256 9390126.7 8.9815212e-05
150 155 87114336 0.0008332361 9875645.2 9.4459126e-05
155 160 91507346 0.00087525461 10321843 9.8726945e-05
160 165 95950020 0.00091774815 10711195 0.00010245104
165 170 1.0040896e+08 0.00096039726 11127618 0.00010643406
170 175 1.048914e+08 0.0010032711 11514354 0.00011013314
175 180 1.0939888e+08 0.0010463846 11934672 0.00011415342
180 185 1.1389779e+08 0.001089416 12266593 0.00011732819
185 190 1.1840002e+08 0.0011324791 12557997 0.00012011543
190 195 1.2291943e+08 0.0011757066 12904870 0.00012343322
195 200 1.2746258e+08 0.0012191613 13184097 0.00012610399
