0 5 48769.11 4.7133145e-07 1865.0714 1.8025073e-08
5 10 332790.19 3.216267e-06 7485.9987 7.2348799e-08
10 15 892188.06 8.622595e-06 16500.604 1.5947089e-07
15 20 1720673.1 1.6629529e-05 36027.122 3.4818588e-07
20 25 2805046.9 2.7109513e-05 72435.688 7.0005824e-07
25 30 4129471.2 3.9909476e-05 140364.42 1.3565588e-06
30 35 5678712.3 5.4882192e-05 238865.47 2.3085269e-06
35 40 7442514.4 7.1928543e-05 370399.7 3.579746e-06
40 45 9414129.5 9.0983313e-05 536162.49 5.1817685e-06
45 50 11570695 0.00011182555 722408.13 6.9817486e-06
50 55 13914420 0.00013447659 947616.24 9.1582834e-06
55 60 16433527 0.00015882262 1234504.1 1.1930925e-05
60 65 19110761 0.00018469688 1514030.9 1.4632426e-05
65 70 21947844 0.000212116 1835717.4 1.774138e-05
70 75 24921442 0.00024085449 2188055.3 2.1146567e-05
75 80 28044970 0.00027104198 2555559.1 2.4698325e-05
80 85 31292369 0.00030242662 2950271.9 2.8513047e-05
85 90 34657955 0.00033495349 3339849.2 3.2278135e-05
90 95 38141730 0.00036862261 3772961.7 3.6463973e-05
95 100 41731014 0.00040331142 4238279.7 4.0961061e-05
100 105 45422313 0.00043898616 4694711.7 4.537227e-05
105 110 49201296 0.00047550833 5156231.1 4.9832647e-05
110 115 53063329 0.00051283313 5634301.5 5.4452982e-05
115 120 57005211 0.00055092965 6148229.4 5.9419863e-05
120 125 61012630 0.00058965954 6633745.8 6.411216e-05
125 130 65085528 0.00062902226 7158143.8 6.918023e-05
130 135 69208918 0.00066887296 7675424.7 7.4179516e-05
135 140 73375612 0.00070914218 8185844.3 7.9112492e-05
140 145 77613674 0.00075010114 8679457.5 8.388304e-05
145 150 81888543 0.00079141582 9185330.8 8.8772078e-05
150 155 86208691 0.0008331681 9624998.7 9.3021269e-05
155 160 90549518 0.00087512023 10033209 9.6966439e-05
160 165 94940454 0.00091755665 10421853 0.0001007225
165 170 99365609 0.00096032377 10818597 0.00010455686
170 175 1.0382518e+08 0.0010034235 11198916 0.00010823247
175 180 1.0829151e+08 0.0010465885 11531674 0.00011144843
180 185 1.1277232e+08 0.0010898936 11783507 0.00011388228
185 190 1.1723743e+08 0.0011330468 12071144 0.00011666216
190 195 1.2172961e+08 0.0011764617 12339263 0.00011925341
195 200 1.2619401e+08 0.0012196082 12549744 0.00012128762
