2.5	17.16875161855669	0.03627969648821737	2.34547020618556e-310	0.0	1.17475759e-315	0.0
7.5	2.9727521896907234	0.009461305613843864	0.0	0.0	0.0	0.0
12.5	0.9855714736597938	0.004395272702271789	0.0	0.0	0.0	0.0
17.5	0.32096849963917523	0.0023512739076617397	0.0	0.0	0.0	0.0
22.5	0.029002635881443303	0.001342598109438094	2.34547020618556e-310	0.0	2.1219958e-314	0.0
27.5	-0.09962336273711338	0.0009049805936727464	3.5717e-319	0.0	1.174758774e-315	0.0
32.5	-0.12442304010309282	0.0007580341572139618	1.0938123e-316	0.0	1.174758853e-315	0.0
37.5	-0.05187580007216496	0.0008029258371690203	6.3989e-319	0.0	7.481e-319	0.0
42.5	0.013599470969072153	0.0008211486891244627	2.1219958e-314	0.0	5.82664e-318	0.0
47.5	0.020285325567010307	0.0007289454797813468	0.0	0.0	0.0	0.0
52.5	0.013988297721649494	0.0005893931325049827	0.0	0.0	0.0	0.0
57.5	0.00857373329278351	0.0005318679600099669	0.0	0.0	0.0	0.0
62.5	0.005208591785567011	0.0004887564070433557	0.0	0.0	0.0	0.0
67.5	0.0030369022582474206	0.00042476210756250623	0.0	0.0	1.5761359444084e-311	0.0
72.5	0.0015767882074226801	0.00036802215350064684	0.0	0.0	0.0	0.0
77.5	0.0006071015596097936	0.00033892727756617495	6.18738e-318	0.0	6.187397e-318	0.0
82.5	0.00027601513742783507	0.0003113496717096949	0.0	0.0	0.0	0.0
87.5	0.0005742134034484536	0.00031087858837825	1.168590473e-315	0.0	1.168590473e-315	0.0
92.5	0.0012294587714432991	0.0002817893194519162	7.4206e-319	0.0	6.18755e-318	0.0
97.5	0.0019154568634020624	0.0002769503401055271	5.82664e-318	0.0	5.82664e-318	0.0
102.5	0.0021854103974226816	0.00026563051139543125	2.2003293e-317	0.0	1.16857282e-315	0.0
107.5	0.0018750198211340218	0.000270165441531325	1.5771716e-316	0.0	8.0965725e-316	0.0
112.5	0.0011850707789690736	0.00026421947818709506	1.1811997e-316	0.0	3.686e-321	0.0
117.5	0.00035275553385515486	0.0002613514067750887	1.221682889427e-312	0.0	9.74e-321	0.0
122.5	-0.0002787360813148969	0.00023980563393815815	4.974226804123711	0.3580526801404566	9.948453608247423	0.7161053602809132
127.5	-0.0006040072740773199	0.0002491747732319706	19.896907216494846	1.4322107205618264	24.871134020618555	1.790263400702286
132.5	-0.0006341589688402062	0.00020808216559306382	34.81958762886598	2.506368760983204	39.79381443298969	2.864421441123653
137.5	-0.0005026417017371134	0.00021742294723716947	49.74226804123711	3.580526801404572	54.71649484536083	3.938579481545067
142.5	-0.00033066002852886615	0.00018662645277946899	64.66494845360825	4.654684841825979	69.63917525773196	5.012737521966408
147.5	-0.00022151920454180417	0.00019587163826585374	79.58762886597938	5.728842882247306	84.5618556701031	6.08689556238777
152.5	-0.00018216866996701033	0.00018965326364422746	94.51030927835052	6.803000922668655	305.6701030927835	2857.2603875208474
157.5	-0.00016098044795927825	0.000197071737505091	109.43298969072166	7.877158963090134	114.40721649484536	8.235211643230524
162.5	-0.00015233444550979378	0.0001867316103869028	124.35567010309278	8.951317003511441	129.3298969072165	9.309369683651958
167.5	-0.00015535159600206177	0.00018850963226920288	139.27835051546393	10.025475043932817	144.25257731958763	10.383527724073343
172.5	-0.00014672821569639176	0.00017907801941099044	154.20103092783506	11.099633084354236	159.17525773195877	11.457685764494611
177.5	-0.00013294205263855662	0.00018335768283181302	169.1237113402062	12.17379112477554	174.0979381443299	12.531843804916083
182.5	-0.00013281521704809274	0.00017219885898627567	184.0463917525773	13.247949165196893	189.02061855670104	13.60600184533731
187.5	-0.000135901889086804	0.00015851057983763778	7.737e-321	0.0	1.65e-321	0.0
192.5	-0.00012677938153917532	0.00014452388108387594	9.948453608247423	0.7161053602809132	14.922680412371134	1.0741580404213749
197.5	-0.00011572056745463922	0.00014367694847803827	24.871134020618555	1.790263400702286	29.84536082474227	2.1483160808427497
