2.5 11.555541 -0.11872325
7.5 1.6931628 -0.12887565
12.5 0.40753858 -0.057371298
17.5 0.008539303 -0.035209118
22.5 -0.12850274 -0.048315093
27.5 -0.13918636 -0.035711833
32.5 -0.037416967 -0.025545354
37.5 0.027907441 -0.0028363902
42.5 0.0302322 -0.0066345744
47.5 0.019830315 -0.0025905791
52.5 0.011899891 -0.0061415018
57.5 0.0075995641 0.0045342902
62.5 0.0063980935 0.005852847
67.5 0.0039133273 -0.0034188723
72.5 0.003164761 -0.005897714
77.5 0.0013168469 -0.0049223397
82.5 0.00029441594 -0.0045513446
87.5 -0.001458587 -4.4019859e-05
92.5 -1.0862699e-05 -0.00051982745
97.5 -0.0018929452 -0.0031947313
102.5 0.00012217727 -0.0045098844
107.5 0.0012812999 -0.0072752151
112.5 0.0011952774 -0.0046577696
117.5 0.00032794339 -0.003464901
122.5 6.4124899e-05 -0.0023086348
127.5 -0.0013567632 0.00079527356
132.5 -0.0011314618 -0.00039248189
137.5 -0.00033984493 0.0007066095
142.5 -0.00057722693 -4.3853682e-05
147.5 -0.00019407925 -0.0058198952
152.5 -0.0015076659 -0.006104631
157.5 -6.8250053e-05 -0.00087477366
162.5 0.0012218766 -0.0022301213
167.5 0.0012897305 0.0047253001
172.5 0.00048575879 0.0050485797
177.5 0.00054298918 0.00024087755
182.5 0.00024480394 -0.0027334097
187.5 -0.00027670667 -0.0023115752
192.5 -2.0827986e-05 -0.00023358962
197.5 -0.00050688722 0.00012049276
