2.5 11.601479 -0.60941901
7.5 1.7126622 -0.17616282
12.5 0.41179427 -0.054937268
17.5 0.0060809068 -0.044277199
22.5 -0.13505301 -0.045080506
27.5 -0.14011189 -0.053541352
32.5 -0.032501953 -0.023936376
37.5 0.029759877 0.0010756351
42.5 0.032426882 0.0016252537
47.5 0.021096617 0.0022475714
52.5 0.012747184 0.0031817716
57.5 0.0079399937 -0.0016106484
62.5 0.0038956825 -0.0012231244
67.5 0.0022949137 0.0012005807
72.5 0.00024255028 -0.0031380854
77.5 -0.00094847164 -0.00029890196
82.5 -0.0024158713 0.0024168081
87.5 -0.0010712051 -0.0049278057
92.5 -8.1313612e-05 -0.0022547344
97.5 -6.555132e-05 -0.0060202258
102.5 0.0015767844 -0.0045367433
107.5 0.0019239865 -0.00076009569
112.5 0.00048259638 -0.0047824357
117.5 -0.00052759051 -0.0048405371
122.5 -0.00087063362 -0.0038440948
127.5 -0.0011232991 -0.0025322253
132.5 0.00044874999 -0.0035951844
137.5 0.0011643932 -0.0028453945
142.5 0.0028039332 0.00030128063
147.5 0.00042356992 0.00029827255
152.5 -0.00068075262 0.00039933963
157.5 -0.0003374622 -0.001641388
162.5 0.00046463124 -0.00578404
167.5 0.0017650643 -0.0052261937
172.5 0.00063164813 -0.0032241758
177.5 0.00010656033 -0.0045799599
182.5 0.00029786876 -0.00080266565
187.5 0.00029305785 0.002750949
192.5 -0.00028708875 0.0005370701
197.5 -0.00074912768 0.00028567711
