2.5 11.460935 -0.074067798
7.5 1.6908794 -0.076422063
12.5 0.39892519 -0.068913944
17.5 0.0065042273 -0.050624896
22.5 -0.13478567 -0.046489895
27.5 -0.14288477 -0.044002507
32.5 -0.041604977 -0.027272832
37.5 0.026788265 -0.012160825
42.5 0.02859069 0.0059983998
47.5 0.022460418 -0.0032292444
52.5 0.011877572 -0.0043656967
57.5 0.00721108 -0.0010346598
62.5 0.0034927214 -0.0040384567
67.5 0.0014516281 -0.0071100245
72.5 0.0031578307 -0.0074694195
77.5 0.00013960648 -0.0022595065
82.5 0.0017528422 -0.00044165199
87.5 0.0017572641 0.0010629266
92.5 0.0016318923 -0.0011701361
97.5 0.00096145882 -0.0084243508
102.5 1.7478225e-05 -0.0047557852
107.5 -0.00044992626 -5.4213468e-05
112.5 0.00055177504 -0.00022317335
117.5 0.00086692072 -0.00047260805
122.5 0.00019117897 0.0025684205
127.5 -0.00048767052 -0.0041227912
132.5 -0.00024633526 -0.0056542269
137.5 -0.0015112148 -0.003794728
142.5 -0.001697382 -0.0035283934
147.5 -0.00070528159 -0.0040949122
152.5 -0.00031480564 0.00076147288
157.5 -0.00091186949 0.00075048376
162.5 -0.00042965874 8.7794463e-05
167.5 -9.4197755e-06 0.00012196406
172.5 0.00026085314 -0.0021771872
177.5 0.00031118348 -0.0018018241
182.5 0.00045230765 0.00013858897
187.5 -2.4389341e-05 0.0016571112
192.5 0.00045450319 -0.0013600689
197.5 0.00023366526 -0.0037410823
