2.5 11.030319 -0.019761424
7.5 1.5897345 -0.058772999
12.5 0.38427478 -0.060241632
17.5 -0.0041357253 -0.042975275
22.5 -0.13753144 -0.035719741
27.5 -0.1448714 -0.047670872
32.5 -0.035446566 -0.040697162
37.5 0.029212454 -0.011775779
42.5 0.032797327 -0.010906018
47.5 0.022251876 -0.014589982
52.5 0.011941921 -0.0095224691
57.5 0.0058864424 -0.012718732
62.5 0.0030726253 -0.0087509337
67.5 0.0031988349 -0.0058827537
72.5 0.003081857 -0.0039600057
77.5 0.0024722687 -0.0058465529
82.5 0.0013834585 -0.0063789235
87.5 -0.00029128407 -0.0076234621
92.5 -0.00079508166 -0.0060204402
97.5 0.00085104671 -0.0081025332
102.5 0.0011120254 -0.0092342775
107.5 0.0010409986 -0.0087183355
112.5 0.00046864008 -0.009493443
117.5 -0.0010119516 -0.0066311288
122.5 -0.0011281663 -0.0063895768
127.5 -0.0018351894 -0.0023043343
132.5 -0.0016803428 -0.002309665
137.5 -0.001511904 -0.0028660854
142.5 -0.0010455597 -1.0236397e-06
147.5 0.000546495 -0.00082284966
152.5 0.00034801922 -0.0044012188
157.5 -0.00032779826 -0.0047221861
162.5 -0.00095764349 -0.0038367397
167.5 -0.0014835011 -0.00072699063
172.5 -0.0014131756 -2.3847365e-05
177.5 -0.00084780621 -0.0010750384
182.5 0.00023159867 -0.0019131133
187.5 1.709712e-05 -0.001414039
192.5 -5.4416964e-05 -6.7430476e-05
197.5 -0.00052769875 -0.00047029672
