2.5 11.595583 -0.119985
7.5 1.6864433 -0.12687392
12.5 0.41217534 -0.066256986
17.5 0.0087881975 -0.047320889
22.5 -0.13102252 -0.036618782
27.5 -0.13727922 -0.050142474
32.5 -0.037545786 -0.042207437
37.5 0.026283019 -0.015543589
42.5 0.028983264 -0.0010067559
47.5 0.018557401 0.0082122941
52.5 0.01050896 0.0078667921
57.5 0.0040740818 -0.0068598473
62.5 0.0047854166 -0.0075626369
67.5 0.0028716166 -0.011442619
72.5 0.00015556859 -0.01062855
77.5 0.00030145132 -0.0040020509
82.5 0.00036223415 -0.0017138579
87.5 0.0004395899 0.00049541692
92.5 0.001362957 -0.0012723577
97.5 0.0020388514 0.002353569
102.5 0.001259626 -0.0016748751
107.5 0.0010933228 0.00029785475
112.5 -0.00029130839 -0.0041319629
117.5 0.0011161742 -0.0031588865
122.5 -0.00048937177 -0.00039428167
127.5 0.0018046773 0.0035649645
132.5 0.0011622892 7.3529746e-05
137.5 0.0017136915 -0.0024704396
142.5 -0.0010845094 -0.0017147626
147.5 0.001216789 -0.0015797331
152.5 0.00079459492 -0.0029862431
157.5 0.0010434592 -0.001034069
162.5 0.00096294603 0.00063294301
167.5 0.00065292917 -0.0013339384
172.5 0.00077151541 -0.0025313324
177.5 0.00087959053 -0.0014976958
182.5 -0.00037650658 0.002395794
187.5 -0.00011870853 0.003850841
192.5 -0.00042062795 -0.00060232938
197.5 -4.8585006e-05 -0.0026329912
