2.5 11.398293 -0.17006431
7.5 1.6495836 -0.0680744
12.5 0.3890509 -0.037302032
17.5 -0.0031703639 -0.042181399
22.5 -0.13987264 -0.047909605
27.5 -0.14440502 -0.047673285
32.5 -0.040272402 -0.03965783
37.5 0.031098077 -0.011446742
42.5 0.029475195 -0.0030270611
47.5 0.015954908 -0.0013913659
52.5 0.011214929 0.0024247047
57.5 0.004313777 0.0023322876
62.5 0.0040572251 -0.00325619
67.5 0.0051203033 -0.0040568139
72.5 0.0014282175 -0.0023224975
77.5 0.0010203705 5.5459162e-06
82.5 -0.002136776 -0.0018948515
87.5 -0.0015457032 -0.0046601532
92.5 0.0019621062 -0.0030154424
97.5 0.001288816 -0.0033319682
102.5 0.00066518286 -0.0058933572
107.5 -0.00027340176 -0.0035847666
112.5 -1.6781563e-05 -0.00032892715
117.5 -0.0017154029 0.0015556204
122.5 -0.00070756123 -0.001376461
127.5 0.00031132008 -0.00075317373
132.5 -0.00051822736 -0.00095720193
137.5 -0.0010769997 -0.0017108777
142.5 -0.0011641498 0.0011577685
147.5 -0.002259897 0.0017401435
152.5 -0.0013676325 -0.0014086271
157.5 -0.00092135257 -0.0040859545
162.5 -0.00068939243 -0.0040102301
167.5 0.00033550998 -0.0031281873
172.5 4.4444799e-05 -0.00078094747
177.5 0.00038419338 0.0030587637
182.5 -0.00081872635 0.0050821185
187.5 -0.00078795461 0.0031223071
192.5 -0.00065618886 0.0013815378
197.5 -0.0011105911 -0.0013866555
