2.5 11.070765 0.20836789
7.5 1.5996716 -0.066583425
12.5 0.38011436 -0.041991732
17.5 0.0043181855 -0.035955147
22.5 -0.12927085 -0.04536649
27.5 -0.14050703 -0.044779726
32.5 -0.034960614 -0.035793672
37.5 0.028367288 -0.015686692
42.5 0.02283668 -0.0074826085
47.5 0.020115137 -0.0051200575
52.5 0.013511685 -0.0011613622
57.5 0.0064969183 -0.0059663895
62.5 0.0023614383 -0.0120234
67.5 0.0034902223 -0.013051511
72.5 0.0035101171 -0.015524126
77.5 0.0024024075 -0.0063809538
82.5 0.003077771 -0.0021412163
87.5 0.0016619268 -0.0018584677
92.5 0.00043197764 -0.00088934412
97.5 0.0013512559 -0.0068565016
102.5 0.0013539409 -0.0083733755
107.5 0.00034980122 -0.010049636
112.5 -0.0012407756 -0.0065689819
117.5 -0.0013017038 -0.0015910093
122.5 -0.00093189486 -0.0032004131
127.5 -0.00023485861 -0.0017087486
132.5 0.00020535468 -0.0027669371
137.5 0.00023751735 -0.0045187645
142.5 6.5900493e-05 -0.0048634967
147.5 -0.001587764 -0.0012547221
152.5 -0.001095866 -0.0019327103
157.5 -0.00060146212 -0.0018286502
162.5 0.00012840937 -0.0017628079
167.5 -0.00027695767 -0.002468372
172.5 4.4759154e-05 -0.0016265577
177.5 0.00073833331 0.00061051845
182.5 0.00080824227 0.0022209691
187.5 0.00063167784 -0.00069284035
192.5 0.00045334947 -0.00042566138
197.5 0.0005436859 0.0015747512
