2.5 10.929155 0.23223009
7.5 1.5867722 -0.10560402
12.5 0.38133614 -0.059317829
17.5 0.00084927707 -0.054848738
22.5 -0.13402045 -0.056810723
27.5 -0.1411102 -0.058037498
32.5 -0.035239036 -0.041872754
37.5 0.029750869 -0.032345844
42.5 0.029512597 -0.018213145
47.5 0.020325187 0.0038439422
52.5 0.016569403 -0.0028741023
57.5 0.011428431 -0.0085418534
62.5 0.0056192643 -0.013994687
67.5 0.00081614619 -0.010581613
72.5 0.0020117172 -0.0099424471
77.5 0.0027389599 -0.0029708124
82.5 0.002185922 0.00051855987
87.5 0.0012887707 -0.0049436973
92.5 0.00070169698 -0.0061435517
97.5 -1.4957034e-05 -0.0059390297
102.5 0.0015341562 -0.0027953682
107.5 0.0025740039 -0.006545169
112.5 0.0021811467 -0.0040568522
117.5 0.0010821488 -0.0024008137
122.5 0.0011028656 -0.0024854135
127.5 -0.00075777362 -0.0027693884
132.5 0.0011756512 -0.0011883744
137.5 0.0027934031 -0.00045363451
142.5 0.0021178251 -0.0019746678
147.5 0.00029618058 -0.0036757912
152.5 -0.0010350064 -0.0042565307
157.5 -0.00037437213 -0.00093995459
162.5 0.00098248236 0.00037715025
167.5 0.001458584 0.0034319028
172.5 0.0013226993 0.0024291531
177.5 0.00050997883 -0.00070072435
182.5 0.0013656352 -0.00022129716
187.5 0.0010366762 -0.0024424523
192.5 0.00025528605 -0.00078379615
197.5 -0.00074628868 -0.0019027808
