2.5 11.453575 -0.21621871
7.5 1.6561844 -0.074449823
12.5 0.3883564 -0.052286678
17.5 -0.00090843752 -0.049451597
22.5 -0.14060012 -0.055306712
27.5 -0.14460724 -0.05660507
32.5 -0.040739971 -0.027914056
37.5 0.024515829 -0.0035440569
42.5 0.026716468 0.003672324
47.5 0.015227321 0.00062860553
52.5 0.0063311828 -0.00078926573
57.5 0.0045238685 -0.0040308419
62.5 0.003237956 -0.0077312314
67.5 0.002330084 -0.0047362048
72.5 0.0012383811 0.0011203024
77.5 0.0022263394 -0.0022480731
82.5 1.4319898e-05 -0.0057914193
87.5 -0.0021953781 -0.00014648877
92.5 -0.00023769463 -0.0026492336
97.5 0.00097613777 -0.0022428583
102.5 0.0017677678 -0.0033776122
107.5 0.0019206443 -0.0011958569
112.5 4.8296404e-05 -0.0026715541
117.5 -0.0013617799 -0.0069728718
122.5 -0.00017901659 -0.0030765971
127.5 -4.1538745e-05 0.0032079908
132.5 -0.0010655071 0.0025983133
137.5 0.002136858 9.4542564e-05
142.5 0.00010107369 0.0011114623
147.5 0.00065749148 -0.0016499123
152.5 0.00081156685 -0.0043342687
157.5 0.00031295094 -0.00054649533
162.5 -0.001236793 0.0015847439
167.5 -0.00089280352 -0.0002736105
172.5 -4.23549e-05 0.00053900879
177.5 -1.7925645e-05 -0.0022105749
182.5 -0.00018612225 -0.002646592
187.5 0.00014724183 0.00093079963
192.5 -0.00039150704 0.0022675609
197.5 0.00028259156 0.0021882678
