2.5 11.022679 0.28231434
7.5 1.5816875 -0.054674292
12.5 0.37240245 -0.018794532
17.5 0.00191086 -0.047743183
22.5 -0.13212704 -0.047700723
27.5 -0.13809443 -0.044559589
32.5 -0.034797047 -0.034683318
37.5 0.027123987 -0.02153077
42.5 0.026553268 -0.006359625
47.5 0.020291289 0.0001002625
52.5 0.0153682 -0.0046962561
57.5 0.0105819 -0.00039907771
62.5 0.0055070668 -0.0081239841
67.5 0.004942816 -0.008661495
72.5 0.001160849 -0.008095193
77.5 -0.00037618115 -0.0066545944
82.5 -0.00040026182 -0.0048724009
87.5 0.00054647959 -0.0019871983
92.5 -0.00028661045 -0.0062697046
97.5 0.0017361186 -0.0036158651
102.5 0.0021333633 -0.0014221854
107.5 0.0010071598 -0.0029300964
112.5 0.00055593274 -0.0033366978
117.5 -1.1725341e-05 -0.0029684164
122.5 -2.5148517e-05 -0.0046159661
127.5 -0.00036274172 -0.0063162835
132.5 -0.00032562809 -0.0023869456
137.5 -0.00046613164 -0.0023810175
142.5 0.00074232544 -0.0032543164
147.5 -0.00070098316 -0.001500882
152.5 -0.0010573523 -0.0023144308
157.5 -0.00059836349 -0.0036532522
162.5 -0.0009251797 -0.0034395383
167.5 0.00015724219 -0.0065064925
172.5 0.00028876123 -0.0047488537
177.5 0.00073187077 -0.0033366152
182.5 -5.7993977e-05 -0.0035584163
187.5 -0.00066243628 -0.0022226303
192.5 -0.00022286701 -0.0013000322
197.5 0.00021708185 -0.0022233471
