2.5 10.870646 0.070678007
7.5 1.5717621 -0.08100334
12.5 0.36837451 -0.057001227
17.5 -0.0039363992 -0.060663764
22.5 -0.1365251 -0.053949404
27.5 -0.14246288 -0.037425462
32.5 -0.04073676 -0.028635398
37.5 0.028738752 0.0060603461
42.5 0.031727 0.0021909594
47.5 0.02115947 -0.0052473725
52.5 0.014747482 -0.0057703111
57.5 0.0076026887 -0.0040165295
62.5 0.0033030653 -0.0076699079
67.5 -0.00035683901 -0.011036938
72.5 0.00051724199 -0.0096165116
77.5 0.0008314671 -0.0090039625
82.5 0.0025336063 -0.0026962251
87.5 0.00064219512 -0.00044750391
92.5 -0.00037650097 0.00015394553
97.5 0.0009823082 -0.0044366479
102.5 0.0023697154 -0.0055004335
107.5 0.0016102767 -0.0056196507
112.5 0.00057521252 -0.0059176343
117.5 -0.0013840868 -0.0014311895
122.5 -0.0010845701 -0.00029944379
127.5 0.00029168271 0.001190216
132.5 -0.00056316513 -0.00058355912
137.5 -0.00055698425 -0.0050686403
142.5 -0.0010656165 -0.0047726145
147.5 -0.002336868 -0.0018831264
152.5 -0.00029092842 -0.0022902942
157.5 0.00052921492 -0.0011115049
162.5 -4.3487805e-05 0.00037857702
167.5 5.0175816e-06 -0.0013753076
172.5 -0.0010401687 -0.00026222458
177.5 -0.00070418355 0.0019100388
182.5 1.5073554e-05 0.003213062
187.5 -0.00012775349 0.0014794198
192.5 0.00058444896 -0.0015536132
197.5 0.00043383637 -0.00077157858
