2.5 10.953499 -0.17777183
7.5 1.5747282 -0.098351826
12.5 0.38171574 -0.068272844
17.5 0.0050606006 -0.054049419
22.5 -0.13285541 -0.045784148
27.5 -0.139422 -0.043057528
32.5 -0.042898929 -0.033071842
37.5 0.027053951 -0.013925223
42.5 0.032807971 -0.0094169127
47.5 0.019703835 -0.0044915933
52.5 0.012049823 3.1012334e-05
57.5 0.0095424256 -0.0017207676
62.5 0.0047955375 -0.0020231685
67.5 0.0023256096 -0.010087278
72.5 0.00093828029 -0.0094356366
77.5 0.0010228012 -0.0023857213
82.5 0.00053208785 -0.00025540251
87.5 0.0020475781 -0.0039668062
92.5 0.0013684382 -0.0030247814
97.5 0.0010295576 -0.0044863422
102.5 0.0011221882 -0.0069700189
107.5 0.00020588582 -0.0044818078
112.5 0.00089695224 -0.0015945435
117.5 0.00034860971 -0.0037129876
122.5 0.00027664364 -0.004581658
127.5 0.0013409715 -0.0016271396
132.5 0.0011979353 -0.00078391599
137.5 0.0010958041 0.0010368679
142.5 0.00089236178 0.00055178855
147.5 -6.3722113e-05 0.00029209663
152.5 -5.6784938e-05 -0.00032294655
157.5 -6.3143966e-05 -0.0040991587
162.5 0.00057126496 -0.0044639709
167.5 0.0010328324 -0.0024176362
172.5 0.00067496103 5.6912348e-05
177.5 -0.00020108904 0.0023922565
182.5 -0.00050777225 0.00024824903
187.5 -0.00060591451 -3.2354257e-05
192.5 -4.5359628e-05 -0.0018015434
197.5 0.00095499845 -0.00077698855
