2.5 10.958229 0.44026499
7.5 1.6026682 -0.0186446
12.5 0.37896223 -0.023422013
17.5 0.0012372287 -0.037509422
22.5 -0.13379493 -0.041154936
27.5 -0.13969861 -0.040640097
32.5 -0.042690267 -0.031435008
37.5 0.028095207 -0.010826688
42.5 0.024974319 1.350552e-05
47.5 0.014334981 -0.0079858392
52.5 0.010020539 -0.011047302
57.5 0.0076146615 -0.0073546589
62.5 0.0056202883 -0.0047093824
67.5 0.003275255 -0.0052141347
72.5 0.0011841871 -0.0038385034
77.5 -0.00026929073 -0.0074136206
82.5 0.00011419844 -0.0077507411
87.5 0.0024667691 -0.0068653443
92.5 0.002097323 -0.0080346318
97.5 0.001084222 -0.0012970534
102.5 0.00087693747 -0.002612365
107.5 0.00050170901 -0.0032728511
112.5 0.00020120063 -0.004987768
117.5 -0.000921019 -0.0039399716
122.5 -0.00089892243 -0.0018315384
127.5 -0.00062493797 -0.0019592919
132.5 -0.00066042569 -3.2415184e-05
137.5 -1.2889587e-05 -0.00057389622
142.5 -0.00016560915 -0.0019525342
147.5 -0.00040092704 -0.0026181342
152.5 -0.00047391365 0.00069063976
157.5 3.3085414e-05 -0.0028508855
162.5 0.00043253777 -0.0012700715
167.5 0.00045181801 -0.0014442784
172.5 -0.00033522543 -0.00070843475
177.5 -0.00025494565 -0.0011762545
182.5 0.00040362139 -0.0010836592
187.5 0.0011737612 -0.0035393211
192.5 0.00076666668 -0.00097983656
197.5 0.00027954261 -0.0015820359
