2.5 11.450835 -0.16882267
7.5 1.6804026 -0.16389796
12.5 0.41217615 -0.072264235
17.5 0.0094884771 -0.062601228
22.5 -0.13276536 -0.063337588
27.5 -0.14406981 -0.060040879
32.5 -0.03900303 -0.033949093
37.5 0.029268579 -0.012110259
42.5 0.028957546 -0.0024816592
47.5 0.019383184 -0.003483281
52.5 0.0096805033 -0.0080260756
57.5 0.0059722897 -0.0064530683
62.5 0.0047992506 -0.0038520096
67.5 0.0059323945 -0.0049063099
72.5 0.0063918919 0.00132942
77.5 0.0036966491 -0.0036509433
82.5 0.0021943989 -0.0045869933
87.5 0.00054328444 -0.0043433135
92.5 -0.00013472198 -0.00062833798
97.5 -0.0002572764 -0.0032388861
102.5 0.0012303202 -0.00070036978
107.5 0.0014838629 0.00066233088
112.5 0.0017322582 -0.00028106017
117.5 0.0013320357 -0.00081684902
122.5 0.00067524049 -0.0030088438
127.5 -0.00022765531 -0.0055345153
132.5 -0.0018329034 -0.0051898634
137.5 -0.00075006489 -0.0012020901
142.5 -0.0013550189 0.00072417449
147.5 -0.00016569254 0.0015835122
152.5 0.00097944234 -0.00098077766
157.5 0.00049650636 0.00095303524
162.5 0.0011005662 -4.1516855e-05
167.5 3.0108551e-05 -0.0020969581
172.5 0.00022233867 0.001236149
177.5 -0.00022983828 0.0045854403
182.5 0.00035721553 0.0049468807
187.5 0.00023989369 0.0049554669
192.5 -0.00014377217 0.0024443464
197.5 0.00071228818 0.001506723
