2.5 11.577922 -0.28206599
7.5 1.7160573 -0.11575511
12.5 0.41777078 -0.045468842
17.5 0.002652173 -0.031604786
22.5 -0.13477663 -0.039839086
27.5 -0.14365618 -0.037976158
32.5 -0.038416008 -0.034718529
37.5 0.029459208 -0.014509089
42.5 0.031344679 -0.0068044178
47.5 0.021301848 0.0010655032
52.5 0.014074746 0.00031495072
57.5 0.0094530497 0.0078239855
62.5 0.0059449897 -0.0022233064
67.5 0.00052541622 -0.0038107071
72.5 0.00090051856 -0.0069323774
77.5 0.0001491059 -0.008586877
82.5 -0.00053046292 -0.0040219144
87.5 0.0015383385 -0.0011476012
92.5 0.0028115115 0.0020162662
97.5 0.0028092731 -0.00038792709
102.5 -0.00034465065 -0.0039996403
107.5 -3.5500586e-05 -0.00081203474
112.5 -0.0013916631 -0.002915797
117.5 0.0015855819 -0.0016086937
122.5 1.8287784e-05 0.00065377348
127.5 0.0029801524 0.004406394
132.5 0.00086653406 0.00034900477
137.5 -0.00062932671 -0.0017593181
142.5 -0.0001171592 -0.0012574043
147.5 0.00011292853 -0.0016169095
152.5 -6.1050491e-05 -0.0020333472
157.5 0.00084433996 -0.0015845705
162.5 0.00029307482 -0.0005662137
167.5 -0.00080739717 -0.00084268254
172.5 -0.00033633321 0.00033677066
177.5 -0.00017120971 0.0012450839
182.5 -0.0012108052 -0.00096340475
187.5 -0.0016688492 -0.0026428899
192.5 -0.00059019513 -0.0031338337
197.5 0.00030554321 -0.0012620626
