2.5 11.100143 0.26957903
7.5 1.6094669 -0.093765889
12.5 0.37688373 -0.053889164
17.5 -0.0039547804 -0.04930771
22.5 -0.136159 -0.039556719
27.5 -0.14384024 -0.042295114
32.5 -0.036487737 -0.028936958
37.5 0.033683074 -0.011479466
42.5 0.031701865 -0.0054919734
47.5 0.019881462 -0.00048147881
52.5 0.013434052 -0.00048296797
57.5 0.0078913618 -0.0042455589
62.5 0.0068446451 0.0013383829
67.5 0.0043057532 -0.0035910814
72.5 0.0027154523 -0.0072329653
77.5 0.0011555834 -0.0098642855
82.5 0.0019782567 -0.0080584484
87.5 0.0020617892 -0.0064981235
92.5 0.0011788228 -0.0058699505
97.5 0.00032610931 -0.0024435398
102.5 -0.00036250307 0.00036880943
107.5 0.00038050549 -0.00026039543
112.5 0.0022758335 -0.0014100261
117.5 0.001734643 -0.0034808906
122.5 -0.00040960296 -0.0057164743
127.5 -0.0015573159 -0.0066441806
132.5 0.00011784668 -0.0068761704
137.5 -0.00069042433 -0.005401165
142.5 -0.00021077108 -0.0050291692
147.5 -0.00059114693 -0.00067438252
152.5 -0.00018151135 0.0017614787
157.5 -0.00086617988 -0.00014416498
162.5 -0.00018939357 -0.0035163642
167.5 0.00099567285 -0.003282084
172.5 0.00068472894 -0.0037724933
177.5 2.2534988e-05 -0.0022685365
182.5 0.00095530559 -0.00096778518
187.5 0.00062500041 0.0009603032
192.5 0.00038135064 0.00017938547
197.5 2.6131611e-05 0.00019998766
