2.5 11.479645 -0.3714609
7.5 1.6835457 -0.12279306
12.5 0.41074104 -0.024352148
17.5 0.017622191 -0.03758285
22.5 -0.12870634 -0.031595037
27.5 -0.13449698 -0.036439094
32.5 -0.039087023 -0.029397193
37.5 0.027964762 -0.012754031
42.5 0.027692431 -0.0043914586
47.5 0.020677621 0.0036295283
52.5 0.012394289 0.0018364485
57.5 0.0080628066 0.0049468198
62.5 0.0017001309 0.0044438365
67.5 0.001320351 -0.0019334242
72.5 0.0013200119 -0.00028339318
77.5 0.0025417507 -0.0033775213
82.5 0.0008902857 -0.0040635704
87.5 -0.0011848212 -0.0045635168
92.5 -0.0020483895 -0.0055648811
97.5 0.0026119247 -0.0041455454
102.5 0.0018840109 -0.004633428
107.5 0.0014261265 -0.0044802945
112.5 0.0010630358 0.00080349382
117.5 -0.00054090458 0.00076945163
122.5 -0.0019098675 -0.0010131991
127.5 -0.00046454207 0.0023418023
132.5 0.00072521562 -0.0010230751
137.5 0.0017891951 -0.002932786
142.5 0.0011880991 0.00011126423
147.5 0.00059849172 0.0028155893
152.5 -0.0022777376 0.0028214047
157.5 -0.0012816275 0.00079466851
162.5 0.00027316328 0.00055420907
167.5 2.9044283e-05 -0.0019506212
172.5 1.7941443e-06 0.00054318684
177.5 0.00096940118 -0.0018692191
182.5 -0.00016182331 -0.0012152236
187.5 0.00095773805 0.000708303
192.5 0.00079701822 -0.0012394146
197.5 0.00098246577 0.0019023409
