2.5 10.951049 0.030232531
7.5 1.5754329 -0.10727697
12.5 0.37226148 -0.057802961
17.5 -0.0016183644 -0.055936292
22.5 -0.14018448 -0.053921596
27.5 -0.14376355 -0.047153095
32.5 -0.039607309 -0.025164114
37.5 0.029645514 -0.019841401
42.5 0.029063676 -0.012064062
47.5 0.018196143 -0.0086905638
52.5 0.010475709 -0.0029111449
57.5 0.004866003 -0.0011171513
62.5 0.0025761284 -0.0064219819
67.5 0.0024106287 -0.0074196464
72.5 0.0025692375 -0.0031603769
77.5 0.0035024349 -0.0050700386
82.5 0.0023237053 -0.0037583462
87.5 0.001225292 -0.0057090601
92.5 -0.00082883502 -0.00099493636
97.5 -0.00063267782 -0.0028014331
102.5 0.00039788421 -0.0049399057
107.5 -0.00068534807 -0.0041333939
112.5 0.00031220085 -0.0054772739
117.5 4.3649373e-05 -0.0016174565
122.5 0.00045184109 -0.0036159197
127.5 0.00075481087 -0.0036940019
132.5 -0.00076420547 -0.0031686232
137.5 -0.0014874051 -0.00022619423
142.5 -0.0015181757 0.0016696272
147.5 -0.0013977838 -0.001572409
152.5 -0.00059750742 -0.0025213768
157.5 -8.5022757e-05 -0.003031245
162.5 -0.00032732944 -0.0014322091
167.5 -0.00076294746 -0.00053315365
172.5 -0.00082732165 -0.001588652
177.5 -0.00047444477 0.00043782579
182.5 8.5867477e-05 0.00058545758
187.5 -0.00059871822 -0.00055690836
192.5 0.00028771756 0.0017823613
197.5 0.00035652575 0.0016882437
