2.5 11.512815 -0.2477378
7.5 1.6794635 -0.08115095
12.5 0.40948304 -0.046623417
17.5 0.0048847334 -0.046928304
22.5 -0.13540186 -0.044596268
27.5 -0.1402316 -0.045311754
32.5 -0.035714725 -0.03503233
37.5 0.026931951 -0.016214118
42.5 0.025819119 0.0069804319
47.5 0.018009346 0.0022610513
52.5 0.010572268 -0.0058445252
57.5 0.0071102313 -0.0032615673
62.5 0.0059311947 -0.0026068051
67.5 0.0045798255 -0.0049086136
72.5 8.6114125e-06 -0.005332162
77.5 0.0011236535 -0.0067175152
82.5 -0.0009382124 -0.0069926686
87.5 -0.00064469674 -0.0060054289
92.5 -0.00054137452 -0.0031958842
97.5 -0.00066370499 0.001245485
102.5 0.0029586751 -6.5844308e-05
107.5 0.0018495904 -0.0031930173
112.5 0.0016272286 -0.0020554266
117.5 0.0014834337 -0.0038275351
122.5 0.0009305898 -0.0062821114
127.5 0.00011607884 -0.0020080011
132.5 -0.00042361603 0.00025337706
137.5 -0.0028551431 0.00071280909
142.5 -0.00065019692 0.0013883366
147.5 0.00063695978 -0.00033943523
152.5 0.00084604409 -0.00035226195
157.5 0.00076580606 -0.0030474265
162.5 -0.00050919648 -0.0036454173
167.5 -9.3277556e-05 -0.00063995408
172.5 0.00064635698 -0.00068968425
177.5 -0.0001180383 -0.0014138301
182.5 -0.00010633528 -0.001806923
187.5 -0.00012526913 -0.0025818242
192.5 -0.0004607626 -0.0022228487
197.5 -0.00028493575 0.00079915718
