2.5 11.460834 -0.11448345
7.5 1.6741774 -0.10316021
12.5 0.39484941 -0.072838888
17.5 0.0039834069 -0.057237743
22.5 -0.13413603 -0.06233428
27.5 -0.14060696 -0.056690963
32.5 -0.037271068 -0.036606156
37.5 0.032035106 -0.0045583186
42.5 0.028307386 0.010166257
47.5 0.019740237 0.0097779616
52.5 0.013766099 0.0066221416
57.5 0.0069097027 0.0013637832
62.5 0.0020230958 -0.0097881565
67.5 0.00024812105 -0.013375725
72.5 0.0023985463 -0.005796043
77.5 0.0020398458 -0.0066606239
82.5 -0.00028281365 -0.0039938509
87.5 -0.0014052162 -0.0023086942
92.5 0.00030170328 -0.0045666288
97.5 0.00037158116 -0.0020971839
102.5 -0.00061991162 -0.006210108
107.5 9.1166351e-06 -0.0087174218
112.5 0.00038996382 -0.0037445889
117.5 -0.00016962237 -0.0016093103
122.5 -0.00086960731 -0.0018794796
127.5 0.00020277672 -0.00058541973
132.5 0.00025689918 -0.0021598234
137.5 0.00016384628 0.0011557125
142.5 0.00060043485 0.00075703105
147.5 0.00016235491 0.0032244901
152.5 0.0022514243 0.0013538659
157.5 0.0011639765 0.00029029084
162.5 0.00038578436 -0.00054392895
167.5 -0.00016068015 -0.0039438546
172.5 -0.00014171773 -0.0049042076
177.5 0.00065683978 -0.0023937559
182.5 0.00072267481 -0.00060877227
187.5 0.00084107822 0.001067163
192.5 0.00032284098 -0.00011836379
197.5 -0.00013345366 0.001036327
