2.5 11.653136 -0.45475504
7.5 1.7001864 -0.1583444
12.5 0.40037109 -0.083699283
17.5 0.005009145 -0.049339787
22.5 -0.13449347 -0.038249424
27.5 -0.14545134 -0.042709273
32.5 -0.040459266 -0.030562109
37.5 0.029711202 -0.0035684415
42.5 0.027329087 0.0094315854
47.5 0.019935209 0.0067626151
52.5 0.01005777 -0.0041485924
57.5 0.008300027 -0.0054811725
62.5 0.0057888174 -0.004724393
67.5 0.0028460593 -0.0060208866
72.5 0.004143188 -0.0017796195
77.5 0.00081668402 0.0009317959
82.5 0.0011963277 -0.003372614
87.5 -0.00023197478 -0.0017128285
92.5 -0.00024965081 -0.0055925705
97.5 -0.0021218385 -0.0039933846
102.5 -0.0011910878 -0.0019718156
107.5 -0.00030147676 -0.0013859464
112.5 -0.00078050071 -0.0024384475
117.5 -0.00039005649 -0.00076079344
122.5 0.00011102888 0.001424848
127.5 0.00038185273 0.00089109886
132.5 0.00023162441 0.00023435903
137.5 0.00018162855 -0.002012725
142.5 -0.0015500707 -0.0020930558
147.5 -0.00031360369 -7.2952144e-05
152.5 0.00014108296 -0.00082796914
157.5 0.00045385943 -0.0016759709
162.5 0.00060601342 -0.0035091638
167.5 0.00084821053 0.00010900718
172.5 8.1779471e-05 -0.0005611391
177.5 0.0010107911 -0.00017646542
182.5 -0.0010044288 -0.0010608379
187.5 -0.00042408042 0.0015707948
192.5 6.4518077e-05 -0.00070290959
197.5 -6.5696745e-05 0.00041994134
