2.5 11.045783 0.20545988
7.5 1.5847632 -0.090242887
12.5 0.37712091 -0.046766942
17.5 -0.0014507448 -0.027440028
22.5 -0.13243526 -0.023694327
27.5 -0.14271829 -0.026926652
32.5 -0.041273022 -0.032437552
37.5 0.028798711 -0.015853105
42.5 0.030180677 -0.0062312451
47.5 0.01759883 -0.0056022486
52.5 0.01028848 -0.0037987061
57.5 0.0053435864 -0.0036736125
62.5 0.0026002868 -0.002406956
67.5 0.0018494421 -0.0071477165
72.5 0.0021487256 -0.0065489589
77.5 0.0025226751 -0.0094651158
82.5 7.8731223e-05 -0.0046368453
87.5 -2.6351353e-05 -0.0016395341
92.5 0.00095992495 -0.0021773292
97.5 0.0012705616 -0.0024639636
102.5 -0.00024642881 -0.0028221515
107.5 0.00099032345 -0.0075093931
112.5 -0.00091131418 -0.0071909172
117.5 -0.00041053134 -0.0041027929
122.5 -0.002179166 -0.0027184041
127.5 -0.0018215981 -0.0020419045
132.5 -0.00070913722 4.9115271e-05
137.5 -1.6887041e-05 -0.0015748068
142.5 0.00012668865 -0.0021185411
147.5 0.00085152194 -0.0028009417
152.5 -0.00038885824 -0.0011754835
157.5 -0.0010021482 0.00078705662
162.5 -0.0010384986 -0.001517652
167.5 0.00021424434 -0.0025918813
172.5 -0.0011405901 -0.0017540503
177.5 -0.00093104901 -0.00048787223
182.5 -0.00042374223 0.0007796563
187.5 -0.00044183756 0.00095856034
192.5 -8.2583884e-05 -0.00021571787
197.5 0.00056498656 0.0003772242
