2.5 11.585536 -0.46697303
7.5 1.6961688 -0.16668012
12.5 0.41325727 -0.066013129
17.5 0.013984205 -0.067405955
22.5 -0.13076097 -0.055621452
27.5 -0.13700879 -0.045886498
32.5 -0.038109998 -0.037028506
37.5 0.027098353 -0.020044485
42.5 0.027174674 -0.010545655
47.5 0.018414211 -0.0074866994
52.5 0.011868156 -0.0024103908
57.5 0.005928938 -0.005449966
62.5 0.0025389216 -0.006190479
67.5 0.00029549198 -0.0041728513
72.5 0.00094963187 -0.0013332019
77.5 0.0035533345 -0.00977755
82.5 0.003935286 -0.0082257714
87.5 0.0015340676 -0.0076769179
92.5 -0.0014736704 -0.0034638026
97.5 0.00016256577 -0.00087394898
102.5 0.0027793774 -0.0023094182
107.5 0.0018149311 -0.00094188907
112.5 7.9865951e-05 0.000559543
117.5 -0.0020185712 0.0012514669
122.5 -0.0027021754 0.00027783862
127.5 -0.0033776691 -0.0032255171
132.5 -0.00090566324 -0.0036496385
137.5 0.0002621875 -0.0015927553
142.5 0.0017966759 0.0001073584
147.5 0.001173988 -0.00054926848
152.5 0.0014822999 -0.0020945591
157.5 0.0005980679 0.00018783542
162.5 0.0013525783 0.0018850625
167.5 0.0004615194 0.0015944936
172.5 -0.00051551447 0.0034823906
177.5 0.00029881019 0.0017532992
182.5 0.00033878206 -5.1002966e-05
187.5 -0.00023990932 -0.00066176593
192.5 0.00078462615 0.0026253518
197.5 0.00081930584 0.00024892447
