2.5 11.150393 0.15651827
7.5 1.6469799 -0.085430244
12.5 0.39896933 -0.081822572
17.5 0.0041170635 -0.049524938
22.5 -0.12949922 -0.03950666
27.5 -0.13235697 -0.02607493
32.5 -0.035483616 -0.011674614
37.5 0.027047756 0.0037688888
42.5 0.031173637 0.0045782093
47.5 0.02226885 -0.010076173
52.5 0.015242888 -0.012206884
57.5 0.012173812 -0.0065713724
62.5 0.007578947 -0.00044466335
67.5 0.0045994135 0.0017638527
72.5 0.003679468 -0.003768838
77.5 0.0016578154 -0.0061027523
82.5 0.0020903545 -0.0062206158
87.5 0.0013302819 -0.0063279042
92.5 0.0027406269 -0.0046508867
97.5 0.0024156151 -0.0043538826
102.5 0.002002773 -0.008632946
107.5 0.0015492744 -0.0090569802
112.5 0.001252871 -0.0082310897
117.5 0.00026870473 -0.0038523209
122.5 1.6677609e-05 -0.0016196248
127.5 0.0012743757 -0.0037700926
132.5 0.001704407 -0.0042932324
137.5 0.0011872351 -0.005725305
142.5 0.0011473694 -0.0056565497
147.5 0.0015258338 -0.0051558315
152.5 0.0013268816 -0.0014715074
157.5 0.0011671819 -0.0019268549
162.5 0.00028290177 -0.0028317363
167.5 -0.00080505069 -0.00398532
172.5 0.00050608202 -0.0028828467
177.5 0.00032897668 -0.00032028909
182.5 0.00062546627 -0.0015080066
187.5 0.00035920745 -0.00078713077
192.5 0.00097927653 3.3539316e-05
197.5 0.00055169592 0.00021967747
