2.5 11.594198 -0.48385889
7.5 1.7057157 -0.10450749
12.5 0.42181041 -0.056882324
17.5 0.0089251847 -0.057420304
22.5 -0.1367877 -0.040976834
27.5 -0.14327861 -0.038630366
32.5 -0.040726771 -0.031366831
37.5 0.021470052 -0.02103843
42.5 0.029815573 -0.011244561
47.5 0.021542813 -0.0084763452
52.5 0.013884285 -0.012680869
57.5 0.0068225076 -0.00020281046
62.5 0.0068198565 0.0011062733
67.5 0.0021592667 -0.0018354229
72.5 0.00076737919 -0.0054705551
77.5 -0.0028340774 -0.00069990195
82.5 0.0011402466 -0.00053553302
87.5 5.6298418e-05 -0.0029706051
92.5 0.00081109003 -0.0048398661
97.5 -0.0016669678 -0.0046074777
102.5 -0.00052892031 -0.0034028812
107.5 -0.0011104135 -0.0034875102
112.5 0.00012492904 -0.0044892993
117.5 0.0013906444 -0.004413078
122.5 -0.00014085569 -0.0066525706
127.5 -0.00057858869 -0.0070787087
132.5 -0.00078103688 -0.0037827879
137.5 -0.0012105521 -0.0021791328
142.5 -0.00068358013 -0.00047143912
147.5 0.00067854412 0.00036996987
152.5 -1.7231544e-05 -0.0019171773
157.5 -0.0015326598 -0.0015495638
162.5 -0.0028760656 -0.0036263853
167.5 -0.0012392061 -0.0053500202
172.5 0.00024199857 -0.0019837907
177.5 -9.9742351e-05 0.0012486084
182.5 0.00054923406 0.002835153
187.5 0.00091170353 0.0013866146
192.5 0.0002441155 0.00067810636
197.5 0.0003239237 -0.00043938404
