2.5 11.415154 -0.12980994
7.5 1.6679339 -0.057794672
12.5 0.40370739 -0.039902583
17.5 0.014364574 -0.033872122
22.5 -0.13462857 -0.038848862
27.5 -0.13994145 -0.037372158
32.5 -0.037994749 -0.033367294
37.5 0.030795794 -0.010547918
42.5 0.032389127 0.0015231049
47.5 0.019896082 -0.0065679085
52.5 0.009021049 -0.0061534324
57.5 0.0035112478 -0.0020997332
62.5 0.00099322269 0.005480585
67.5 0.0013617041 -0.00085385244
72.5 -0.00013546389 -0.0042933049
77.5 0.00046111639 -0.0028382299
82.5 0.0010469451 -0.0031686374
87.5 -0.0017131689 -0.0036053695
92.5 -0.0017868384 -0.0044975963
97.5 -0.001740406 -0.0033401166
102.5 -0.00086522381 -0.00034417297
107.5 0.0011741865 -0.0030728272
112.5 0.000355771 -0.0017208546
117.5 -0.0023758292 -0.0033378395
122.5 -0.0020686739 -0.0020886206
127.5 0.00050548104 -0.0008264144
132.5 -0.00033216112 -0.0044272695
137.5 -0.00046871121 -0.0057975486
142.5 -0.00048350218 -0.0054020522
147.5 0.00087232069 -0.0020078329
152.5 0.0013536036 0.00058243533
157.5 0.0010240203 -0.00060709822
162.5 0.0016756467 -0.00030383722
167.5 0.00079458716 0.00096493733
172.5 0.00065428409 0.0010697896
177.5 0.00020916292 0.0015256254
182.5 -0.00072999808 0.0019801036
187.5 7.752814e-05 -0.0001193937
192.5 -0.00016892849 -0.0018997416
197.5 -0.00040013089 -0.0021878014
