2.5 11.473851 -0.42380315
7.5 1.7047234 -0.13842226
12.5 0.41708376 -0.064181403
17.5 0.0078342002 -0.04719618
22.5 -0.13253897 -0.042599341
27.5 -0.14052308 -0.045205256
32.5 -0.044579065 -0.037685117
37.5 0.022231553 -0.010797892
42.5 0.023988638 -0.0034728285
47.5 0.017818971 -0.003601052
52.5 0.01284375 0.00026919048
57.5 0.0074601064 -0.0022722205
62.5 0.0023727768 -0.0025630686
67.5 0.0024183568 -0.0015264175
72.5 -0.00032849895 -0.0077134565
77.5 0.0012145767 -0.00054116936
82.5 0.0015430224 -0.0076483609
87.5 0.0017739527 -0.0039743263
92.5 0.0034486146 -0.00093313124
97.5 0.001111371 0.00068857391
102.5 0.0015303827 -0.002986104
107.5 -6.8246283e-05 -0.0024896763
112.5 0.00043831395 -0.0012513124
117.5 0.0014660856 0.00037317426
122.5 0.0013521256 -0.00026728335
127.5 0.00037278103 0.0029691334
132.5 0.00078547138 0.0032746762
137.5 0.00040562086 0.0002846008
142.5 0.00033258025 0.00081019155
147.5 -0.0010052946 -0.0043776171
152.5 -0.001525719 -0.0070834486
157.5 -0.0012190708 -0.006276699
162.5 -0.00033586663 -0.0023970836
167.5 0.0004217042 0.0013986405
172.5 0.00031953942 0.0033992772
177.5 -0.00071304115 -0.00096914188
182.5 -0.00082590907 -0.0061882887
187.5 -0.00068644816 -0.0051165194
192.5 0.00025476722 -0.0020532339
197.5 -0.0025980377 -0.00044022269
