2.5 11.559735 -0.37393341
7.5 1.679723 -0.10918868
12.5 0.41241201 -0.082058934
17.5 0.0061484948 -0.047927155
22.5 -0.1331616 -0.0447109
27.5 -0.13834109 -0.043402159
32.5 -0.037433228 -0.026026296
37.5 0.02943578 -0.001624894
42.5 0.028922928 0.0045844654
47.5 0.022584649 -0.0044865405
52.5 0.014962915 -0.0094398449
57.5 0.0076162898 -0.010440695
62.5 0.00328382 -0.0069153281
67.5 0.001806948 -0.0046446601
72.5 0.00065221992 0.00066265382
77.5 0.00044853232 0.00041288046
82.5 0.00077653035 0.0016499885
87.5 0.0015716503 0.0016492825
92.5 -0.0011318403 -0.0033976513
97.5 -0.00095520222 -0.0026134711
102.5 -0.0016814269 0.0012690721
107.5 -0.00060579489 -0.0017984571
112.5 4.9079801e-05 0.00070980659
117.5 0.00050141649 -0.0020918889
122.5 -0.00028622865 -0.0029398796
127.5 -7.535265e-05 -0.0017532077
132.5 0.0010055868 -0.0051561833
137.5 0.00010920867 -0.0019445906
142.5 -0.00043181501 -0.0019991928
147.5 -0.0021768704 -0.0030781505
152.5 -0.001946065 -0.00017958157
157.5 -0.00071626333 -0.0026376069
162.5 -0.00060572168 -0.0012913123
167.5 -0.00069434483 -0.00093710413
172.5 0.0014892395 0.0013536356
177.5 0.00066952077 0.0024826012
182.5 0.00022696527 -0.0031426724
187.5 3.423661e-05 -0.0037781704
192.5 -0.00016609725 -0.0047420802
197.5 0.0012479074 -0.0014974802
