2.5 10.886311 0.42574841
7.5 1.5669252 -0.12649249
12.5 0.37584692 -0.06024955
17.5 0.0017658972 -0.04308202
22.5 -0.13115703 -0.031089791
27.5 -0.13472737 -0.032474056
32.5 -0.03383981 -0.021291938
37.5 0.033895235 -0.015283716
42.5 0.029590067 -0.010969274
47.5 0.017435306 -0.012734301
52.5 0.012914001 -0.0079483723
57.5 0.0069411465 -0.0057384677
62.5 0.0044363309 -0.010048626
67.5 0.0057285652 -0.0073707259
72.5 0.0032663134 -0.0082695745
77.5 0.00067072932 -0.0060697959
82.5 -0.00012290779 -0.0071805282
87.5 0.0029216166 -0.0083809885
92.5 0.0036690092 -0.0074058797
97.5 0.0033592028 -0.0067736253
102.5 0.00094559206 -0.0062370781
107.5 0.0022122166 -0.0074572804
112.5 0.0011808215 -0.0025944518
117.5 0.00041878337 -0.004197667
122.5 0.00028228649 -0.0069731173
127.5 -0.0003243982 -0.0059722135
132.5 0.00093264474 -0.0035291011
137.5 0.00040699439 -0.0020064058
142.5 -0.0015370372 -0.0025810864
147.5 -0.0014206714 -0.0026970547
152.5 -0.00019953311 -0.0023298401
157.5 -0.0005319366 -0.002317321
162.5 -0.00075512269 -0.0015331115
167.5 0.00051387569 -0.00096851015
172.5 -0.00013815325 -0.00073056238
177.5 -0.00050862521 -0.0019896077
182.5 1.7156624e-05 -0.00063205765
187.5 0.0002576321 -8.8788713e-05
192.5 0.0010763849 -1.840112e-05
197.5 0.0010079727 0.00018778629
