2.5 11.640462 -0.51098382
7.5 1.686564 -0.11949298
12.5 0.40312283 -0.070148326
17.5 0.0069496905 -0.056034241
22.5 -0.13262678 -0.049220244
27.5 -0.14395182 -0.040357911
32.5 -0.039046191 -0.020125106
37.5 0.031298768 -0.0059249558
42.5 0.033535106 0.00052411991
47.5 0.020230118 0.0037530097
52.5 0.012418321 -0.0037224822
57.5 0.0079373282 -0.0069420154
62.5 0.0038223231 -0.0074792287
67.5 0.0036665493 -0.015118801
72.5 0.0016381591 -0.0095825465
77.5 0.0013957387 -0.0011965467
82.5 0.00049899758 0.0020366349
87.5 -0.00060569676 0.0028006428
92.5 0.00010357159 0.0033784291
97.5 -0.00058075865 -0.003268546
102.5 0.00032951936 -0.0039848143
107.5 0.00047947832 -0.006937142
112.5 -0.00022325562 -0.0051682809
117.5 -0.00033266122 -0.0026383191
122.5 0.00082140561 0.00032311461
127.5 0.00069939687 -5.2487141e-06
132.5 -0.00068665855 -0.0027553382
137.5 -0.0014538982 -0.00073081573
142.5 -0.00034946357 0.0017448758
147.5 0.00044096199 0.00037145374
152.5 -1.7791609e-05 -0.0019113751
157.5 -0.0010270077 -0.0020166644
162.5 -2.5302788e-05 -0.0018092122
167.5 0.00065267321 -0.0014131333
172.5 0.00047521993 -0.0032762308
177.5 0.00070223276 -0.0040054386
182.5 0.0006238697 2.2465412e-05
187.5 -0.00051083937 -0.0012150249
192.5 -0.00055909463 -0.00098160415
197.5 0.00045950737 -0.00042504056
