2.5 11.419307 -0.31120915
7.5 1.66613 -0.16405403
12.5 0.39195228 -0.06922287
17.5 0.0047726858 -0.064760112
22.5 -0.13925872 -0.058623327
27.5 -0.14539318 -0.058455905
32.5 -0.040583801 -0.034714364
37.5 0.028768669 -0.0075645013
42.5 0.027199079 0.0044932917
47.5 0.017690259 0.001916138
52.5 0.011199779 -0.0087323052
57.5 0.0028782527 -0.0030176012
62.5 0.0035790066 -0.0030778179
67.5 0.004548006 -0.007982349
72.5 0.0034058008 -0.002218784
77.5 0.0017165686 -0.0047669613
82.5 0.0012354066 -0.0068846502
87.5 0.003077875 -0.0017595543
92.5 0.00094918235 -0.00034789621
97.5 0.0018380181 0.0006719083
102.5 0.0013561636 0.0020589754
107.5 -4.7060813e-05 -0.0036950277
112.5 -0.00060266689 -0.0016478902
117.5 0.00021195152 -0.0055942061
122.5 0.00021646213 -0.0036644399
127.5 0.00091838673 -0.00086594894
132.5 0.00020045247 0.00011670275
137.5 -0.00018664991 -0.0029607825
142.5 -0.0015038619 0.00065966351
147.5 -0.00086209444 -0.0017333305
152.5 0.00021671535 -0.0012685351
157.5 0.0010095501 -0.0021664783
162.5 -0.00046416604 -0.0023608505
167.5 -9.9278147e-05 -0.00019467973
172.5 0.00068656176 0.0031251061
177.5 0.00035157116 0.00054301094
182.5 -0.00057745542 -0.00023814531
187.5 0.0003572429 0.00059805455
192.5 0.0005548864 -0.0017482639
197.5 -0.00084789622 -0.0038441421
