0 5 472287 9.3294742e-07 21906.283 4.3273285e-08
5 10 3243667 6.4074827e-06 55805.884 1.1023796e-07
10 15 8733989 1.7252968e-05 89603.227 1.7700064e-07
15 20 16924724 3.3432802e-05 103856.21 2.0515573e-07
20 25 27701453 5.4720962e-05 313321.37 6.1892952e-07
25 30 40962022 8.0915657e-05 684671.69 1.3524884e-06
30 35 56651230 0.00011190784 1231728.2 2.4331342e-06
35 40 74648499 0.00014745933 1861179.7 3.6765417e-06
40 45 94959345 0.00018758102 2780837.2 5.4932168e-06
45 50 1.1742734e+08 0.00023196391 3756764.7 7.4210468e-06
50 55 1.4204234e+08 0.00028058794 4872058.2 9.6241779e-06
55 60 1.6865232e+08 0.00033315282 6215466.7 1.2277924e-05
60 65 1.9725324e+08 0.00038965058 7756699.4 1.5322447e-05
65 70 2.2776909e+08 0.00044993104 9353617.5 1.8476971e-05
70 75 2.6002711e+08 0.00051365297 11046032 2.1820137e-05
75 80 2.9406183e+08 0.00058088457 12805282 2.5295328e-05
80 85 3.2977619e+08 0.00065143407 14618541 2.8877209e-05
85 90 3.6720421e+08 0.00072536873 16667546 3.2924777e-05
90 95 4.0608786e+08 0.00080217882 18586598 3.6715639e-05
95 100 4.4653321e+08 0.00088207385 20646510 4.0784753e-05
100 105 4.8831038e+08 0.00096459972 22443846 4.4335179e-05
105 110 5.3162255e+08 0.0010501578 24261771 4.7926275e-05
110 115 5.7601063e+08 0.0011378413 25925055 5.1211897e-05
115 120 6.2173069e+08 0.0012281559 27739216 5.4795559e-05
120 125 6.6859111e+08 0.0013207231 29302448 5.788354e-05
125 130 7.165643e+08 0.0014154885 30893073 6.1025633e-05
130 135 7.6558076e+08 0.0015123147 32468906 6.4138505e-05
135 140 8.1547588e+08 0.0016108767 33596279 6.6365499e-05
140 145 8.6658585e+08 0.0017118384 35187990 6.9509736e-05
145 150 9.1822593e+08 0.0018138473 36269887 7.1646896e-05
150 155 9.7055616e+08 0.0019172196 37418446 7.3915739e-05
155 160 1.0236639e+09 0.0020221277 38263665 7.558537e-05
160 165 1.0772991e+09 0.0021280776 39276629 7.7586361e-05
165 170 1.1315994e+09 0.0022353415 39662285 7.834818e-05
170 175 1.1863383e+09 0.0023434717 40398318 7.9802125e-05
175 180 1.2414474e+09 0.0024523333 40449236 7.9902708e-05
180 185 1.2971692e+09 0.0025624051 40226171 7.946207e-05
185 190 1.3529743e+09 0.0026726416 40181092 7.9373022e-05
190 195 1.4092554e+09 0.0027838182 40063743 7.9141212e-05
195 200 1.4659271e+09 0.0028957666 38983529 7.7007377e-05
