0 5 475159 9.3550226e-07 18655.468 3.6729248e-08
5 10 3253216 6.4049948e-06 66746.223 1.3141126e-07
10 15 8767027 1.7260693e-05 106391.38 2.0946541e-07
15 20 16994811 3.3459714e-05 145044.57 2.8556656e-07
20 25 27790888 5.471524e-05 331880.14 6.5341206e-07
25 30 41081518 8.088209e-05 747900.98 1.472482e-06
30 35 56815380 0.00011185922 1235270.6 2.4320247e-06
35 40 74917486 0.000147499 1880291.8 3.701955e-06
40 45 95280235 0.00018758958 2677281.8 5.2710844e-06
45 50 1.1786221e+08 0.0002320494 3713996.7 7.3121887e-06
50 55 1.4251999e+08 0.00028059612 4935799.2 9.7176972e-06
55 60 1.6928368e+08 0.00033328899 6267731.3 1.2340031e-05
60 65 1.9793256e+08 0.00038969348 7746917.4 1.5252281e-05
65 70 2.2847796e+08 0.00044983184 9422336.6 1.8550879e-05
70 75 2.6087749e+08 0.00051362067 11114516 2.1882474e-05
75 80 2.9508078e+08 0.00058096078 13060726 2.5714211e-05
80 85 3.3093438e+08 0.00065155004 14907998 2.9351156e-05
85 90 3.6849832e+08 0.00072550664 17102345 3.3671428e-05
90 95 4.0759199e+08 0.00080247502 19225237 3.7851019e-05
95 100 4.4819284e+08 0.00088241077 21206960 4.1752674e-05
100 105 4.9023493e+08 0.00096518405 23172036 4.5621554e-05
105 110 5.3363082e+08 0.0010506227 25046278 4.9311598e-05
110 115 5.7839646e+08 0.0011387582 26969291 5.3097663e-05
115 120 6.2429602e+08 0.0012291261 28973709 5.7044001e-05
120 125 6.715391e+08 0.0013221392 31002709 6.1038735e-05
125 130 7.1978383e+08 0.0014171244 32700614 6.4381604e-05
130 135 7.6919884e+08 0.0015144136 34388084 6.7703928e-05
135 140 8.1938932e+08 0.0016132296 36068382 7.101213e-05
140 145 8.7058192e+08 0.0017140186 37301919 7.3440742e-05
145 150 9.2272764e+08 0.0018166841 38526089 7.5850912e-05
150 155 9.7554832e+08 0.0019206785 40051942 7.8855041e-05
155 160 1.0289617e+09 0.0020258399 41219442 8.1153637e-05
160 165 1.0831447e+09 0.0021325162 41889191 8.2472252e-05
165 170 1.1379241e+09 0.002240367 42312698 8.3306062e-05
170 175 1.1931672e+09 0.0023491308 42690385 8.4049659e-05
175 180 1.2487208e+09 0.0024585057 42858421 8.438049e-05
180 185 1.3047908e+09 0.0025688974 43383907 8.5415079e-05
185 190 1.3610551e+09 0.0026796717 43866537 8.636529e-05
190 195 1.4178442e+09 0.0027914792 43749605 8.6135071e-05
195 200 1.4747108e+09 0.0029034393 43062387 8.4782063e-05
