0 5 478090 9.3943513e-07 20430.794 4.014601e-08
5 10 3258405 6.402686e-06 61931.29 1.2169347e-07
10 15 8785250 1.7262801e-05 95396.799 1.8745237e-07
15 20 17043877 3.3490801e-05 142203.66 2.7942671e-07
20 25 27885983 5.4795273e-05 296915.46 5.8343161e-07
25 30 41235331 8.1026415e-05 670458.27 1.3174341e-06
30 35 57022812 0.00011204843 1240626.3 2.4378004e-06
35 40 75191200 0.00014774887 1862641 3.660044e-06
40 45 95634219 0.0001879189 2710522.2 5.3261098e-06
45 50 1.1825814e+08 0.00023237435 3699960.1 7.2703308e-06
50 55 1.4303953e+08 0.00028106917 4892722.9 9.6140805e-06
55 60 1.6982832e+08 0.00033370849 6249782.2 1.2280669e-05
60 65 1.9853585e+08 0.00039011809 7677947.3 1.5086978e-05
65 70 2.2924024e+08 0.00045045144 9259255.2 1.819421e-05
70 75 2.6173216e+08 0.00051429727 10973293 2.1562252e-05
75 80 2.9590474e+08 0.00058144557 12850646 2.5251204e-05
80 85 3.318399e+08 0.00065205727 14484988 2.8462645e-05
85 90 3.6941544e+08 0.00072589228 16294052 3.2017413e-05
90 95 4.0866862e+08 0.00080302383 18120486 3.5606312e-05
95 100 4.4928858e+08 0.00088284104 19954084 3.9209287e-05
100 105 4.9137135e+08 0.00096553266 21856480 4.2947448e-05
105 110 5.3486354e+08 0.0010509937 23520550 4.6217304e-05
110 115 5.796953e+08 0.0011390871 25069536 4.9261023e-05
115 120 6.2584415e+08 0.0012297684 26682325 5.2430114e-05
120 125 6.7306796e+08 0.001322562 27953438 5.4927821e-05
125 130 7.2129307e+08 0.0014173232 29228077 5.7432455e-05
130 135 7.7059378e+08 0.0015141979 30427602 5.9789493e-05
135 140 8.2102059e+08 0.0016132853 31582867 6.205956e-05
140 145 8.7219835e+08 0.0017138484 32606275 6.4070531e-05
145 150 9.2440204e+08 0.0018164274 33345403 6.5522899e-05
150 155 9.770793e+08 0.0019199369 34025445 6.6859166e-05
155 160 1.0304908e+09 0.0020248891 34850222 6.8479832e-05
160 165 1.0845615e+09 0.0021311368 35535733 6.9826845e-05
165 170 1.1392163e+09 0.002238532 35849081 7.0442565e-05
170 175 1.194337e+09 0.0023468429 36218544 7.116855e-05
175 180 1.2498245e+09 0.0024558744 36023308 7.0784918e-05
180 185 1.3057843e+09 0.0025658341 35777912 7.030272e-05
185 190 1.3621857e+09 0.0026766616 35634320 7.0020565e-05
190 195 1.4188988e+09 0.0027881013 35089934 6.895086e-05
195 200 1.4757582e+09 0.0028998288 34382178 6.7560137e-05
