0 5 475671 9.4010344e-07 22965.651 4.5388699e-08
5 10 3248847 6.4209343e-06 74855.622 1.4794265e-07
10 15 8750633 1.7294517e-05 113165.81 2.2365787e-07
15 20 16951589 3.3502667e-05 151210.72 2.9884881e-07
20 25 27753250 5.4850781e-05 363918.49 7.1923877e-07
25 30 41026761 8.1084193e-05 706694.31 1.3966917e-06
30 35 56749162 0.00011215753 1251395 2.4732237e-06
35 40 74835360 0.0001479026 1865557.6 3.6870381e-06
40 45 95210867 0.00018817221 2588060.5 5.1149736e-06
45 50 1.1771828e+08 0.00023265526 3704611.2 7.3216944e-06
50 55 1.4236849e+08 0.00028137327 4838892.4 9.5634575e-06
55 60 1.6904116e+08 0.00033408843 6110174.4 1.2075985e-05
60 65 1.9770411e+08 0.00039073711 7746866.3 1.5310699e-05
65 70 2.2823135e+08 0.00045107034 9377932.4 1.8534295e-05
70 75 2.6053816e+08 0.00051492064 11234426 2.220342e-05
75 80 2.9457336e+08 0.0005821869 13006381 2.5705463e-05
80 85 3.302204e+08 0.00065263876 14998043 2.9641731e-05
85 90 3.676197e+08 0.00072655374 17019242 3.3636374e-05
90 95 4.0651135e+08 0.00080341816 18976636 3.7504916e-05
95 100 4.4685889e+08 0.00088315996 20838903 4.1185451e-05
100 105 4.8862226e+08 0.00096569995 22710162 4.4883757e-05
105 110 5.3187775e+08 0.001051189 24582135 4.8583474e-05
110 115 5.7635982e+08 0.0011391021 26128977 5.1640611e-05
115 120 6.2215914e+08 0.0012296187 27768101 5.4880132e-05
120 125 6.6905232e+08 0.0013222971 29295395 5.7898634e-05
125 130 7.1709633e+08 0.00141725 30613206 6.0503122e-05
130 135 7.6613458e+08 0.0015141679 31950173 6.3145468e-05
135 140 8.1607982e+08 0.0016128783 33229495 6.5673885e-05
140 145 8.6696289e+08 0.0017134423 34196268 6.758459e-05
145 150 9.1870237e+08 0.0018156988 35060140 6.9291924e-05
150 155 9.7122623e+08 0.0019195055 35930663 7.1012401e-05
155 160 1.0243697e+09 0.0020245369 36597728 7.2330771e-05
160 165 1.0781395e+09 0.0021308061 37314538 7.3747456e-05
165 170 1.1326823e+09 0.0022386029 37783237 7.4673778e-05
170 175 1.1875701e+09 0.0023470818 38080707 7.526169e-05
175 180 1.2427841e+09 0.0024562053 38518206 7.6126353e-05
180 185 1.2986553e+09 0.0025666275 38567037 7.622286e-05
185 190 1.3545325e+09 0.0026770617 38347930 7.5789822e-05
190 195 1.4108323e+09 0.0027883312 38150937 7.5400491e-05
195 200 1.4673452e+09 0.0029000218 37467812 7.4050381e-05
