0 5 436435 9.5917229e-07 20512.984 4.5082282e-08
5 10 2993643 6.5792602e-06 65830.021 1.4467752e-07
10 15 8008470 1.7600565e-05 202574.53 4.4520691e-07
15 20 15342628 3.3719165e-05 445008.34 9.780143e-07
20 25 24834909 5.4580766e-05 1032002 2.2680759e-06
25 30 36286046 7.9747431e-05 2069464.9 4.5481535e-06
30 35 49560265 0.00010892076 3580411.4 7.8688268e-06
35 40 64484832 0.00014172114 5511973.8 1.2113906e-05
40 45 80971848 0.00017795537 7931877.6 1.7432234e-05
45 50 98844431 0.00021723473 10993307 2.4160472e-05
50 55 1.1800715e+08 0.00025934948 14538120 3.1951063e-05
55 60 1.3823366e+08 0.00030380215 18547923 4.0763582e-05
60 65 1.5958874e+08 0.00035073517 23262074 5.1124077e-05
65 70 1.8191073e+08 0.00039979317 28468899 6.2567344e-05
70 75 2.0509978e+08 0.00045075677 34068338 7.4873478e-05
75 80 2.2912244e+08 0.00050355242 40118766 8.8170767e-05
80 85 2.5387669e+08 0.0005579559 46497220 0.00010218897
85 90 2.7929354e+08 0.00061381563 53535334 0.00011765695
90 95 3.0533319e+08 0.00067104411 60709135 0.00013342312
95 100 3.3180864e+08 0.00072923038 68384877 0.00015029244
100 105 3.5864692e+08 0.00078821403 76668489 0.00016849769
105 110 3.8585003e+08 0.00084799949 85451335 0.00018780014
110 115 4.132601e+08 0.00090823981 94468794 0.0002076182
115 120 4.408364e+08 0.00096884545 1.0400913e+08 0.00022858541
120 125 4.6861172e+08 0.0010298885 1.1407659e+08 0.00025071111
125 130 4.96307e+08 0.0010907556 1.2426877e+08 0.00027311092
130 135 5.2416984e+08 0.001151991 1.3502658e+08 0.00029675382
135 140 5.5201129e+08 0.0012131794 1.4558995e+08 0.0003199694
140 145 5.798181e+08 0.0012742916 1.5637108e+08 0.00034366356
145 150 6.0775015e+08 0.0013356791 1.6743581e+08 0.00036798101
150 155 6.3572046e+08 0.0013971507 1.7791744e+08 0.00039101694
155 160 6.6370131e+08 0.0014586454 1.8829649e+08 0.00041382744
160 165 6.9178574e+08 0.0015203678 1.9828771e+08 0.00043578559
165 170 7.1974584e+08 0.0015818169 2.0817676e+08 0.00045751918
170 175 7.4767001e+08 0.0016431871 2.1794845e+08 0.00047899485
175 180 7.7541517e+08 0.0017041638 2.2736047e+08 0.00049968005
180 185 8.0317561e+08 0.0017651742 2.364628e+08 0.00051968464
185 190 8.3075822e+08 0.0018257937 2.4527086e+08 0.0005390425
190 195 8.5813693e+08 0.0018859651 2.5447966e+08 0.00055928109
195 200 8.8529981e+08 0.0019456621 2.6307948e+08 0.00057818128
