0 5 428648 9.6278552e-07 11747.244 2.6385463e-08
5 10 2929337 6.5795787e-06 65548.442 1.4722824e-07
10 15 7813427 1.7549725e-05 201889.78 4.5346427e-07
15 20 15010255 3.3714507e-05 439504.14 9.8716949e-07
20 25 24319770 5.4624593e-05 998092.15 2.241813e-06
25 30 35531647 7.980757e-05 1971338.8 4.4278207e-06
30 35 48545341 0.00010903761 3402464.9 7.6422704e-06
35 40 63191779 0.00014193494 5302669 1.1910316e-05
40 45 79341922 0.00017820975 7736150.5 1.7376154e-05
45 50 96830297 0.00021749036 10789955 2.4235299e-05
50 55 1.1557711e+08 0.00025959754 14263560 3.2037357e-05
55 60 1.3547413e+08 0.00030428821 18210873 4.0903409e-05
60 65 1.5646851e+08 0.00035144364 22618232 5.0802772e-05
65 70 1.784336e+08 0.0004007794 27381468 6.1501468e-05
70 75 2.0123277e+08 0.00045198857 32637594 7.3307242e-05
75 80 2.2484075e+08 0.00050501441 38432083 8.6322235e-05
80 85 2.4915048e+08 0.00055961647 44613317 0.00010020589
85 90 2.7412414e+08 0.00061570974 51325020 0.00011528104
90 95 2.9960376e+08 0.00067293948 58417547 0.00013121155
95 100 3.2558508e+08 0.00073129608 66171319 0.00014862728
100 105 3.5196143e+08 0.00079053995 74109746 0.00016645777
105 110 3.7858271e+08 0.00085033397 82478590 0.00018525502
110 115 4.0550742e+08 0.00091080951 91315734 0.00020510411
115 120 4.3250527e+08 0.00097144933 1.0064079e+08 0.00022604909
120 125 4.5964027e+08 0.0010323972 1.1052261e+08 0.00024824465
125 130 4.8685888e+08 0.0010935329 1.2071216e+08 0.00027113137
130 135 5.1403058e+08 0.0011545632 1.3090467e+08 0.00029402476
135 140 5.411673e+08 0.0012155149 1.4142198e+08 0.00031764766
140 145 5.6841542e+08 0.0012767169 1.51901e+08 0.00034118458
145 150 5.9571226e+08 0.0013380283 1.6219179e+08 0.00036429869
150 155 6.2291632e+08 0.0013991313 1.7244864e+08 0.00038733658
155 160 6.5012302e+08 0.0014602402 1.8233757e+08 0.0004095481
160 165 6.7748184e+08 0.0015216908 1.9232051e+08 0.00043197076
165 170 7.0471308e+08 0.0015828548 2.0184879e+08 0.00045337221
170 175 7.3184474e+08 0.0016437952 2.1140921e+08 0.00047484586
175 180 7.5889464e+08 0.0017045519 2.2014248e+08 0.00049446165
180 185 7.8590452e+08 0.0017652188 2.2886496e+08 0.00051405318
185 190 8.1275853e+08 0.0018255355 2.3746299e+08 0.00053336521
190 195 8.3940006e+08 0.001885375 2.4570031e+08 0.00055186703
195 200 8.6580057e+08 0.0019446731 2.5390429e+08 0.00057029397
