0 5 472519 9.3362481e-07 21902.746 4.3276455e-08
5 10 3248530 6.4185952e-06 69324.979 1.3697549e-07
10 15 8758006 1.7304472e-05 95446.795 1.8858818e-07
15 20 16963396 3.3517059e-05 93729.329 1.8519473e-07
20 25 27777010 5.4883096e-05 263653.22 5.2093818e-07
25 30 41073627 8.1155165e-05 651775.82 1.2878087e-06
30 35 56783983 0.00011219641 1097352.6 2.1681997e-06
35 40 74879309 0.00014794999 1765189.5 3.4877428e-06
40 45 95201327 0.00018810317 2716605.7 5.3675947e-06
45 50 1.1774259e+08 0.00023264124 3682083.5 7.2752301e-06
50 55 1.4240065e+08 0.00028136177 4900167.2 9.681976e-06
55 60 1.6908586e+08 0.00033408763 6072878.3 1.1999073e-05
60 65 1.9775827e+08 0.0003907399 7393412.6 1.4608245e-05
65 70 2.2835989e+08 0.00045120399 8883420.1 1.7552271e-05
70 75 2.6079128e+08 0.00051528343 10579016 2.0902506e-05
75 80 2.9495366e+08 0.00058278303 12297775 2.4298511e-05
80 85 3.3073287e+08 0.00065347724 14140010 2.7938483e-05
85 90 3.6829806e+08 0.00072770028 15999603 3.1612752e-05
90 95 4.0730287e+08 0.00080476778 17785537 3.5141483e-05
95 100 4.4778731e+08 0.00088475881 19607280 3.8740967e-05
100 105 4.8966809e+08 0.00096750878 21519502 4.2519224e-05
105 110 5.33053e+08 0.0010532307 23323350 4.6083349e-05
110 115 5.7770598e+08 0.0011414581 24816033 4.9032661e-05
115 120 6.2356858e+08 0.0012320755 26315172 5.1994728e-05
120 125 6.7061871e+08 0.0013250393 27958471 5.5241635e-05
125 130 7.1871116e+08 0.0014200626 29401963 5.8093753e-05
130 135 7.6785799e+08 0.0015171692 30492057 6.0247612e-05
135 140 8.1795518e+08 0.0016161535 31653432 6.254231e-05
140 145 8.6889189e+08 0.0017167966 32609720 6.4431786e-05
145 150 9.2068772e+08 0.0018191372 33764567 6.6713588e-05
150 155 9.7327816e+08 0.0019230478 34775519 6.8711072e-05
155 160 1.0265632e+09 0.0020283309 35137976 6.9427232e-05
160 165 1.0803366e+09 0.0021345789 35549892 7.0241115e-05
165 170 1.1347772e+09 0.0022421451 35654013 7.0446841e-05
170 175 1.1897732e+09 0.0023508087 35910769 7.0954152e-05
175 180 1.2452674e+09 0.0024604567 35745131 7.0626878e-05
180 185 1.3008885e+09 0.0025703555 35517971 7.0178044e-05
185 190 1.3569905e+09 0.0026812044 35093641 6.9339633e-05
190 195 1.4132647e+09 0.0027923935 34692801 6.8547634e-05
195 200 1.4697896e+09 0.0029040779 33670811 6.652834e-05
