0 5 438456 9.7607236e-07 26494.9 5.8981835e-08
5 10 2975884 6.6247882e-06 94883.289 2.112252e-07
10 15 7922956 1.7637752e-05 220704 4.9132199e-07
15 20 15193420 3.3822955e-05 472175.06 1.0511363e-06
20 25 24614335 5.47954e-05 1032382.7 2.2982472e-06
25 30 35970934 8.0076985e-05 2023663.6 4.504995e-06
30 35 49131256 0.00010937394 3474544.6 7.7348855e-06
35 40 63950060 0.00014236294 5449895.1 1.2132328e-05
40 45 80308852 0.0001787802 7912740.7 1.7615012e-05
45 50 98010160 0.00021818611 10868377 2.4194725e-05
50 55 1.1698784e+08 0.00026043343 14370054 3.1990012e-05
55 60 1.3710161e+08 0.00030520985 18421669 4.1009546e-05
60 65 1.5831112e+08 0.00035242558 22920513 5.1024686e-05
65 70 1.8046014e+08 0.0004017328 27858421 6.2017249e-05
70 75 2.035831e+08 0.00045320815 33391869 7.4335579e-05
75 80 2.2743527e+08 0.00050630686 39330565 8.7556054e-05
80 85 2.520021e+08 0.00056099652 45562413 0.00010142913
85 90 2.7722348e+08 0.0006171433 52409203 0.00011667117
90 95 3.0299688e+08 0.00067451895 59455006 0.00013235624
95 100 3.2920042e+08 0.00073285218 66945316 0.00014903086
100 105 3.5583871e+08 0.00079215321 75171533 0.00016734371
105 110 3.8284245e+08 0.00085226781 84028369 0.00018706043
110 115 4.0998903e+08 0.00091270039 92986609 0.00020700289
115 120 4.3735813e+08 0.00097362832 1.0235677e+08 0.00022786236
120 125 4.6477791e+08 0.0010346691 1.1226917e+08 0.00024992891
125 130 4.9231916e+08 0.0010959803 1.2233628e+08 0.00027233989
130 135 5.1997796e+08 0.0011575531 1.3267354e+08 0.00029535228
135 140 5.4753271e+08 0.0012188944 1.4319522e+08 0.00031877519
140 145 5.7508263e+08 0.0012802248 1.5372602e+08 0.00034221842
145 150 6.0278337e+08 0.0013418911 1.645361e+08 0.00036628338
150 155 6.303555e+08 0.001403271 1.7463004e+08 0.00038875408
155 160 6.5799877e+08 0.0014648093 1.848058e+08 0.00041140693
160 165 6.8572309e+08 0.001526528 1.9478964e+08 0.00043363252
165 170 7.1339999e+08 0.0015881412 2.0452879e+08 0.00045531341
170 175 7.4096273e+08 0.0016495002 2.1374466e+08 0.0004758294
175 180 7.6849253e+08 0.0017107858 2.2302061e+08 0.00049647912
180 185 7.9584915e+08 0.001771686 2.3177338e+08 0.00051596417
185 190 8.2305462e+08 0.0018322497 2.4045988e+08 0.0005353017
190 195 8.5010071e+08 0.0018924586 2.4919014e+08 0.00055473665
195 200 8.7698227e+08 0.0019523011 2.5760537e+08 0.00057347028
