0 5 471901 9.3352427e-07 18096.116 3.579811e-08
5 10 3237123 6.4037433e-06 58126.713 1.1498746e-07
10 15 8725029 1.7260032e-05 120578.75 2.3853137e-07
15 20 16911233 3.3454149e-05 121791.6 2.4093065e-07
20 25 27683494 5.4764058e-05 314611.71 6.2237136e-07
25 30 40935144 8.0978744e-05 652179.09 1.2901541e-06
30 35 56614157 0.00011199529 1180994.6 2.3362679e-06
35 40 74642732 0.00014765979 1869490.1 3.6982639e-06
40 45 94978067 0.00018788757 2646018 5.2344073e-06
45 50 1.1745782e+08 0.00023235749 3621700.8 7.164523e-06
50 55 1.4209094e+08 0.00028108723 4881773.1 9.6572241e-06
55 60 1.6865271e+08 0.00033363226 6212152.7 1.2289008e-05
60 65 1.9721927e+08 0.00039014323 7590454 1.5015592e-05
65 70 2.2769653e+08 0.00045043397 9085606.3 1.7973333e-05
70 75 2.6001196e+08 0.00051436101 10747443 2.1260813e-05
75 80 2.9402723e+08 0.00058165071 12470096 2.46686e-05
80 85 3.2971514e+08 0.00065224927 14383982 2.845469e-05
85 90 3.6713984e+08 0.00072628358 16394500 3.2431938e-05
90 95 4.0604452e+08 0.00080324562 18424760 3.644824e-05
95 100 4.4638162e+08 0.0008830413 20242740 4.0044604e-05
100 105 4.8830541e+08 0.00096597581 22226479 4.3968879e-05
105 110 5.3152956e+08 0.0010514827 23848892 4.7178368e-05
110 115 5.7602913e+08 0.0011395127 25827782 5.109305e-05
115 120 6.2184138e+08 0.0012301394 27503615 5.4408217e-05
120 125 6.687845e+08 0.0013230033 29193422 5.7751027e-05
125 130 7.1683356e+08 0.0014180549 30681065 6.0693915e-05
130 135 7.6590326e+08 0.0015151256 32321304 6.3938669e-05
135 140 8.158257e+08 0.0016138832 33814326 6.6892195e-05
140 145 8.666683e+08 0.0017144611 35165087 6.95643e-05
145 150 9.1839443e+08 0.0018167868 36689508 7.2579941e-05
150 155 9.7090616e+08 0.0019206665 37744477 7.46669e-05
155 160 1.0240141e+09 0.0020257258 38991569 7.7133924e-05
160 165 1.0777723e+09 0.0021320713 39525752 7.8190656e-05
165 170 1.1320368e+09 0.0022394184 40148665 7.9422915e-05
170 175 1.1870498e+09 0.0023482463 40094190 7.9315152e-05
175 180 1.2425375e+09 0.0024580132 40053884 7.9235418e-05
180 185 1.2982343e+09 0.0025681937 39900957 7.8932895e-05
185 190 1.3543555e+09 0.0026792138 39917912 7.8966435e-05
190 195 1.410863e+09 0.0027909982 39637125 7.8410976e-05
195 200 1.4675356e+09 0.0029031092 39032091 7.7214086e-05
