0 5 436733 9.6742203e-07 25745.071 5.7028778e-08
5 10 2974021 6.5878544e-06 77324.402 1.712839e-07
10 15 7934218 1.7575354e-05 208123.74 4.6102194e-07
15 20 15233681 3.3744642e-05 481110.38 1.0657239e-06
20 25 24651476 5.4606318e-05 1036999.6 2.2970928e-06
25 30 36034488 7.9821212e-05 2054121.2 4.5501533e-06
30 35 49222859 0.00010903522 3529588.3 7.8185102e-06
35 40 64080716 0.00014194736 5390110.9 1.1939817e-05
40 45 80408333 0.00017811522 7892885.8 1.7483798e-05
45 50 98171202 0.00021746235 10896621 2.4137473e-05
50 55 1.1716402e+08 0.00025953397 14495105 3.2108597e-05
55 60 1.3732364e+08 0.00030419024 18571583 4.1138542e-05
60 65 1.5854609e+08 0.0003512008 23116824 5.1206859e-05
65 70 1.8072755e+08 0.00040033571 28132034 6.2316219e-05
70 75 2.0384501e+08 0.00045154397 33641448 7.4520309e-05
75 80 2.2769759e+08 0.00050438063 39615797 8.7754291e-05
80 85 2.5233602e+08 0.00055895804 45975105 0.00010184101
85 90 2.7758371e+08 0.00061488505 52812538 0.00011698684
90 95 3.0346099e+08 0.00067220669 60052776 0.00013302493
95 100 3.2970547e+08 0.00073034172 67637310 0.00014982569
100 105 3.5643068e+08 0.00078954165 75782636 0.00016786868
105 110 3.8344508e+08 0.00084938216 84169689 0.00018644712
110 115 4.1077542e+08 0.00090992253 93054162 0.00020612742
115 120 4.3820297e+08 0.00097067821 1.023577e+08 0.00022673599
120 125 4.6577359e+08 0.0010317508 1.1210078e+08 0.00024831824
125 130 4.9349886e+08 0.001093166 1.2205081e+08 0.00027035887
130 135 5.2124314e+08 0.0011546233 1.3239785e+08 0.00029327896
135 140 5.4908065e+08 0.0012162871 1.4280038e+08 0.00031632194
140 145 5.7684953e+08 0.0012777989 1.53409e+08 0.00033982146
145 150 6.047367e+08 0.0013395727 1.6353069e+08 0.00036224235
150 155 6.3268378e+08 0.0014014792 1.736777e+08 0.00038471934
155 160 6.6057246e+08 0.0014632564 1.8349486e+08 0.00040646566
160 165 6.8855377e+08 0.0015252387 1.9333954e+08 0.00042827295
165 170 7.1643217e+08 0.0015869931 2.0273712e+08 0.00044908984
170 175 7.4431259e+08 0.001648752 2.1194574e+08 0.00046948816
175 180 7.7208346e+08 0.0017102682 2.2066759e+08 0.00048880824
180 185 7.9969042e+08 0.0017714213 2.2943043e+08 0.00050821909
185 190 8.2709562e+08 0.0018321274 2.3824386e+08 0.00052774203
190 195 8.5445566e+08 0.0018927336 2.4684265e+08 0.00054678951
195 200 8.8145488e+08 0.0019525405 2.5554017e+08 0.00056605566
