0 5 436059 9.6681952e-07 13601.615 3.0157173e-08
5 10 2973931 6.5937282e-06 68667.93 1.5224888e-07
10 15 7935422 1.7594227e-05 204276.55 4.5291705e-07
15 20 15238035 3.3785404e-05 436742.88 9.683358e-07
20 25 24667906 5.4693087e-05 1026951.2 2.2769315e-06
25 30 36076881 7.9988792e-05 2027815.4 4.4960236e-06
30 35 49299325 0.00010930528 3490178.4 7.7383395e-06
35 40 64151241 0.00014223459 5372123.7 1.1910943e-05
40 45 80523950 0.00017853576 7843862.2 1.7391222e-05
45 50 98333439 0.00021802253 10839847 2.4033847e-05
50 55 1.1732969e+08 0.00026014056 14345459 3.1806406e-05
55 60 1.3757485e+08 0.00030502764 18384169 4.0760936e-05
60 65 1.5889211e+08 0.00035229176 22830986 5.0620313e-05
65 70 1.8113166e+08 0.00040160076 27804669 6.1647842e-05
70 75 2.0431599e+08 0.0004530045 33318720 7.3873464e-05
75 80 2.2821201e+08 0.00050598618 39144523 8.6790294e-05
80 85 2.5291677e+08 0.00056076098 45543059 0.00010097697
85 90 2.782614e+08 0.00061695447 52345340 0.00011605883
90 95 3.0412218e+08 0.00067429238 59680799 0.00013232283
95 100 3.3045448e+08 0.00073267571 67466233 0.00014958451
100 105 3.5723843e+08 0.00079206044 75448375 0.00016728232
105 110 3.8438497e+08 0.0008522491 84214644 0.00018671868
110 115 4.1165909e+08 0.00091272063 93411719 0.00020711021
115 120 4.3915457e+08 0.00097368294 1.0287169e+08 0.00022808464
120 125 4.6669758e+08 0.0010347506 1.1265239e+08 0.00024977016
125 130 4.9430777e+08 0.0010959673 1.2303577e+08 0.00027279194
130 135 5.2190371e+08 0.0011571523 1.3363113e+08 0.00029628372
135 140 5.4964961e+08 0.0012186699 1.4430618e+08 0.00031995218
140 145 5.7743254e+08 0.0012802695 1.552549e+08 0.00034422742
145 150 6.051685e+08 0.001341765 1.6565305e+08 0.00036728196
150 155 6.330164e+08 0.0014035087 1.7607348e+08 0.00039038589
155 160 6.6086738e+08 0.0014652592 1.8631727e+08 0.00041309817
160 165 6.8883484e+08 0.001527268 1.961132e+08 0.00043481746
165 170 7.1675143e+08 0.001589164 2.0581907e+08 0.00045633709
170 175 7.4464781e+08 0.0016510152 2.1489242e+08 0.0004764543
175 180 7.7228488e+08 0.0017122914 2.240089e+08 0.00049666714
180 185 7.9986112e+08 0.0017734328 2.3284802e+08 0.00051626502
185 190 8.2738624e+08 0.0018344609 2.4172748e+08 0.00053595236
190 195 8.5448104e+08 0.0018945348 2.5059625e+08 0.00055561598
195 200 8.8135566e+08 0.0019541205 2.5926562e+08 0.00057483748
