0 5 437136 9.6342271e-07 17970.868 3.9606764e-08
5 10 2988720 6.5869677e-06 65735.929 1.4487822e-07
10 15 7988168 1.7605465e-05 191693.42 4.2248131e-07
15 20 15336279 3.380028e-05 478116.34 1.053741e-06
20 25 24841441 5.4749113e-05 1058754.5 2.3334344e-06
25 30 36303345 8.0010493e-05 2091334.3 4.609181e-06
30 35 49610052 0.00010933771 3568749.2 7.8653187e-06
35 40 64579966 0.00014233055 5462632.6 1.2039329e-05
40 45 81069878 0.00017867337 7881560.5 1.7370508e-05
45 50 98946874 0.00021807324 10976587 2.4191769e-05
50 55 1.18086e+08 0.00026025477 14558736 3.2086619e-05
55 60 1.3840968e+08 0.00030504702 18622644 4.104324e-05
60 65 1.5978545e+08 0.00035215798 23221181 5.1178153e-05
65 70 1.8213455e+08 0.00040141411 28334211 6.2446978e-05
70 75 2.0543366e+08 0.00045276401 34036050 7.5013504e-05
75 80 2.2951442e+08 0.00050583664 40097182 8.8371892e-05
80 85 2.5428106e+08 0.00056042089 46617314 0.00010274189
85 90 2.7968829e+08 0.00061641698 53449642 0.00011779995
90 95 3.0563212e+08 0.0006735957 60861517 0.0001341353
95 100 3.3202878e+08 0.00073177242 68696576 0.00015140332
100 105 3.5894759e+08 0.00079109992 77043039 0.00016979844
105 110 3.8609334e+08 0.00085092761 85923236 0.00018936989
110 115 4.1352594e+08 0.0009113875 95011914 0.00020940082
115 120 4.4113923e+08 0.0009722456 1.0427246e+08 0.00022981053
120 125 4.6876253e+08 0.0010331258 1.1416882e+08 0.00025162154
125 130 4.9657967e+08 0.0010944332 1.2449612e+08 0.00027438231
130 135 5.2447213e+08 0.0011559065 1.3489172e+08 0.00029729363
135 140 5.5225593e+08 0.0012171404 1.4569059e+08 0.00032109371
140 145 5.80107e+08 0.0012785226 1.5646686e+08 0.00034484399
145 150 6.0805306e+08 0.0013401141 1.6688506e+08 0.00036780511
150 155 6.3587796e+08 0.0014014386 1.7752535e+08 0.00039125571
155 160 6.6380318e+08 0.0014629842 1.8753537e+08 0.00041331721
160 165 6.9165891e+08 0.0015243766 1.9743344e+08 0.00043513199
165 170 7.195986e+08 0.0015859541 2.0701619e+08 0.00045625183
170 175 7.4744069e+08 0.0016473165 2.1653049e+08 0.00047722081
175 180 7.7508478e+08 0.0017082425 2.2563693e+08 0.00049729086
180 185 8.0267986e+08 0.0017690604 2.3457527e+08 0.00051699047
185 190 8.3012981e+08 0.0018295585 2.4306475e+08 0.00053570078
190 195 8.5743257e+08 0.0018897323 2.518562e+08 0.00055507665
195 200 8.8453551e+08 0.0019494656 2.6041407e+08 0.0005739377
