0 5 434477 9.6603576e-07 20914.492 4.6502224e-08
5 10 2972244 6.6086214e-06 70989.966 1.5784229e-07
10 15 7925281 1.7621427e-05 203535.01 4.5254893e-07
15 20 15214214 3.382797e-05 460565.44 1.024042e-06
20 25 24641925 5.4789968e-05 1093767.4 2.4319317e-06
25 30 35994090 8.0030884e-05 2067524.4 4.5970271e-06
30 35 49146092 0.00010927364 3563950 7.9242472e-06
35 40 63916900 0.00014211572 5506857.9 1.2244196e-05
40 45 80209132 0.0001783406 8098462.2 1.8006486e-05
45 50 97874398 0.00021761835 11164845 2.4824419e-05
50 55 1.1677489e+08 0.00025964257 14678011 3.2635753e-05
55 60 1.3686429e+08 0.00030431024 18721983 4.1627301e-05
60 65 1.5798394e+08 0.00035126862 23191125 5.1564194e-05
65 70 1.800628e+08 0.00040035976 28052329 6.2372814e-05
70 75 2.0306903e+08 0.00045151284 33503753 7.4493757e-05
75 80 2.2685154e+08 0.00050439195 39400200 8.7604183e-05
80 85 2.5142363e+08 0.00055902665 45595667 0.00010137946
85 90 2.7659863e+08 0.00061500188 52328997 0.00011635065
90 95 3.0225348e+08 0.00067204403 59405803 0.00013208554
95 100 3.2846199e+08 0.00073031721 66997630 0.00014896555
100 105 3.5510867e+08 0.00078956464 75139153 0.00016706778
105 110 3.8191738e+08 0.00084917233 83862207 0.00018646301
110 115 4.089376e+08 0.0009092503 92936692 0.00020663963
115 120 4.3629942e+08 0.00097008782 1.0248437e+08 0.00022786837
120 125 4.6359628e+08 0.0010307809 1.1241554e+08 0.00024994977
125 130 4.9092137e+08 0.0010915367 1.2279565e+08 0.0002730294
130 135 5.1834932e+08 0.0011525213 1.3335551e+08 0.00029650865
135 140 5.4587943e+08 0.001213733 1.4417663e+08 0.00032056883
140 145 5.734077e+08 0.0012749405 1.5482069e+08 0.00034423531
145 150 6.009386e+08 0.001336154 1.653314e+08 0.00036760529
150 155 6.2851108e+08 0.0013974599 1.7586149e+08 0.00039101837
155 160 6.5599967e+08 0.0014585793 1.8619528e+08 0.00041399499
160 165 6.8363586e+08 0.0015200268 1.960897e+08 0.00043599468
165 170 7.1117109e+08 0.0015812499 2.0586353e+08 0.00045772627
170 175 7.3867255e+08 0.0016423979 2.1512891e+08 0.00047832732
175 180 7.6613287e+08 0.0017034544 2.2400004e+08 0.00049805178
180 185 7.9336472e+08 0.0017640029 2.3322583e+08 0.00051856484
185 190 8.2051112e+08 0.0018243615 2.4210925e+08 0.00053831664
190 195 8.4737437e+08 0.0018840904 2.5075126e+08 0.00055753167
195 200 8.7427928e+08 0.001943912 2.5938089e+08 0.00057671917
