0 5 477119 9.3790034e-07 19697.711 3.8720928e-08
5 10 3265816 6.4198029e-06 61022.223 1.199549e-07
10 15 8779454 1.7258279e-05 104177.39 2.047875e-07
15 20 17006722 3.3431094e-05 96309.812 1.8932175e-07
20 25 27837435 5.4721652e-05 353823.32 6.9553091e-07
25 30 41182117 8.0954063e-05 682464.95 1.3415607e-06
30 35 56963713 0.00011197686 1136991.2 2.2350491e-06
35 40 75094015 0.00014761664 1911593.1 3.7577289e-06
40 45 95497131 0.00018772422 2748499.1 5.4028831e-06
45 50 1.1811754e+08 0.00023219045 3773679.4 7.4181392e-06
50 55 1.428832e+08 0.00028087375 4916332.9 9.6643192e-06
55 60 1.696257e+08 0.00033344303 6166336.7 1.2121524e-05
60 65 1.9843717e+08 0.0003900794 7703986.2 1.514417e-05
65 70 2.2914397e+08 0.00045044152 9238963.2 1.8161563e-05
70 75 2.6159208e+08 0.00051422664 10943528 2.1512324e-05
75 80 2.9592859e+08 0.0005817239 12835669 2.5231814e-05
80 85 3.3185352e+08 0.0006523436 14735783 2.8966979e-05
85 90 3.6951943e+08 0.00072638566 16470162 3.2376348e-05
90 95 4.0860562e+08 0.00080321965 18472327 3.6312119e-05
95 100 4.4929696e+08 0.00088320896 20288021 3.9881333e-05
100 105 4.9143104e+08 0.00096603435 22147759 4.3537127e-05
105 110 5.3492353e+08 0.00105153 23919682 4.7020299e-05
110 115 5.7970441e+08 0.0011395584 25838288 5.0791813e-05
115 120 6.2574985e+08 0.0012300726 27384279 5.3830857e-05
120 125 6.7301721e+08 0.0013229888 29165394 5.7332097e-05
125 130 7.2122883e+08 0.0014177611 30954366 6.0848783e-05
130 135 7.7048992e+08 0.0015145965 32624373 6.4131612e-05
135 140 8.2086373e+08 0.0016136192 34004809 6.6845215e-05
140 145 8.720709e+08 0.0017142801 35369608 6.9528079e-05
145 150 9.2399557e+08 0.0018163514 36972405 7.2678789e-05
150 155 9.7674128e+08 0.0019200367 37981050 7.466154e-05
155 160 1.030315e+09 0.0020253496 38966147 7.6598003e-05
160 165 1.0844944e+09 0.0021318532 39942005 7.8516304e-05
165 170 1.1392317e+09 0.0022394534 40618529 7.9846186e-05
170 175 1.1944988e+09 0.0023480952 41046269 8.0687019e-05
175 180 1.2500555e+09 0.0024573062 41663368 8.1900085e-05
180 185 1.3061815e+09 0.0025676363 41730686 8.2032416e-05
185 190 1.3626013e+09 0.0026785439 41797763 8.2164274e-05
190 195 1.4195076e+09 0.002790408 41723371 8.2018038e-05
195 200 1.4763044e+09 0.0029020567 41712232 8.1996141e-05
