0 5 433771 9.5865338e-07 16433.625 3.6319048e-08
5 10 2978681 6.5830187e-06 76665.712 1.6943466e-07
10 15 7944848 1.7558471e-05 191059.7 4.2225051e-07
15 20 15259158 3.3723424e-05 437753.16 9.6745413e-07
20 25 24714631 5.4620444e-05 1039408.3 2.2971389e-06
25 30 36128767 7.9846196e-05 2024070.4 4.4732863e-06
30 35 49340701 0.00010904516 3531277.2 7.804281e-06
35 40 64225727 0.00014194174 5497555.7 1.2149845e-05
40 45 80614356 0.00017816134 7948539.2 1.7566628e-05
45 50 98374388 0.00021741181 10985580 2.4278625e-05
50 55 1.1741486e+08 0.00025949212 14561880 3.2182408e-05
55 60 1.3762146e+08 0.00030414959 18547055 4.0989825e-05
60 65 1.5886237e+08 0.00035109296 23125557 5.1108518e-05
65 70 1.8114952e+08 0.00040034856 28152815 6.2218984e-05
70 75 2.0424423e+08 0.00045138892 33602630 7.426332e-05
75 80 2.281649e+08 0.00050425466 39669426 8.7671212e-05
80 85 2.5282968e+08 0.00055876494 46226090 0.00010216173
85 90 2.7811913e+08 0.00061465575 52909399 0.00011693215
90 95 3.0398435e+08 0.00067181906 60073909 0.00013276603
95 100 3.3034332e+08 0.00073007356 67903405 0.00015006957
100 105 3.5701906e+08 0.00078902814 76039287 0.00016805024
105 110 3.8396288e+08 0.0008485752 84650200 0.00018708074
110 115 4.112155e+08 0.0009088047 93782549 0.00020726364
115 120 4.3858077e+08 0.00096928319 1.0331245e+08 0.00022832515
120 125 4.6609317e+08 0.0010300868 1.1327116e+08 0.00025033434
125 130 4.9367016e+08 0.0010910332 1.2338589e+08 0.00027268835
130 135 5.212388e+08 0.0011519611 1.3387462e+08 0.00029586892
135 140 5.4894224e+08 0.001213187 1.4425439e+08 0.00031880867
140 145 5.7657916e+08 0.0012742658 1.5492755e+08 0.00034239685
145 150 6.0428789e+08 0.0013355034 1.6564383e+08 0.0003660803
150 155 6.3206071e+08 0.0013968825 1.7613258e+08 0.00038926091
155 160 6.5979516e+08 0.0014581769 1.8611061e+08 0.0004113128
160 165 6.8755462e+08 0.0015195266 1.9591631e+08 0.00043298383
165 170 7.1523537e+08 0.0015807023 2.0569632e+08 0.00045459809
170 175 7.4286402e+08 0.0016417628 2.1482101e+08 0.00047476407
175 180 7.7063323e+08 0.001703134 2.2388345e+08 0.00049479246
180 185 7.9813601e+08 0.0017639164 2.3293058e+08 0.00051478703
185 190 8.2553643e+08 0.0018244726 2.4173461e+08 0.00053424433
190 195 8.5274409e+08 0.0018846027 2.5053145e+08 0.00055368575
195 200 8.7967483e+08 0.0019441208 2.5919657e+08 0.00057283606
