0 5 2635762 9.3903288e-07 120054.66 4.2771417e-08
5 10 18058936 6.4337883e-06 334399.03 1.1913507e-07
10 15 48646729 1.7331185e-05 485611.87 1.7300709e-07
15 20 94289408 3.3592128e-05 669213.93 2.384183e-07
20 25 1.542945e+08 5.4969913e-05 1757449 6.2611965e-07
25 30 2.2814446e+08 8.1280157e-05 3622527.4 1.290584e-06
30 35 3.1550094e+08 0.00011240232 6317226.1 2.250614e-06
35 40 4.1587495e+08 0.00014816218 9884409.3 3.5214808e-06
40 45 5.2886674e+08 0.00018841734 14078262 5.0156088e-06
45 50 6.5403869e+08 0.00023301187 19199169 6.8400147e-06
50 55 7.9106624e+08 0.00028183015 25273467 9.0040816e-06
55 60 9.3936048e+08 0.00033466238 32313098 1.1512064e-05
60 65 1.0984071e+09 0.00039132532 39994421 1.424866e-05
65 70 1.2682845e+09 0.00045184688 48173534 1.7162601e-05
70 75 1.448155e+09 0.00051592867 57087858 2.0338473e-05
75 80 1.6378936e+09 0.00058352609 66368060 2.3644696e-05
80 85 1.8369718e+09 0.00065445093 76407630 2.7221455e-05
85 90 2.0451238e+09 0.00072860845 86516764 3.0822998e-05
90 95 2.2620815e+09 0.00080590315 96126171 3.4246504e-05
95 100 2.4871561e+09 0.00088608961 1.0579707e+08 3.7691919e-05
100 105 2.7201767e+09 0.00096910697 1.154346e+08 4.1125445e-05
105 110 2.9609132e+09 0.0010548733 1.2504525e+08 4.4549394e-05
110 115 3.2090005e+09 0.0011432584 1.3401481e+08 4.7744944e-05
115 120 3.463656e+09 0.0012339835 1.426526e+08 5.0822298e-05
120 125 3.7250818e+09 0.0013271207 1.5119168e+08 5.3864483e-05
125 130 3.9926955e+09 0.0014224624 1.5933376e+08 5.676523e-05
130 135 4.265752e+09 0.0015197432 1.6617095e+08 5.9201091e-05
135 140 4.5443618e+09 0.0016190024 1.7282203e+08 6.1570645e-05
140 145 4.8276285e+09 0.0017199208 1.7872394e+08 6.3673297e-05
145 150 5.1155011e+09 0.0018224801 1.8447175e+08 6.5721046e-05
150 155 5.4076987e+09 0.0019265802 1.8816573e+08 6.7037087e-05
155 160 5.7040662e+09 0.0020321659 1.9216383e+08 6.8461474e-05
160 165 6.0032545e+09 0.0021387566 1.9647651e+08 6.9997936e-05
165 170 6.3058381e+09 0.0022465569 1.9936777e+08 7.1027996e-05
170 175 6.611243e+09 0.0023553624 2.0128188e+08 7.1709927e-05
175 180 6.9187701e+09 0.0024649238 2.0098703e+08 7.1604884e-05
180 185 7.2280271e+09 0.0025751016 2.0070641e+08 7.1504909e-05
185 190 7.5393523e+09 0.0026860163 1.990215e+08 7.0904632e-05
190 195 7.8523684e+09 0.0027975334 1.9588509e+08 6.9787234e-05
195 200 8.1665785e+09 0.0029094758 1.9146414e+08 6.8212201e-05
