0 5 429987 9.6402746e-07 13648.841 3.0600593e-08
5 10 2933967 6.5779309e-06 79044.617 1.7721741e-07
10 15 7835536 1.756721e-05 191028.9 4.2828528e-07
15 20 15054848 3.375285e-05 442646.82 9.9241068e-07
20 25 24375002 5.4648562e-05 1014216.9 2.2738664e-06
25 30 35609446 7.9836097e-05 1985610 4.451722e-06
30 35 48637150 0.00010904411 3390399.2 7.6012481e-06
35 40 63297529 0.00014191256 5304851.1 1.1893434e-05
40 45 79481421 0.00017819672 7720697.4 1.7309743e-05
45 50 97016225 0.00021750961 10678331 2.3940733e-05
50 55 1.1575432e+08 0.00025952026 14128408 3.1675779e-05
55 60 1.3568935e+08 0.00030421445 18157223 4.0708351e-05
60 65 1.5666846e+08 0.00035124945 22558083 5.0575043e-05
65 70 1.7860912e+08 0.00040044024 27590202 6.1857016e-05
70 75 2.0152582e+08 0.00045181931 32990627 7.3964724e-05
75 80 2.2518235e+08 0.00050485705 38721903 8.68142e-05
80 85 2.4953566e+08 0.00055945698 45007668 0.00010090684
85 90 2.745752e+08 0.00061559542 51479207 0.00011541598
90 95 3.0015774e+08 0.00067295129 58768151 0.00013175773
95 100 3.2623492e+08 0.00073141611 66268436 0.00014857331
100 105 3.5273217e+08 0.00079082274 74074826 0.00016607518
105 110 3.7947162e+08 0.00085077239 82778324 0.00018558835
110 115 4.0647369e+08 0.00091131081 91779986 0.00020577
115 120 4.3364222e+08 0.00097222243 1.0101244e+08 0.0002264691
120 125 4.6091062e+08 0.001033358 1.1061266e+08 0.00024799271
125 130 4.8826461e+08 0.0010946854 1.2071717e+08 0.00027064694
130 135 5.1564076e+08 0.0011560625 1.3092133e+08 0.00029352458
135 140 5.4301749e+08 0.0012174409 1.4136128e+08 0.00031693088
140 145 5.7054473e+08 0.0012791568 1.5180153e+08 0.00034033784
145 150 5.9811134e+08 0.0013409609 1.622257e+08 0.00036370873
150 155 6.2561574e+08 0.0014026256 1.7245235e+08 0.0003866368
155 160 6.5310838e+08 0.0014642638 1.8238347e+08 0.00040890231
160 165 6.8072759e+08 0.0015261859 1.9219473e+08 0.00043089907
165 170 7.0818468e+08 0.0015877445 2.0178944e+08 0.00045241034
170 175 7.35576e+08 0.0016491556 2.1102462e+08 0.00047311553
175 180 7.6288041e+08 0.0017103719 2.2036988e+08 0.00049406754
180 185 7.9006226e+08 0.0017713134 2.2941823e+08 0.00051435387
185 190 8.1703594e+08 0.0018317881 2.3815854e+08 0.00053394957
190 195 8.4376566e+08 0.0018917159 2.4736678e+08 0.00055459437
195 200 8.7042849e+08 0.0019514938 2.5579913e+08 0.00057349963
