0 5 479430 9.4509675e-07 30272.99 5.9676917e-08
5 10 3257223 6.4209391e-06 86056.381 1.6964229e-07
10 15 8758149 1.7264873e-05 124604.41 2.4563173e-07
15 20 16960832 3.343476e-05 184283.9 3.6327745e-07
20 25 27763865 5.4730698e-05 377602.91 7.4436576e-07
25 30 41097290 8.1014778e-05 687583.69 1.3554285e-06
30 35 56818888 0.00011200665 1133395.3 2.2342536e-06
35 40 74844977 0.00014754134 1799419.9 3.5471828e-06
40 45 95215039 0.00018769669 2674214.3 5.2716584e-06
45 50 1.1777291e+08 0.00023216484 3696253.6 7.2863968e-06
50 55 1.4242822e+08 0.00028076768 4858957.4 9.5784262e-06
55 60 1.6909994e+08 0.00033334544 6255456.5 1.2331334e-05
60 65 1.9775558e+08 0.00038983408 7789225 1.5354841e-05
65 70 2.2828103e+08 0.00045000868 9250490.8 1.8235423e-05
70 75 2.6055048e+08 0.00051362119 10980514 2.1645804e-05
75 80 2.9457458e+08 0.00058069265 12715785 2.5066531e-05
80 85 3.3034255e+08 0.00065120178 14412794 2.8411832e-05
85 90 3.6779133e+08 0.00072502428 16180414 3.1896328e-05
90 95 4.0675005e+08 0.00080182331 17911624 3.5309048e-05
95 100 4.4720287e+08 0.00088156765 19866118 3.9161928e-05
100 105 4.8909326e+08 0.00096414586 21625249 4.262969e-05
105 110 5.3231705e+08 0.0010493526 23516041 4.6356994e-05
110 115 5.7690725e+08 0.0011372529 25077920 4.9435914e-05
115 120 6.2268951e+08 0.0012275031 26557754 5.2353099e-05
120 125 6.6963824e+08 0.0013200528 27892037 5.4983363e-05
125 130 7.1760036e+08 0.0014146002 29256933 5.7673972e-05
130 135 7.6660648e+08 0.0015112056 30463079 6.0051637e-05
135 140 8.1672257e+08 0.001609999 31740306 6.2569427e-05
140 145 8.6758939e+08 0.0017102724 32947481 6.4949121e-05
145 150 9.193087e+08 0.0018122263 34070890 6.7163689e-05
150 155 9.7185073e+08 0.001915802 34905122 6.8808204e-05
155 160 1.0250216e+09 0.0020206173 35568771 7.0116451e-05
160 165 1.0788043e+09 0.0021266388 36179440 7.1320258e-05
165 170 1.1331107e+09 0.0022336926 36820808 7.2584582e-05
170 175 1.1879223e+09 0.0023417423 37143819 7.3221331e-05
175 180 1.2430191e+09 0.0024503541 37369068 7.3665362e-05
180 185 1.2987315e+09 0.0025601796 37162829 7.3258805e-05
185 190 1.3547558e+09 0.0026706199 37136226 7.3206362e-05
190 195 1.4110374e+09 0.0027815675 36658607 7.2264836e-05
195 200 1.4676035e+09 0.0028930756 35976922 7.0921035e-05
