0 5 434671 9.5958884e-07 15275.479 3.3722469e-08
5 10 2980304 6.5793817e-06 61282.159 1.3528778e-07
10 15 7961083 1.7575054e-05 197182.3 4.3530379e-07
15 20 15287256 3.3748468e-05 421851.59 9.3128845e-07
20 25 24750267 5.463921e-05 1001570.3 2.2110877e-06
25 30 36178801 7.9869081e-05 2036823.4 4.4965341e-06
30 35 49411055 0.00010908088 3518387.9 7.7672671e-06
35 40 64291490 0.00014193124 5528382.6 1.2204574e-05
40 45 80725424 0.00017821114 7949087.6 1.7548573e-05
45 50 98513381 0.00021748021 10953209 2.4180535e-05
50 55 1.1755358e+08 0.00025951376 14637267 3.2313539e-05
55 60 1.3781461e+08 0.00030424243 18716740 4.131947e-05
60 65 1.5912034e+08 0.0003512774 23177544 5.1167233e-05
65 70 1.8151095e+08 0.00040070739 28171975 6.2193043e-05
70 75 2.0465376e+08 0.00045179794 33673064 7.4337363e-05
75 80 2.2870098e+08 0.00050488509 39506056 8.72144e-05
80 85 2.5354838e+08 0.00055973872 45791116 0.00010108943
85 90 2.7887626e+08 0.00061565309 52378298 0.00011563143
90 95 3.0491727e+08 0.00067314177 59569354 0.00013150656
95 100 3.3138364e+08 0.0007315695 67205148 0.0001483635
100 105 3.5830168e+08 0.00079099433 75365964 0.00016637949
105 110 3.8549422e+08 0.00085102514 83953216 0.00018533688
110 115 4.1297856e+08 0.00091170016 92875339 0.00020503355
115 120 4.4055148e+08 0.00097257071 1.0240884e+08 0.00022607992
120 125 4.6828792e+08 0.0010338023 1.1217831e+08 0.00024764719
125 130 4.9612298e+08 0.0010952515 1.2229375e+08 0.00026997826
130 135 5.2387057e+08 0.0011565077 1.3276409e+08 0.00029309279
135 140 5.5170322e+08 0.0012179516 1.4343434e+08 0.00031664865
140 145 5.7970848e+08 0.0012797766 1.5409784e+08 0.00034018963
145 150 6.0769437e+08 0.0013415589 1.6473976e+08 0.00036368296
150 155 6.3563408e+08 0.0014032391 1.7524849e+08 0.00038688225
155 160 6.6359919e+08 0.0014649755 1.8544796e+08 0.00040939881
160 165 6.9155903e+08 0.0015267003 1.95454e+08 0.00043148835
165 170 7.1948455e+08 0.0015883492 2.053447e+08 0.00045332327
170 175 7.4732583e+08 0.0016498122 2.147751e+08 0.00047414202
175 180 7.7510172e+08 0.0017111309 2.2427568e+08 0.00049511571
180 185 8.0273462e+08 0.0017721338 2.3354882e+08 0.00051558728
185 190 8.3019608e+08 0.0018327583 2.4254061e+08 0.00053543774
190 195 8.5764309e+08 0.0018933509 2.5145438e+08 0.00055511598
195 200 8.8469125e+08 0.001953063 2.6026898e+08 0.00057457528
