0 5 473854 9.3440322e-07 20943.079 4.1298122e-08
5 10 3244696 6.3982881e-06 73237.779 1.444192e-07
10 15 8749117 1.7252578e-05 104777.86 2.0661378e-07
15 20 16957895 3.343965e-05 151225.61 2.9820513e-07
20 25 27753228 5.4727206e-05 368510.06 7.2667317e-07
25 30 41031782 8.0911482e-05 749522.87 1.4780008e-06
30 35 56695331 0.00011179878 1308531.1 2.5803215e-06
35 40 74725601 0.00014735307 1941961.6 3.8293972e-06
40 45 95006041 0.00018734452 2726426.8 5.3763016e-06
45 50 1.1751189e+08 0.00023172431 3676032.8 7.2488506e-06
50 55 1.4212324e+08 0.00028025597 4848896.9 9.5616474e-06
55 60 1.687675e+08 0.00033279637 6246340.7 1.2317298e-05
60 65 1.9737545e+08 0.00038920903 7629702.5 1.504518e-05
65 70 2.2791278e+08 0.00044942626 9282582.3 1.830453e-05
70 75 2.6016466e+08 0.00051302447 11000401 2.1691934e-05
75 80 2.9422792e+08 0.00058019457 12853826 2.5346744e-05
80 85 3.2997761e+08 0.00065069017 14677851 2.8943581e-05
85 90 3.6734467e+08 0.00072437512 16586729 3.2707739e-05
90 95 4.0628049e+08 0.00080115352 18455227 3.6392272e-05
95 100 4.4668389e+08 0.00088082588 20418124 4.0262952e-05
100 105 4.8855737e+08 0.00096339713 22335844 4.4044546e-05
105 110 5.3184924e+08 0.0010487653 24152332 4.762652e-05
110 115 5.7644611e+08 0.0011367069 25951724 5.1174781e-05
115 120 6.2227388e+08 0.0012270757 27501529 5.4230875e-05
120 125 6.6920115e+08 0.0013196126 29209695 5.7599245e-05
125 130 7.1722084e+08 0.0014143037 30537538 6.021765e-05
130 135 7.6635169e+08 0.0015111859 31824423 6.2755286e-05
135 140 8.1645397e+08 0.0016099837 32839747 6.4757426e-05
140 145 8.6743853e+08 0.0017105213 34187475 6.7415041e-05
145 150 9.1946099e+08 0.0018131055 34735991 6.8496671e-05
150 155 9.7208712e+08 0.0019168802 35598026 7.0196537e-05
155 160 1.0253778e+09 0.0020219652 36501550 7.1978216e-05
160 165 1.0792897e+09 0.0021282754 37002099 7.2965261e-05
165 170 1.1340021e+09 0.002236164 37215310 7.3385696e-05
170 175 1.1891173e+09 0.0023448468 37351320 7.3653896e-05
175 180 1.2446635e+09 0.0024543797 37393921 7.3737904e-05
180 185 1.3006296e+09 0.0025647404 36881099 7.2726658e-05
185 190 1.3569238e+09 0.0026757481 36711150 7.2391532e-05
190 195 1.4133683e+09 0.0027870522 36031982 7.1052264e-05
195 200 1.4701733e+09 0.0028990673 35512047 7.0026993e-05
