0 5 2655582 9.3817758e-07 120888.43 4.2708082e-08
5 10 18212681 6.434269e-06 366620.83 1.2952168e-07
10 15 49058997 1.7331813e-05 623491.11 2.2027013e-07
15 20 95133680 3.3609313e-05 703091.79 2.4839186e-07
20 25 1.5567617e+08 5.4998072e-05 1745060.6 6.1650394e-07
25 30 2.3014783e+08 8.1307802e-05 3840775.8 1.3568889e-06
30 35 3.1822966e+08 0.0001124258 6317528.2 2.2318887e-06
35 40 4.1949281e+08 0.00014820056 9666966.4 3.4151953e-06
40 45 5.334408e+08 0.00018845669 14571582 5.1479231e-06
45 50 6.5957401e+08 0.00023301768 20108706 7.1041063e-06
50 55 7.9766393e+08 0.00028180279 26567673 9.3859634e-06
55 60 9.4711261e+08 0.00033460078 34214361 1.2087424e-05
60 65 1.107416e+09 0.00039123359 42558464 1.5035272e-05
65 70 1.2781853e+09 0.00045156383 51023609 1.8025881e-05
70 75 1.4592641e+09 0.00051553627 60130401 2.1243175e-05
75 80 1.6499414e+09 0.00058289974 70530310 2.4917308e-05
80 85 1.8500455e+09 0.00065359352 80807033 2.8547922e-05
85 90 2.0592032e+09 0.00072748584 91782389 3.2425351e-05
90 95 2.2771137e+09 0.00080447037 1.02354e+08 3.6160145e-05
95 100 2.5031957e+09 0.00088434176 1.1337779e+08 4.0054684e-05
100 105 2.737318e+09 0.00096705368 1.2437574e+08 4.3940098e-05
105 110 2.9788358e+09 0.0010523783 1.3523595e+08 4.7776847e-05
110 115 3.2275991e+09 0.0011402627 1.4473029e+08 5.1131057e-05
115 120 3.4834085e+09 0.0012306363 1.5480362e+08 5.4689813e-05
120 125 3.7453862e+09 0.0013231892 1.6459783e+08 5.8149963e-05
125 130 4.0136723e+09 0.0014179707 1.7353433e+08 6.1307095e-05
130 135 4.2877317e+09 0.0015147918 1.8153947e+08 6.4135192e-05
135 140 4.5670477e+09 0.0016134699 1.8885409e+08 6.6719338e-05
140 145 4.8517456e+09 0.0017140495 1.9503611e+08 6.8903354e-05
145 150 5.1404801e+09 0.0018160551 2.0061292e+08 7.0873556e-05
150 155 5.433814e+09 0.0019196856 2.0551837e+08 7.2606579e-05
155 160 5.730967e+09 0.0020246653 2.1093485e+08 7.4520141e-05
160 165 6.031541e+09 0.0021308536 2.1553763e+08 7.6146236e-05
165 170 6.3355495e+09 0.0022382553 2.1765236e+08 7.6893337e-05
170 175 6.6423144e+09 0.0023466308 2.1847816e+08 7.718508e-05
175 180 6.9518061e+09 0.0024559696 2.1812941e+08 7.7061872e-05
180 185 7.2631584e+09 0.0025659657 2.1644082e+08 7.6465317e-05
185 190 7.5774492e+09 0.002677 2.1360724e+08 7.5464256e-05
190 195 7.8928399e+09 0.0027884228 2.095942e+08 7.4046511e-05
195 200 8.2099568e+09 0.0029004555 2.0516877e+08 7.2483071e-05
