0 5 478799 9.3723323e-07 28559.808 5.5904881e-08
5 10 3266345 6.3937625e-06 68926.703 1.3492175e-07
10 15 8808849 1.7243031e-05 122929.96 2.4063133e-07
15 20 17101603 3.3475823e-05 120968.52 2.3679188e-07
20 25 27962781 5.4736221e-05 303176.92 5.9345881e-07
25 30 41346582 8.0934569e-05 725140.9 1.4194394e-06
30 35 57185903 0.00011193952 1194100.4 2.3374122e-06
35 40 75394544 0.00014758233 1892387 3.704285e-06
40 45 95890793 0.00018770306 2715411.2 5.3153278e-06
45 50 1.1861841e+08 0.00023219162 3748819 7.3381895e-06
50 55 1.4346696e+08 0.00028083184 4884949.1 9.5621265e-06
55 60 1.7036746e+08 0.00033348867 6262196.9 1.2258044e-05
60 65 1.9917149e+08 0.00038987161 7875057.2 1.5415165e-05
65 70 2.3001786e+08 0.00045025237 9329741.4 1.8262661e-05
70 75 2.6263511e+08 0.00051409956 10982184 2.1497263e-05
75 80 2.9707663e+08 0.00058151769 12667986 2.4797165e-05
80 85 3.3322201e+08 0.00065227108 14655019 2.8686716e-05
85 90 3.7093366e+08 0.00072609039 16560506 3.2416644e-05
90 95 4.1032532e+08 0.00080319827 18612094 3.643256e-05
95 100 4.5118902e+08 0.0008831876 20692381 4.0504652e-05
100 105 4.9346566e+08 0.00096594274 22816398 4.4662346e-05
105 110 5.3706748e+08 0.0010512919 24761037 4.8468913e-05
110 115 5.8214805e+08 0.0011395356 26453476 5.1781806e-05
115 120 6.2843252e+08 0.0012301359 28193739 5.5188312e-05
120 125 6.7584675e+08 0.0013229477 30079623 5.8879869e-05
125 130 7.2438083e+08 0.0014179516 31622805 6.1900596e-05
130 135 7.7399506e+08 0.0015150698 32875009 6.4351745e-05
135 140 8.2456751e+08 0.0016140637 34668899 6.7863224e-05
140 145 8.7598877e+08 0.0017147191 35839245 7.0154139e-05
145 150 9.2820419e+08 0.0018169291 37040692 7.2505931e-05
150 155 9.8122455e+08 0.0019207147 38117461 7.4613672e-05
155 160 1.0350723e+09 0.0020261198 38830287 7.6009004e-05
160 165 1.0894718e+09 0.002132605 39512429 7.7344276e-05
165 170 1.1445464e+09 0.0022404118 39994794 7.8288488e-05
170 175 1.1999324e+09 0.0023488281 40499510 7.9276454e-05
175 180 1.255932e+09 0.0024584454 40964425 8.0186508e-05
180 185 1.3120926e+09 0.002568378 41328079 8.089835e-05
185 190 1.3687948e+09 0.0026793706 40985804 8.0228358e-05
190 195 1.4257585e+09 0.0027908753 40973674 8.0204614e-05
195 200 1.4828685e+09 0.0029026662 40534370 7.9344691e-05
