0 5 430967 9.6125532e-07 14242.328 3.1766965e-08
5 10 2954121 6.5890533e-06 62199.928 1.3873455e-07
10 15 7876221 1.7567608e-05 174887.81 3.9008054e-07
15 20 15122938 3.3731132e-05 449705.54 1.0030509e-06
20 25 24505658 5.4658928e-05 1030487.9 2.2984637e-06
25 30 35796624 7.9842993e-05 1995899.1 4.4517762e-06
30 35 48917522 0.00010910865 3490021.6 7.784359e-06
35 40 63674964 0.00014202456 5393715 1.2030474e-05
40 45 79934895 0.00017829171 7779682.7 1.7352283e-05
45 50 97570469 0.00021762718 10785538 2.4056727e-05
50 55 1.1644002e+08 0.00025971499 14391582 3.209987e-05
55 60 1.3648861e+08 0.0003044326 18345809 4.0919621e-05
60 65 1.5762645e+08 0.00035157973 22886992 5.1048556e-05
65 70 1.7967825e+08 0.00040076543 27829597 6.2072846e-05
70 75 2.0266322e+08 0.00045203252 33329459 7.4340076e-05
75 80 2.2647888e+08 0.00050515243 39070207 8.7144594e-05
80 85 2.5104296e+08 0.00055994166 45161350 0.00010073065
85 90 2.7618826e+08 0.0006160273 51936115 0.00011584151
90 95 3.019236e+08 0.00067342899 59099411 0.00013181896
95 100 3.2811977e+08 0.00073185853 66847715 0.00014910126
100 105 3.547431e+08 0.00079124085 75023710 0.0001673375
105 110 3.8156311e+08 0.00085106185 83619005 0.00018650898
110 115 4.087755e+08 0.00091175803 92699258 0.00020676213
115 120 4.3610037e+08 0.0009727051 1.021001e+08 0.00022773035
120 125 4.6359768e+08 0.0010340368 1.118464e+08 0.0002494691
125 130 4.9107328e+08 0.0010953201 1.2205908e+08 0.00027224809
130 135 5.1862745e+08 0.0011567786 1.3233711e+08 0.00029517284
135 140 5.4625091e+08 0.0012183917 1.4293768e+08 0.00031881699
140 145 5.7381385e+08 0.0012798697 1.5324079e+08 0.0003417977
145 150 6.0134771e+08 0.001341283 1.6403076e+08 0.0003658643
150 155 6.2912088e+08 0.0014032299 1.7453392e+08 0.00038929119
155 160 6.5666705e+08 0.0014646706 1.8438093e+08 0.00041125457
160 165 6.8435795e+08 0.0015264341 1.9463751e+08 0.00043413148
165 170 7.1198672e+08 0.001588059 2.042392e+08 0.00045554768
170 175 7.3955101e+08 0.0016495401 2.1376304e+08 0.00047679024
175 180 7.6706461e+08 0.0017109081 2.2294887e+08 0.00049727888
180 185 7.9432728e+08 0.0017717165 2.3220508e+08 0.00051792451
185 190 8.2143133e+08 0.001832171 2.4128343e+08 0.00053817342
190 195 8.4832811e+08 0.0018921632 2.5038944e+08 0.00055848401
195 200 8.7474852e+08 0.0019510929 2.5892235e+08 0.00057751635
