0 5 479782 9.3630707e-07 18090.377 3.5303842e-08
5 10 3279425 6.3998833e-06 51446.18 1.0039856e-07
10 15 8847351 1.7265836e-05 106464.9 2.0776902e-07
15 20 17133946 3.3437342e-05 148806.47 2.903997e-07
20 25 28021640 5.468496e-05 313833.92 6.1245508e-07
25 30 41440853 8.0872904e-05 677081.62 1.3213424e-06
30 35 57320641 0.00011186272 1257775.5 2.4545817e-06
35 40 75581826 0.0001474999 1834367.7 3.5798164e-06
40 45 96089620 0.0001875214 2756152.9 5.3787042e-06
45 50 1.188551e+08 0.00023194882 3759565.2 7.3368894e-06
50 55 1.4375412e+08 0.00028053991 5088242 9.9298367e-06
55 60 1.7070203e+08 0.00033312945 6515277.3 1.2714733e-05
60 65 1.9963737e+08 0.00038959753 7996054.8 1.5604509e-05
65 70 2.3044704e+08 0.0004497234 9619913.8 1.8773512e-05
70 75 2.6308816e+08 0.0005134234 11555012 2.2549906e-05
75 80 2.9748872e+08 0.00058055698 13283450 2.5922998e-05
80 85 3.3360516e+08 0.00065103916 15372093 2.9999039e-05
85 90 3.7140289e+08 0.00072480241 17590303 3.4327934e-05
90 95 4.1075597e+08 0.00080160097 19532340 3.811787e-05
95 100 4.5168216e+08 0.0008814695 21810386 4.2563537e-05
100 105 4.9386835e+08 0.00096379695 23863058 4.6569379e-05
105 110 5.3761787e+08 0.0010491753 25634394 5.0026187e-05
110 115 5.8264008e+08 0.0011370373 27471784 5.3611901e-05
115 120 6.289927e+08 0.0012274956 29275921 5.7132723e-05
120 125 6.7641907e+08 0.0013200494 31045962 6.0587004e-05
125 130 7.2504576e+08 0.0014149457 32550753 6.3523643e-05
130 135 7.7464025e+08 0.0015117306 34264110 6.6867302e-05
135 140 8.2522235e+08 0.0016104429 35704506 6.9678274e-05
140 145 8.7667917e+08 0.0017108622 36946046 7.2101172e-05
145 150 9.2914371e+08 0.0018132482 38144667 7.4440311e-05
150 155 9.8218071e+08 0.0019167512 38870229 7.5856263e-05
155 160 1.0361089e+09 0.0020219935 39651642 7.7381213e-05
160 165 1.0905907e+09 0.0021283161 40363135 7.8769709e-05
165 170 1.1455967e+09 0.0022356617 41190139 8.0383629e-05
170 175 1.2012724e+09 0.0023443143 41680058 8.1339719e-05
175 180 1.2572698e+09 0.0024535948 41974565 8.1914458e-05
180 185 1.3138326e+09 0.0025639785 42308831 8.2566786e-05
185 190 1.3704568e+09 0.0026744822 42568742 8.3074009e-05
190 195 1.4275764e+09 0.0027859525 42485046 8.2910674e-05
195 200 1.4849409e+09 0.0028979008 42036620 8.2035559e-05
