0 5 434616 9.5459116e-07 15443.297 3.3919678e-08
5 10 2982419 6.5505891e-06 69059.726 1.5168287e-07
10 15 7988371 1.7545669e-05 190051.65 4.174297e-07
15 20 15317030 3.3642345e-05 468348.81 1.0286819e-06
20 25 24804991 5.4481715e-05 1010742.1 2.2199954e-06
25 30 36247700 7.9614496e-05 2061615.1 4.5281342e-06
30 35 49512286 0.00010874885 3569033.6 7.8390301e-06
35 40 64410083 0.00014147039 5502003.3 1.2084607e-05
40 45 80895408 0.00017767878 7961826.6 1.7487366e-05
45 50 98679435 0.00021673964 10990613 2.4139798e-05
50 55 1.1774505e+08 0.00025861538 14488041 3.1821553e-05
55 60 1.3799112e+08 0.00030308388 18558324 4.0761528e-05
60 65 1.5936249e+08 0.00035002398 23202871 5.0962817e-05
65 70 1.8173129e+08 0.00039915484 28256515 6.2062648e-05
70 75 2.0498935e+08 0.00045023889 33783575 7.4202289e-05
75 80 2.2910394e+08 0.00050320419 39688372 8.7171593e-05
80 85 2.5387927e+08 0.00055762077 46024262 0.00010108775
85 90 2.7938817e+08 0.00061364854 52887402 0.00011616196
90 95 3.0540447e+08 0.00067079079 60268976 0.00013237486
95 100 3.3181229e+08 0.00072879296 68123804 0.00014962721
100 105 3.5880371e+08 0.00078807694 76565447 0.00016816845
105 110 3.8588621e+08 0.00084756098 85505531 0.00018780446
110 115 4.1341486e+08 0.00090802494 94820836 0.00020826461
115 120 4.4106696e+08 0.00096876005 1.0470575e+08 0.00022997585
120 125 4.6884956e+08 0.0010297818 1.1476697e+08 0.00025207432
125 130 4.9671622e+08 0.0010909882 1.2498726e+08 0.00027452219
130 135 5.246986e+08 0.0011524487 1.3544733e+08 0.0002974967
135 140 5.5266135e+08 0.0012138661 1.4631193e+08 0.00032135972
140 145 5.8067023e+08 0.0012753849 1.5696164e+08 0.00034475076
145 150 6.088014e+08 0.0013371722 1.6771057e+08 0.00036835971
150 155 6.3690366e+08 0.001398896 1.7846633e+08 0.00039198368
155 160 6.6509224e+08 0.0014608095 1.8873479e+08 0.00041453735
160 165 6.933302e+08 0.0015228314 1.9901571e+08 0.00043711836
165 170 7.2152665e+08 0.0015847621 2.090955e+08 0.00045925763
170 175 7.4967869e+08 0.0016465953 2.1892736e+08 0.00048085235
175 180 7.7775817e+08 0.0017082691 2.2815809e+08 0.00050112672
180 185 8.0573154e+08 0.0017697098 2.3750619e+08 0.00052165892
185 190 8.3341652e+08 0.0018305171 2.4684636e+08 0.00054217368
190 195 8.610549e+08 0.0018912221 2.5590683e+08 0.0005620741
195 200 8.8834636e+08 0.0019511651 2.6507745e+08 0.00058221646
