0 5 471933 9.3569662e-07 19137.902 3.7944518e-08
5 10 3231986 6.4080248e-06 66268.05 1.3138897e-07
10 15 8703452 1.7256243e-05 94108.831 1.8658859e-07
15 20 16867640 3.3443293e-05 123492.71 2.4484769e-07
20 25 27617591 5.4757109e-05 328512.7 6.5133869e-07
25 30 40851409 8.0995661e-05 685309.57 1.3587561e-06
30 35 56481650 0.00011198558 1211056.5 2.401149e-06
35 40 74472970 0.00014765678 1894005.2 3.7552242e-06
40 45 94728523 0.00018781725 2558166.3 5.0720496e-06
45 50 1.1715034e+08 0.00023227276 3499845.5 6.9391071e-06
50 55 1.4173188e+08 0.00028101032 4746212.7 9.4102662e-06
55 60 1.6828649e+08 0.00033365986 5952388.3 1.1801738e-05
60 65 1.9680168e+08 0.00039019663 7488883.9 1.4848132e-05
65 70 2.2716387e+08 0.00045039543 8902370.1 1.7650636e-05
70 75 2.5936689e+08 0.00051424401 10537587 2.0892764e-05
75 80 2.9334546e+08 0.00058161298 12113878 2.4018059e-05
80 85 3.2893723e+08 0.00065218041 13881202 2.7522113e-05
85 90 3.6623347e+08 0.00072612726 15929881 3.1584008e-05
90 95 4.0499282e+08 0.00080297502 17761373 3.5215289e-05
95 100 4.4544525e+08 0.00088317964 19509405 3.8681093e-05
100 105 4.8712062e+08 0.00096580897 21292500 4.2216417e-05
105 110 5.3016564e+08 0.0010511539 22930954 4.5464963e-05
110 115 5.7448799e+08 0.0011390313 24417729 4.8412775e-05
115 120 6.2008853e+08 0.001229443 26031172 5.1611732e-05
120 125 6.6688046e+08 0.0013222169 27406679 5.4338936e-05
125 130 7.1462627e+08 0.001416882 28934135 5.7367407e-05
130 135 7.635608e+08 0.001513904 30500103 6.0472235e-05
135 140 8.1333068e+08 0.0016125822 31850302 6.314926e-05
140 145 8.639944e+08 0.0017130327 33210862 6.5846829e-05
145 150 9.1550856e+08 0.0018151692 34327257 6.8060294e-05
150 155 9.6763333e+08 0.0019185165 35550023 7.0484659e-05
155 160 1.0205327e+09 0.0020233996 36090813 7.1556877e-05
160 165 1.0740639e+09 0.0021295352 36883246 7.3128026e-05
165 170 1.1281455e+09 0.0022367623 37534880 7.4420013e-05
170 175 1.182566e+09 0.0023446612 37670633 7.468917e-05
175 180 1.2375532e+09 0.0024536838 37958024 7.5258977e-05
180 185 1.2930048e+09 0.002563627 38077374 7.5495611e-05
185 190 1.3486557e+09 0.0026739655 38030840 7.5403348e-05
190 195 1.404712e+09 0.0027851078 37740733 7.4828155e-05
195 200 1.4609431e+09 0.0028965966 37422532 7.4197263e-05
