0 5 438252 9.6359444e-07 16109.591 3.5420516e-08
5 10 2988733 6.5713938e-06 63968.051 1.4064798e-07
10 15 7984483 1.7555661e-05 193878.72 4.2628547e-07
15 20 15331689 3.3710126e-05 441178.16 9.7002825e-07
20 25 24849528 5.4637211e-05 1049333.1 2.3071921e-06
25 30 36307994 7.9831195e-05 2025216.1 4.4528877e-06
30 35 49576625 0.00010900523 3526488.4 7.7537686e-06
35 40 64541427 0.00014190867 5570550.3 1.2248093e-05
40 45 81043449 0.00017819204 8076001.7 1.7756885e-05
45 50 98901136 0.00021745613 11058590 2.4314769e-05
50 55 1.1806159e+08 0.00025958464 14539951 3.1969314e-05
55 60 1.3840142e+08 0.00030430628 18654430 4.101591e-05
60 65 1.5978979e+08 0.00035133336 23275201 5.1175702e-05
65 70 1.8221261e+08 0.00040063492 28227708 6.206489e-05
70 75 2.0549333e+08 0.00045182277 33807102 7.4332428e-05
75 80 2.2962074e+08 0.00050487224 39734124 8.7364304e-05
80 85 2.5445776e+08 0.00055948195 46145940 0.00010146211
85 90 2.7996312e+08 0.00061556116 52999240 0.00011653061
90 95 3.0603504e+08 0.00067288607 60319951 0.00013262682
95 100 3.3261393e+08 0.00073132565 68263585 0.00015009266
100 105 3.5953808e+08 0.0007905244 76290282 0.00016774114
105 110 3.8677173e+08 0.00085040362 85139219 0.0001871975
110 115 4.1407954e+08 0.00091044592 94505891 0.00020779221
115 120 4.4180295e+08 0.00097140199 1.0422861e+08 0.00022916977
120 125 4.6951479e+08 0.0010323326 1.1435992e+08 0.00025144571
125 130 4.9735354e+08 0.0010935423 1.2466169e+08 0.00027409645
130 135 5.2526074e+08 0.0011549025 1.353296e+08 0.00029755221
135 140 5.5315966e+08 0.0012162445 1.4619823e+08 0.0003214493
140 145 5.8103447e+08 0.0012775334 1.5713447e+08 0.00034549505
145 150 6.0897553e+08 0.0013389681 1.6779284e+08 0.00036892986
150 155 6.3706596e+08 0.0014007311 1.7836099e+08 0.00039216629
155 160 6.6504165e+08 0.0014622419 1.8842425e+08 0.00041429261
160 165 6.930688e+08 0.0015238658 1.9868173e+08 0.00043684595
165 170 7.2110857e+08 0.0015855175 2.0855694e+08 0.00045855878
170 175 7.4904378e+08 0.0016469393 2.1807783e+08 0.00047949259
175 180 7.7684892e+08 0.001708075 2.2738044e+08 0.00049994643
180 185 8.0445305e+08 0.0017687688 2.3637013e+08 0.00051971227
185 190 8.3194165e+08 0.0018292086 2.4549049e+08 0.0005397654
190 195 8.5941229e+08 0.0018896089 2.5470458e+08 0.00056002463
195 200 8.8646082e+08 0.0019490812 2.6366992e+08 0.00057973693
