0 5 478736 9.5043139e-07 31865.701 6.3262764e-08
5 10 3243427 6.439154e-06 79302.762 1.5743925e-07
10 15 8722253 1.7316231e-05 126560.55 2.5125982e-07
15 20 16907022 3.3565398e-05 172675.15 3.4281082e-07
20 25 27672278 5.4937589e-05 368420.45 7.3142266e-07
25 30 40887376 8.1173435e-05 764137.34 1.5170368e-06
30 35 56526158 0.00011222101 1290797.6 2.5626118e-06
35 40 74577172 0.00014805756 1969210.8 3.9094611e-06
40 45 94805726 0.00018821718 2803498 5.565766e-06
45 50 1.1728426e+08 0.00023284366 3768823.6 7.4822203e-06
50 55 1.4184788e+08 0.00028160965 4971292 9.869473e-06
55 60 1.6837087e+08 0.00033426556 6267370.7 1.2442569e-05
60 65 1.9691157e+08 0.00039092723 7618694.4 1.5125343e-05
65 70 2.2734868e+08 0.00045135383 9256857.9 1.8377578e-05
70 75 2.5960765e+08 0.00051539734 10859022 2.1558345e-05
75 80 2.9353125e+08 0.00058274563 12795875 2.5403565e-05
80 85 3.2911717e+08 0.00065339413 14556581 2.8899083e-05
85 90 3.6643008e+08 0.00072747121 16449929 3.2657934e-05
90 95 4.0526149e+08 0.00080456293 18463139 3.6654747e-05
95 100 4.4557531e+08 0.0008845977 20287185 4.0276014e-05
100 105 4.8720398e+08 0.00096724281 22098291 4.387159e-05
105 110 5.3031427e+08 0.0010528294 23899503 4.7447524e-05
110 115 5.7462321e+08 0.0011407956 25766139 5.1153343e-05
115 120 6.2018798e+08 0.0012312551 27120444 5.3842038e-05
120 125 6.6701464e+08 0.0013242197 28561128 5.6702218e-05
125 130 7.1487229e+08 0.0014192312 29925852 5.9411595e-05
130 135 7.6362967e+08 0.0015160289 31378876 6.2296273e-05
135 140 8.1333184e+08 0.0016147023 32447100 6.4417012e-05
140 145 8.6397736e+08 0.0017152485 33592393 6.6690755e-05
145 150 9.1532623e+08 0.0018171911 34772744 6.9034098e-05
150 155 9.6753044e+08 0.0019208317 35336151 7.0152626e-05
155 160 1.0205516e+09 0.0020260944 36053357 7.1576489e-05
160 165 1.0740868e+09 0.0021323773 36687923 7.2836289e-05
165 170 1.1281516e+09 0.0022397119 36850564 7.3159179e-05
170 175 1.1827971e+09 0.0023481993 36834704 7.3127693e-05
175 180 1.2379469e+09 0.0024576878 37141437 7.3736648e-05
180 185 1.2933274e+09 0.0025676343 37308169 7.406766e-05
185 190 1.3490372e+09 0.0026782345 36701090 7.2862431e-05
190 195 1.4050183e+09 0.0027893734 36036729 7.1543477e-05
195 200 1.4612772e+09 0.0029010639 35432581 7.0344068e-05
