0 5 473213 9.3773247e-07 23203.717 4.5981153e-08
5 10 3233385 6.4073686e-06 64693.706 1.2819891e-07
10 15 8712788 1.7265511e-05 98035.124 1.9426922e-07
15 20 16894064 3.3477762e-05 109545.2 2.1707791e-07
20 25 27655187 5.4802313e-05 275663.58 5.4626287e-07
25 30 40864506 8.0978279e-05 708852.18 1.4046818e-06
30 35 56501572 0.00011196514 1202659.7 2.383225e-06
35 40 74523695 0.00014767829 1902135.8 3.7693269e-06
40 45 94789478 0.00018783755 2735675.8 5.4210937e-06
45 50 1.1724651e+08 0.00023233905 3734564 7.4005192e-06
50 55 1.4181764e+08 0.0002810299 4865527.6 9.6416693e-06
55 60 1.683709e+08 0.0003336486 6320677.6 1.2525236e-05
60 65 1.9689973e+08 0.00039018216 7832244.4 1.55206e-05
65 70 2.2729486e+08 0.00045041403 9397653.7 1.862266e-05
70 75 2.5955783e+08 0.00051434725 11029436 2.1856247e-05
75 80 2.9349945e+08 0.00058160695 13035249 2.5831024e-05
80 85 3.2912081e+08 0.00065219525 14807393 2.9342755e-05
85 90 3.6636572e+08 0.00072600083 16730050 3.3152748e-05
90 95 4.0528558e+08 0.00080312554 18677132 3.7011142e-05
95 100 4.4569969e+08 0.0008832113 20603845 4.0829171e-05
100 105 4.8739613e+08 0.00096583818 22312416 4.4214923e-05
105 110 5.3055896e+08 0.0010513709 24147871 4.7852115e-05
110 115 5.7501408e+08 0.0011394644 25724076 5.0975567e-05
115 120 6.2065985e+08 0.0012299174 27408613 5.4313696e-05
120 125 6.6748894e+08 0.0013227153 28976531 5.7420725e-05
125 130 7.153077e+08 0.0014174743 30470595 6.0381407e-05
130 135 7.643587e+08 0.0015146752 31644948 6.2708537e-05
135 140 8.1431035e+08 0.0016136608 33032654 6.5458457e-05
140 145 8.6521849e+08 0.0017145418 34506157 6.8378391e-05
145 150 9.1675239e+08 0.0018166629 35696438 7.0737086e-05
150 155 9.6918647e+08 0.0019205677 36521688 7.2372426e-05
155 160 1.0222504e+09 0.0020257207 37191753 7.3700245e-05
160 165 1.0758274e+09 0.0021318904 37848365 7.5001407e-05
165 170 1.1301126e+09 0.0022394636 38720029 7.6728721e-05
170 175 1.1849429e+09 0.0023481168 38816708 7.6920303e-05
175 180 1.2400961e+09 0.00245741 39046134 7.737494e-05
180 185 1.2956782e+09 0.0025675531 39672872 7.8616902e-05
185 190 1.351654e+09 0.0026784763 39699425 7.8669521e-05
190 195 1.4079641e+09 0.0027900622 39579331 7.843154e-05
195 200 1.4642869e+09 0.0029016729 39326640 7.7930799e-05
