0 5 475674 9.3631214e-07 22836.087 4.4950335e-08
5 10 3255694 6.4084768e-06 67594.76 1.3305288e-07
10 15 8775726 1.7274055e-05 100705.03 1.9822682e-07
15 20 17000372 3.3463369e-05 130284.64 2.5645104e-07
20 25 27825923 5.477228e-05 312302.23 6.1473272e-07
25 30 41161891 8.1022671e-05 698638.34 1.375193e-06
30 35 56906981 0.00011201516 1199044.1 2.360187e-06
35 40 75053555 0.0001477347 1920152.5 3.7796097e-06
40 45 95496782 0.00018797495 2792241.5 5.4962215e-06
45 50 1.1806264e+08 0.00023239338 3792201.2 7.4645325e-06
50 55 1.4281646e+08 0.00028111854 4909828.3 9.664459e-06
55 60 1.6960293e+08 0.00033384478 6302208.7 1.2405207e-05
60 65 1.9837806e+08 0.00039048547 7791449.4 1.5336614e-05
65 70 2.2903758e+08 0.00045083538 9501174.2 1.870202e-05
70 75 2.6155285e+08 0.00051483813 11256917 2.2158008e-05
75 80 2.9585608e+08 0.00058236028 13128202 2.5841427e-05
80 85 3.3171099e+08 0.00065293673 15171594 2.9863619e-05
85 90 3.6926397e+08 0.00072685565 17164181 3.3785808e-05
90 95 4.083733e+08 0.00080383809 19161785 3.7717873e-05
95 100 4.4898773e+08 0.00088378314 21204378 4.1738494e-05
100 105 4.9118692e+08 0.00096684762 22940663 4.5156182e-05
105 110 5.3477723e+08 0.0010526504 24800435 4.8816939e-05
110 115 5.7959434e+08 0.0011408679 26787537 5.2728332e-05
115 120 6.2555506e+08 0.0012313366 28580478 5.6257539e-05
120 125 6.7285915e+08 0.0013244495 30205005 5.9455242e-05
125 130 7.211713e+08 0.0014195467 31947726 6.2885598e-05
130 135 7.7051897e+08 0.0015166822 33366007 6.5677329e-05
135 140 8.208852e+08 0.0016158226 34986568 6.8867225e-05
140 145 8.7206956e+08 0.0017165734 36248887 7.135196e-05
145 150 9.2402272e+08 0.0018188375 37495103 7.3805e-05
150 155 9.769574e+08 0.0019230336 38475170 7.5734155e-05
155 160 1.0304423e+09 0.0020283127 39215235 7.7190892e-05
160 165 1.0846368e+09 0.0021349887 40047233 7.8828589e-05
165 170 1.1393372e+09 0.0022426603 41038049 8.0778903e-05
170 175 1.1946987e+09 0.0023516334 41188202 8.1074461e-05
175 180 1.2502742e+09 0.0024610277 41544038 8.1774886e-05
180 185 1.3062744e+09 0.002571258 41896855 8.2469367e-05
185 190 1.3626984e+09 0.0026823224 41957347 8.2588439e-05
190 195 1.4194759e+09 0.0027940827 42101107 8.2871415e-05
195 200 1.476373e+09 0.0029060785 41487280 8.1663163e-05
