0 5 472065 9.37836e-07 22559.225 4.481767e-08
5 10 3230379 6.4176876e-06 67803.723 1.3470342e-07
10 15 8696512 1.7277074e-05 121645.39 2.4166889e-07
15 20 16857043 3.3489332e-05 134213.01 2.6663656e-07
20 25 27555076 5.4742762e-05 342557.17 6.8054704e-07
25 30 40785057 8.102633e-05 698471.11 1.3876296e-06
30 35 56419935 0.00011208763 1153919.8 2.2924545e-06
35 40 74380230 0.00014776875 1821457.5 3.6186297e-06
40 45 94541651 0.00018782279 2628236 5.2214299e-06
45 50 1.1699775e+08 0.00023243558 3760935.4 7.4717265e-06
50 55 1.4145858e+08 0.00028103111 4956098.6 9.846118e-06
55 60 1.6797749e+08 0.00033371534 6281201.2 1.2478656e-05
60 65 1.9640945e+08 0.00039020019 7768179.9 1.5432787e-05
65 70 2.2673228e+08 0.00045044155 9345655.6 1.8566706e-05
70 75 2.588546e+08 0.00051425792 11096731 2.204551e-05
75 80 2.9268956e+08 0.00058147671 13086987 2.5999487e-05
80 85 3.2826849e+08 0.00065216019 14933690 2.9668271e-05
85 90 3.654177e+08 0.00072596332 17035307 3.3843483e-05
90 95 4.0410509e+08 0.00080282229 19085717 3.7916966e-05
95 100 4.4429955e+08 0.0008826753 20773545 4.1270118e-05
100 105 4.859708e+08 0.0009654622 22701293 4.5099911e-05
105 110 5.2900828e+08 0.0010509633 24777909 4.9225457e-05
110 115 5.732797e+08 0.0011389159 26521369 5.268913e-05
115 120 6.1875758e+08 0.0012292653 28286923 5.6196699e-05
120 125 6.6544629e+08 0.0013220202 29757082 5.9117415e-05
125 130 7.1313942e+08 0.0014167706 31349420 6.2280861e-05
130 135 7.61933e+08 0.0015137072 32823137 6.5208646e-05
135 140 8.1180237e+08 0.001612781 34304716 6.8152049e-05
140 145 8.6242505e+08 0.0017133515 35429439 7.0386501e-05
145 150 9.140928e+08 0.0018159981 36337361 7.219024e-05
150 155 9.6656755e+08 0.0019202479 37171669 7.3847731e-05
155 160 1.0195298e+09 0.0020254662 37931575 7.5357411e-05
160 165 1.0731545e+09 0.0021320007 38413657 7.6315147e-05
165 170 1.1274974e+09 0.002239962 38791091 7.7064984e-05
170 175 1.1824288e+09 0.0023490923 38848452 7.7178941e-05
175 180 1.2376303e+09 0.0024587593 39315615 7.8107038e-05
180 185 1.2932499e+09 0.002569257 39162565 7.7802979e-05
185 190 1.3491806e+09 0.0026803726 38636131 7.6757129e-05
190 195 1.4055996e+09 0.0027924584 37757473 7.5011528e-05
195 200 1.4621938e+09 0.0029048923 36868149 7.3244737e-05
