0 5 2662117 9.424941e-07 120263.88 4.2578142e-08
5 10 18226531 6.4529087e-06 352620.71 1.248416e-07
10 15 49085012 1.7378024e-05 549641.36 1.9459466e-07
15 20 95107373 3.367175e-05 721983.18 2.5561044e-07
20 25 1.5559982e+08 5.5088455e-05 1825447.1 6.4628005e-07
25 30 2.2993983e+08 8.1407743e-05 3971164.5 1.4059484e-06
30 35 3.1802002e+08 0.00011259159 6779857.4 2.4003361e-06
35 40 4.1918169e+08 0.0001484068 10544857 3.7332941e-06
40 45 5.3309646e+08 0.00018873711 15037916 5.3240137e-06
45 50 6.5929891e+08 0.00023341774 20325339 7.1959691e-06
50 55 7.9736149e+08 0.00028229732 26738344 9.4664253e-06
55 60 9.4689505e+08 0.00033523808 33947567 1.2018774e-05
60 65 1.1073439e+09 0.00039204328 41806483 1.4801139e-05
65 70 1.2784705e+09 0.00045262885 50711459 1.7953851e-05
70 75 1.4596492e+09 0.00051677323 59760845 2.1157689e-05
75 80 1.6506535e+09 0.00058439626 69334292 2.4547066e-05
80 85 1.8512378e+09 0.00065541099 79286229 2.8070443e-05
85 90 2.0607863e+09 0.00072959938 89753156 3.1776147e-05
90 95 2.2791329e+09 0.00080690266 1.0035366e+08 3.5529142e-05
95 100 2.5060269e+09 0.00088723208 1.1115203e+08 3.9352189e-05
100 105 2.7409738e+09 0.00097041252 1.2184923e+08 4.3139418e-05
105 110 2.9834798e+09 0.0010562692 1.3194785e+08 4.6714727e-05
110 115 3.233412e+09 0.001144755 1.4182359e+08 5.0211126e-05
115 120 3.4900659e+09 0.0012356206 1.506346e+08 5.3330573e-05
120 125 3.7531144e+09 0.0013287501 1.5968395e+08 5.6534398e-05
125 130 4.022439e+09 0.0014241016 1.6848648e+08 5.965084e-05
130 135 4.2971862e+09 0.0015213729 1.7705916e+08 6.2685907e-05
135 140 4.5772461e+09 0.0016205251 1.8434941e+08 6.5266941e-05
140 145 4.8624726e+09 0.0017215065 1.9169635e+08 6.7868046e-05
145 150 5.1523813e+09 0.0018241456 1.9828807e+08 7.0201773e-05
150 155 5.4464527e+09 0.0019282584 2.0436993e+08 7.2354993e-05
155 160 5.7443427e+09 0.0020337232 2.0953172e+08 7.4182468e-05
160 165 6.0457425e+09 0.0021404306 2.1382799e+08 7.5703516e-05
165 170 6.3504674e+09 0.0022483152 2.1651839e+08 7.6656025e-05
170 175 6.6582135e+09 0.0023572694 2.1894265e+08 7.7514309e-05
175 180 6.9685523e+09 0.0024671415 2.1935994e+08 7.7662044e-05
180 185 7.2811567e+09 0.0025778158 2.1966785e+08 7.7771058e-05
185 190 7.5954671e+09 0.002689094 2.1891067e+08 7.7502986e-05
190 195 7.911694e+09 0.0028010508 2.1615438e+08 7.6527149e-05
195 200 8.2293442e+09 0.0029135114 2.1235463e+08 7.5181888e-05
