0 5 436985 9.7439071e-07 26425.459 5.8923582e-08
5 10 2964179 6.6095369e-06 80341.177 1.7914504e-07
10 15 7892958 1.7599746e-05 234039.32 5.2186171e-07
15 20 15142215 3.3764165e-05 472955.47 1.0545978e-06
20 25 24520677 5.4676293e-05 1056464.2 2.3557075e-06
25 30 35834625 7.9904174e-05 2078954.2 4.6356595e-06
30 35 48929610 0.00010910342 3544812.1 7.9042347e-06
35 40 63653393 0.00014193456 5435544.5 1.2120196e-05
40 45 79863514 0.00017807995 7987107.2 1.780968e-05
45 50 97402817 0.00021718915 10987721 2.4500459e-05
50 55 1.1623302e+08 0.00025917681 14546293 3.2435376e-05
55 60 1.3619483e+08 0.00030368771 18521854 4.1300096e-05
60 65 1.572808e+08 0.00035070529 23053461 5.140469e-05
65 70 1.7931094e+08 0.00039982817 28002680 6.2440475e-05
70 75 2.0220803e+08 0.00045088419 33569152 7.4852614e-05
75 80 2.2606806e+08 0.00050408737 39350972 8.7744937e-05
80 85 2.5055309e+08 0.00055868416 45555998 0.00010158093
85 90 2.7569419e+08 0.00061474389 52275466 0.00011656402
90 95 3.0132754e+08 0.00067190122 59277997 0.00013217829
95 100 3.2742038e+08 0.00073008312 67005508 0.00014940912
100 105 3.5395762e+08 0.00078925597 74938743 0.00016709868
105 110 3.8078735e+08 0.000849081 83569317 0.00018634316
110 115 4.0788988e+08 0.00090951431 92695944 0.00020669374
115 120 4.3508679e+08 0.00097015807 1.0211612e+08 0.00022769889
120 125 4.6246489e+08 0.0010312059 1.1210647e+08 0.0002499754
125 130 4.8989424e+08 0.0010923679 1.2230049e+08 0.00027270607
130 135 5.1722138e+08 0.0011533021 1.3285174e+08 0.00029623329
135 140 5.4464678e+08 0.0012144553 1.434529e+08 0.00031987179
140 145 5.7216017e+08 0.0012758048 1.5424142e+08 0.00034392806
145 150 5.9967009e+08 0.0013371465 1.646905e+08 0.00036722746
150 155 6.2732732e+08 0.0013988167 1.7503675e+08 0.00039029757
155 160 6.5500724e+08 0.0014605375 1.850499e+08 0.00041262493
160 165 6.8254512e+08 0.0015219415 1.9490219e+08 0.0004345936
165 170 7.1015632e+08 0.0015835091 2.0443692e+08 0.00045585418
170 175 7.3764382e+08 0.0016448008 2.1377182e+08 0.00047666915
175 180 7.6512209e+08 0.0017060719 2.2280601e+08 0.00049681364
180 185 7.9230622e+08 0.0017666872 2.3189195e+08 0.00051707349
185 190 8.1945322e+08 0.0018272197 2.4097349e+08 0.00053732354
190 195 8.4647039e+08 0.0018874627 2.4936361e+08 0.00055603186
195 200 8.7307167e+08 0.0019467783 2.5790238e+08 0.00057507165
