0 5 437561 9.7714579e-07 30604.814 6.8345592e-08
5 10 2971976 6.636912e-06 86542.038 1.9326263e-07
10 15 7900700 1.7643565e-05 229232.79 5.1191458e-07
15 20 15139072 3.3808042e-05 470717.96 1.0511907e-06
20 25 24523231 5.4764415e-05 1051069.9 2.3472122e-06
25 30 35866135 8.0094988e-05 2033665.3 4.5415096e-06
30 35 48992831 0.00010940906 3516462.1 7.8528392e-06
35 40 63796415 0.0001424679 5350322.8 1.1948152e-05
40 45 80075538 0.00017882187 7797376.2 1.7412826e-05
45 50 97715524 0.00021821486 10814164 2.414981e-05
50 55 1.1663323e+08 0.00026046121 14273371 3.1874788e-05
55 60 1.366933e+08 0.00030525865 18322974 4.0918219e-05
60 65 1.578135e+08 0.00035242354 22792725 5.089991e-05
65 70 1.799162e+08 0.00040178251 27713780 6.1889435e-05
70 75 2.0297349e+08 0.00045327325 33106110 7.3931397e-05
75 80 2.2675461e+08 0.0005063804 39071904 8.7253999e-05
80 85 2.5129624e+08 0.00056118591 45229161 0.00010100417
85 90 2.764523e+08 0.00061736353 52010591 0.00011614822
90 95 3.0214967e+08 0.00067474998 59098594 0.00013197689
95 100 3.283674e+08 0.0007332985 66720519 0.00014899791
100 105 3.5498727e+08 0.00079274505 74851287 0.00016715525
105 110 3.8185131e+08 0.00085273687 83395288 0.00018623542
110 115 4.0907065e+08 0.00091352215 92286603 0.00020609119
115 120 4.3644263e+08 0.00097464828 1.0161223e+08 0.00022691685
120 125 4.638464e+08 0.0010358454 1.1121981e+08 0.00024837215
125 130 4.9143068e+08 0.0010974457 1.2105446e+08 0.00027033455
130 135 5.1897109e+08 0.0011589479 1.3108865e+08 0.00029274254
135 140 5.4655326e+08 0.0012205435 1.4162155e+08 0.00031626425
140 145 5.7415585e+08 0.0012821846 1.5178633e+08 0.00033896388
145 150 6.0180595e+08 0.0013439318 1.6234873e+08 0.00036255146
150 155 6.294459e+08 0.0014056564 1.7241505e+08 0.00038503121
155 160 6.5718848e+08 0.0014676101 1.8218568e+08 0.00040685064
160 165 6.8483933e+08 0.001529359 1.9177421e+08 0.0004282634
165 170 7.1245319e+08 0.0015910253 2.0145244e+08 0.00044987648
170 175 7.3996783e+08 0.0016524701 2.1078151e+08 0.00047070984
175 180 7.6742901e+08 0.0017137954 2.2015309e+08 0.00049163812
180 185 7.9476134e+08 0.001774833 2.290291e+08 0.00051145972
185 190 8.2178068e+08 0.0018351716 2.3807786e+08 0.00053166708
190 195 8.4863226e+08 0.0018951356 2.4668326e+08 0.00055088436
195 200 8.7528228e+08 0.0019546495 2.5504581e+08 0.0005695593
