0 5 472651 9.3112378e-07 20320.732 4.0031897e-08
5 10 3254645 6.4116597e-06 60821.56 1.1981864e-07
10 15 8757389 1.7252081e-05 112819.7 2.2225513e-07
15 20 16974090 3.3439004e-05 132655.18 2.6133108e-07
20 25 27780154 5.472698e-05 330761.77 6.5160161e-07
25 30 41085710 8.0938962e-05 672377.24 1.324585e-06
30 35 56813109 0.00011192198 1216076.4 2.3956739e-06
35 40 74919705 0.00014759203 1869360.6 3.6826455e-06
40 45 95261380 0.00018766518 2794833.1 5.505829e-06
45 50 1.1779632e+08 0.00023205908 3867998 7.6199669e-06
50 55 1.4243182e+08 0.00028059107 5038406.9 9.9256756e-06
55 60 1.6915511e+08 0.00033323603 6351348.4 1.2512174e-05
60 65 1.9777691e+08 0.00038962107 7820726.2 1.5406852e-05
65 70 2.2831637e+08 0.00044978388 9470155.8 1.8656233e-05
70 75 2.6070846e+08 0.00051359639 11020333 2.1710086e-05
75 80 2.9482547e+08 0.00058080699 12807987 2.5231769e-05
80 85 3.3064668e+08 0.00065137487 14747098 2.9051824e-05
85 90 3.6805788e+08 0.00072507505 16621488 3.2744376e-05
90 95 4.0701667e+08 0.00080182396 18615384 3.6672358e-05
95 100 4.4740484e+08 0.00088138878 20641221 4.0663263e-05
100 105 4.893506e+08 0.00096402205 22923738 4.5159828e-05
105 110 5.3260014e+08 0.0010492237 24873194 4.9000261e-05
110 115 5.7711195e+08 0.0011369121 26908099 5.300903e-05
115 120 6.2282373e+08 0.0012269645 28914380 5.6961408e-05
120 125 6.6977535e+08 0.0013194593 30986005 6.1042516e-05
125 130 7.1771124e+08 0.0014138931 32838139 6.4691225e-05
130 135 7.6665613e+08 0.0015103147 34375023 6.7718891e-05
135 140 8.1658921e+08 0.001608683 36030741 7.098066e-05
140 145 8.6743895e+08 0.0017088571 37362499 7.3604226e-05
145 150 9.1916534e+08 0.0018107583 38743527 7.6324855e-05
150 155 9.7168632e+08 0.0019142247 39762734 7.8332696e-05
155 160 1.0248435e+09 0.0020189446 40829666 8.0434556e-05
160 165 1.0785711e+09 0.0021247881 41638190 8.2027349e-05
165 170 1.1329916e+09 0.0022319966 42532957 8.3790043e-05
170 175 1.1878205e+09 0.0023400097 43080146 8.4868006e-05
175 180 1.2432041e+09 0.0024491155 43533716 8.5761542e-05
180 185 1.2987414e+09 0.0025585242 43622324 8.5936099e-05
185 190 1.3546927e+09 0.0026687483 43725796 8.6139938e-05
190 195 1.4111349e+09 0.0027799396 43608244 8.5908361e-05
195 200 1.4677252e+09 0.0028914227 43251564 8.52057e-05
