0 5 433549 9.6409395e-07 13448.606 2.9906008e-08
5 10 2967702 6.5993545e-06 63784.861 1.4184002e-07
10 15 7908908 1.758724e-05 188958.11 4.2019096e-07
15 20 15186058 3.3769624e-05 453197.36 1.0077865e-06
20 25 24602716 5.4709686e-05 1014889.5 2.2568356e-06
25 30 35970185 7.9987816e-05 1998768.6 4.4447126e-06
30 35 49086314 0.00010915449 3395074.2 7.5497129e-06
35 40 63886572 0.0001420662 5341219.3 1.1877405e-05
40 45 80198784 0.00017834008 7742339.2 1.7216837e-05
45 50 97880825 0.00021766008 10743589 2.3890792e-05
50 55 1.1682017e+08 0.00025977599 14215538 3.1611454e-05
55 60 1.3694148e+08 0.00030452026 18271136 4.0629991e-05
60 65 1.5819184e+08 0.00035177521 22698661 5.0475591e-05
65 70 1.8036281e+08 0.00040107737 27679408 6.1551404e-05
70 75 2.0344283e+08 0.00045240101 33112946 7.3634101e-05
75 80 2.2724344e+08 0.00050532702 39018075 8.6765486e-05
80 85 2.518669e+08 0.00056008285 45340653 0.00010082517
85 90 2.7708284e+08 0.00061615617 51991111 0.00011561396
90 95 3.0291377e+08 0.00067359706 59158292 0.0001315518
95 100 3.291515e+08 0.00073194258 66810452 0.0001485681
100 105 3.5576133e+08 0.00079111552 74846195 0.00016643739
105 110 3.8271943e+08 0.00085106295 83353157 0.00018535454
110 115 4.0985828e+08 0.00091141229 92275091 0.00020519447
115 120 4.3719865e+08 0.00097220977 1.018695e+08 0.00022652981
120 125 4.6457904e+08 0.0010330962 1.1174273e+08 0.00024848516
125 130 4.9194891e+08 0.0010939593 1.2181049e+08 0.00027087309
130 135 5.1943587e+08 0.0011550828 1.3229002e+08 0.0002941767
135 140 5.4695079e+08 0.0012162684 1.4308438e+08 0.00031818039
140 145 5.7446017e+08 0.0012774417 1.5404004e+08 0.00034254277
145 150 6.0203833e+08 0.001338768 1.6451095e+08 0.0003658272
150 155 6.2954701e+08 0.0013999397 1.7503018e+08 0.00038921906
155 160 6.5718881e+08 0.0014614075 1.8515648e+08 0.00041173717
160 165 6.8478539e+08 0.0015227747 1.9505133e+08 0.00043374061
165 170 7.1238775e+08 0.0015841548 2.0452909e+08 0.00045481654
170 175 7.4008032e+08 0.0016457354 2.1408817e+08 0.00047607332
175 180 7.6743796e+08 0.0017065713 2.2292829e+08 0.00049573131
180 185 7.9472985e+08 0.001767261 2.3163413e+08 0.0005150907
185 190 8.2205615e+08 0.0018280272 2.4046813e+08 0.0005347351
190 195 8.4906916e+08 0.0018880967 2.4892764e+08 0.00055354672
195 200 8.7577361e+08 0.0019474801 2.5742882e+08 0.00057245103
