0 5 437974 9.6404196e-07 15008.817 3.3036502e-08
5 10 2994343 6.5909673e-06 62107.542 1.3670738e-07
10 15 7994824 1.7597725e-05 198800.04 4.3758665e-07
15 20 15364244 3.3818848e-05 439329.15 9.6702483e-07
20 25 24870552 5.474356e-05 1027473.3 2.2616124e-06
25 30 36348914 8.0009038e-05 2069510 4.5552807e-06
30 35 49632155 0.00010924731 3581074.2 7.8824447e-06
35 40 64599769 0.00014219312 5537040.3 1.2187799e-05
40 45 81132191 0.00017858329 7937575.1 1.7471712e-05
45 50 98982545 0.00021787441 10976737 2.4161331e-05
50 55 1.1813518e+08 0.00026003204 14490463 3.1895533e-05
55 60 1.3842907e+08 0.00030470172 18607108 4.0956844e-05
60 65 1.5987363e+08 0.0003519042 23070506 5.0781406e-05
65 70 1.8222649e+08 0.00040110596 28130458 6.1919069e-05
70 75 2.0549716e+08 0.00045232796 33679028 7.4132247e-05
75 80 2.2962472e+08 0.00050543609 39688718 8.7360413e-05
80 85 2.5441806e+08 0.0005600097 46139144 0.0001015587
85 90 2.7985749e+08 0.00061600542 52906323 0.00011645421
90 95 3.0587796e+08 0.00067328012 60309111 0.00013274878
95 100 3.323911e+08 0.00073163925 68074869 0.0001498423
100 105 3.5929949e+08 0.00079086837 76383839 0.0001681315
105 110 3.8642403e+08 0.00085057328 85252082 0.00018765174
110 115 4.1386438e+08 0.00091097332 94434913 0.00020786444
115 120 4.414914e+08 0.00097178426 1.0427425e+08 0.00022952219
120 125 4.6919828e+08 0.001032771 1.1425599e+08 0.0002514934
125 130 4.9699214e+08 0.0010939491 1.2485347e+08 0.00027481994
130 135 5.2476526e+08 0.0011550816 1.3539553e+08 0.00029802447
135 140 5.5264277e+08 0.001216444 1.4617021e+08 0.00032174106
140 145 5.8053321e+08 0.0012778347 1.5709624e+08 0.00034579077
145 150 6.0846824e+08 0.0013393236 1.677478e+08 0.00036923633
150 155 6.3644547e+08 0.0014009054 1.7817764e+08 0.00039219389
155 160 6.6448152e+08 0.0014626167 1.8825831e+08 0.00041438285
160 165 6.9249386e+08 0.0015242757 1.9795714e+08 0.00043573131
165 170 7.2051946e+08 0.001585964 2.0765285e+08 0.00045707293
170 175 7.484445e+08 0.0016474309 2.1730927e+08 0.00047832805
175 180 7.7624369e+08 0.0017086208 2.2673518e+08 0.00049907581
180 185 8.0392208e+08 0.0017695448 2.3572204e+08 0.00051885713
185 190 8.3141102e+08 0.0018300518 2.4481777e+08 0.00053887812
190 195 8.5862702e+08 0.001889958 2.535493e+08 0.00055809744
195 200 8.8573862e+08 0.0019496344 2.6216549e+08 0.00057706287
