0 5 473591 9.3775902e-07 23114.767 4.5769622e-08
5 10 3244442 6.4243298e-06 61369.84 1.2151861e-07
10 15 8736667 1.7299502e-05 112545.44 2.2285158e-07
15 20 16942512 3.3547921e-05 152091.07 3.01156e-07
20 25 27727339 5.4902991e-05 353035.41 6.9904652e-07
25 30 40957421 8.1099918e-05 697527.6 1.3811766e-06
30 35 56651944 0.00011217669 1205071 2.3861648e-06
35 40 74668896 0.00014785211 1818275.7 3.6003734e-06
40 45 95012278 0.00018813411 2617983.6 5.1838774e-06
45 50 1.1748344e+08 0.00023262933 3536939.6 7.0035053e-06
50 55 1.4209764e+08 0.00028136799 4845908.1 9.5953979e-06
55 60 1.6874812e+08 0.00033413869 6160391.3 1.219821e-05
60 65 1.9734997e+08 0.00039077329 7639922 1.5127834e-05
65 70 2.278221e+08 0.00045111125 9229769.6 1.8275896e-05
70 75 2.6008064e+08 0.00051498649 11023060 2.1826795e-05
75 80 2.9412994e+08 0.00058240762 12808368 2.5361889e-05
80 85 3.299076e+08 0.00065325107 14755750 2.9217907e-05
85 90 3.6717174e+08 0.00072703791 16866482 3.3397374e-05
90 95 4.0606654e+08 0.00080405362 18728042 3.7083455e-05
95 100 4.4638354e+08 0.00088388545 20854457 4.1293975e-05
100 105 4.8813654e+08 0.00096656069 22806657 4.5159533e-05
105 110 5.3126244e+08 0.0010519544 25118210 4.9736646e-05
110 115 5.7571156e+08 0.0011399683 26996260 5.345538e-05
115 120 6.2130286e+08 0.0012302437 28826040 5.7078533e-05
120 125 6.6821754e+08 0.0013231396 30141098 5.9682483e-05
125 130 7.1619332e+08 0.0014181366 32100004 6.3561319e-05
130 135 7.6511082e+08 0.0015149983 33869871 6.7065837e-05
135 140 8.1498708e+08 0.0016137585 35483485 7.026096e-05
140 145 8.6579286e+08 0.0017143592 36868612 7.3003655e-05
145 150 9.1745997e+08 0.0018166654 38184419 7.5609087e-05
150 155 9.6999184e+08 0.0019206839 39492145 7.8198521e-05
155 160 1.022956e+09 0.0020255584 40582806 8.0358142e-05
160 165 1.0767411e+09 0.0021320584 41583995 8.2340599e-05
165 170 1.1310779e+09 0.0022396508 42486829 8.4128303e-05
170 175 1.1857871e+09 0.0023479808 43122593 8.5387181e-05
175 180 1.2409823e+09 0.0024572729 43370127 8.5877324e-05
180 185 1.2966596e+09 0.0025675196 43850294 8.6828105e-05
185 190 1.3526243e+09 0.0026783357 43936469 8.699874e-05
190 195 1.408851e+09 0.0027896703 44229352 8.7578678e-05
195 200 1.4653674e+09 0.0029015785 44064703 8.7252657e-05
