0 5 433384 9.6478709e-07 17284.34 3.8477904e-08
5 10 2958707 6.5865891e-06 62423.46 1.3896532e-07
10 15 7898648 1.7583745e-05 200012.91 4.4526303e-07
15 20 15162933 3.3755289e-05 452057.04 1.0063565e-06
20 25 24593556 5.4749472e-05 1006081.7 2.2397104e-06
25 30 35961319 8.0056062e-05 1992759.6 4.4362246e-06
30 35 49110854 0.00010932918 3423412.3 7.6211026e-06
35 40 63924879 0.00014230774 5339690.7 1.1887067e-05
40 45 80252059 0.00017865484 7785885.2 1.7332715e-05
45 50 97888053 0.00021791559 10791560 2.4023863e-05
50 55 1.1682058e+08 0.00026006265 14405275 3.2068611e-05
55 60 1.3687463e+08 0.0003047064 18395217 4.0950908e-05
60 65 1.5806144e+08 0.00035187187 22914489 5.1011581e-05
65 70 1.8016963e+08 0.00040108849 27839817 6.1976206e-05
70 75 2.031865e+08 0.00045232798 33438280 7.4439344e-05
75 80 2.2689639e+08 0.00050511027 39373123 8.7651323e-05
80 85 2.5136662e+08 0.0005595852 45807497 0.00010197534
85 90 2.7653214e+08 0.00061560797 52616078 0.00011713241
90 95 3.0221046e+08 0.00067277231 59971890 0.00013350771
95 100 3.2839394e+08 0.00073106122 67694297 0.00015069911
100 105 3.5482423e+08 0.00078989957 75952815 0.00016908399
105 110 3.8159622e+08 0.00084949861 84470162 0.00018804506
110 115 4.0867872e+08 0.00090978889 93604994 0.00020838077
115 120 4.3589759e+08 0.00097038278 1.0297708e+08 0.00022924464
120 125 4.6321928e+08 0.0010312055 1.1273444e+08 0.0002509662
125 130 4.9064498e+08 0.0010922598 1.2274384e+08 0.00027324882
130 135 5.1825111e+08 0.0011537158 1.3316139e+08 0.00029644009
135 140 5.4576815e+08 0.0012149735 1.4364586e+08 0.00031978031
140 145 5.7337441e+08 0.0012764297 1.5413209e+08 0.00034312446
145 150 6.0088881e+08 0.0013376815 1.6424376e+08 0.00036563477
150 155 6.2865901e+08 0.0013995027 1.7481132e+08 0.00038915997
155 160 6.5629533e+08 0.0014610259 1.8459519e+08 0.00041094053
160 165 6.8403026e+08 0.0015227686 1.9419937e+08 0.0004323211
165 170 7.117822e+08 0.0015845492 2.0348195e+08 0.00045298572
170 175 7.3945472e+08 0.001646153 2.1269577e+08 0.00047349725
175 180 7.6693125e+08 0.0017073205 2.219715e+08 0.00049414662
180 185 7.9431623e+08 0.0017682841 2.3098876e+08 0.00051422058
185 190 8.2155671e+08 0.0018289261 2.3935229e+08 0.00053283923
190 195 8.4857044e+08 0.0018890633 2.4783818e+08 0.00055173029
195 200 8.7544442e+08 0.0019488894 2.5648591e+08 0.00057098162
