0 5 436506 9.5634336e-07 16860.262 3.693924e-08
5 10 2989679 6.5501039e-06 73961.261 1.6204213e-07
10 15 7977060 1.7476984e-05 192234.19 4.2116694e-07
15 20 15315674 3.3555193e-05 479869.36 1.0513484e-06
20 25 24814269 5.4365716e-05 1066345.9 2.336263e-06
25 30 36270168 7.9464508e-05 2087067.5 4.5725674e-06
30 35 49545648 0.00010854983 3541924.4 7.7600213e-06
35 40 64470172 0.00014124805 5487624.2 1.2022866e-05
40 45 80957116 0.00017736938 7921303.2 1.7354826e-05
45 50 98797687 0.00021645639 10904787 2.3891357e-05
50 55 1.1794023e+08 0.0002583959 14645733 3.2087416e-05
55 60 1.3823512e+08 0.00030286007 18705787 4.0982611e-05
60 65 1.5962961e+08 0.00034973338 23271503 5.0985662e-05
65 70 1.8201035e+08 0.00039876747 28336990 6.2083666e-05
70 75 2.0527116e+08 0.00044972971 33952160 7.4385971e-05
75 80 2.293384e+08 0.00050245875 39921547 8.7464333e-05
80 85 2.5419325e+08 0.00055691336 46374782 0.00010160276
85 90 2.7966518e+08 0.00061271995 53288305 0.00011674964
90 95 3.0560869e+08 0.00066955974 60519702 0.00013259294
95 100 3.3216658e+08 0.00072774556 68372872 0.0001497985
100 105 3.5903955e+08 0.0007866217 76719059 0.0001680842
105 110 3.862563e+08 0.00084625102 85671548 0.00018769826
110 115 4.136629e+08 0.00090629629 95050379 0.00020824639
115 120 4.412834e+08 0.00096681018 1.0478138e+08 0.0002295661
120 125 4.6899464e+08 0.0010275229 1.1463563e+08 0.00025115582
125 130 4.967826e+08 0.0010884037 1.2502058e+08 0.00027390826
130 135 5.2468658e+08 0.0011495387 1.3575886e+08 0.00029743483
135 140 5.5263867e+08 0.0012107791 1.4663527e+08 0.00032126401
140 145 5.8053556e+08 0.0012718985 1.5729027e+08 0.00034460811
145 150 6.0847949e+08 0.001333121 1.6800023e+08 0.00036807261
150 155 6.3637797e+08 0.001394244 1.7851721e+08 0.00039111432
155 160 6.644449e+08 0.0014557359 1.8901243e+08 0.00041410835
160 165 6.9232396e+08 0.0015168163 1.9917194e+08 0.00043636688
165 170 7.2040487e+08 0.0015783389 2.0904946e+08 0.0004580076
170 175 7.4831845e+08 0.001639495 2.1872596e+08 0.00047920789
175 180 7.7622922e+08 0.0017006448 2.2838973e+08 0.00050038029
180 185 8.0397799e+08 0.0017614397 2.372979e+08 0.00051989725
185 190 8.3157781e+08 0.0018219083 2.4664682e+08 0.00054037986
190 195 8.5892511e+08 0.0018818237 2.557783e+08 0.00056038606
195 200 8.8602499e+08 0.001941197 2.6463307e+08 0.00057978603
