0 5 48735.62 4.9064234e-07 2070.9012 2.0848648e-08
5 10 334554.35 3.3681018e-06 6603.9328 6.6484616e-08
10 15 895890.27 9.0193106e-06 16274.198 1.6383931e-07
15 20 1727482.8 1.7391308e-05 32318.241 3.2536155e-07
20 25 2813650.6 2.8326225e-05 75685.159 7.6195488e-07
25 30 4140551.3 4.1684701e-05 151072.06 1.5209071e-06
30 35 5695626.6 5.734031e-05 253118.88 2.5482561e-06
35 40 7468358.4 7.5187158e-05 405010.09 4.0774098e-06
40 45 9447190.4 9.5108907e-05 590146.99 5.9412622e-06
45 50 11625083 0.00011703469 813745.4 8.192323e-06
50 55 13982383 0.00014076663 1084992.1 1.0923079e-05
55 60 16510834 0.00016622163 1390176.9 1.3995506e-05
60 65 19212047 0.00019341589 1741182 1.7529224e-05
65 70 22064740 0.00022213518 2126138.7 2.1404748e-05
70 75 25073985 0.00025243053 2542592.1 2.5597362e-05
75 80 28218818 0.00028409091 2992220.3 3.0123961e-05
80 85 31500555 0.00031712956 3499715.2 3.523313e-05
85 90 34914069 0.00035149487 4041528.9 4.06878e-05
90 95 38438757 0.00038697941 4602057.9 4.6330886e-05
95 100 42075085 0.00042358788 5182315.9 5.2172591e-05
100 105 45802388 0.00046111224 5809462.3 5.8486342e-05
105 110 49638799 0.00049973502 6483395.8 6.5271119e-05
110 115 53556638 0.00053917758 7169986.7 7.2183323e-05
115 120 57555243 0.00057943325 7880812.9 7.9339515e-05
120 125 61628835 0.00062044384 8609333.3 8.6673841e-05
125 130 65775331 0.0006621884 9376560 9.4397841e-05
130 135 69996992 0.00070468966 10189858 0.00010258566
135 140 74266310 0.00074767072 10962628 0.00011036547
140 145 78593521 0.0007912346 11780425 0.00011859858
145 150 82971063 0.00083530518 12581860 0.00012666696
150 155 87407249 0.00087996617 13328609 0.00013418481
155 160 91891913 0.0009251152 14119545 0.0001421475
160 165 96391754 0.00097041703 14865859 0.00014966096
165 170 1.0094064e+08 0.0010162126 15624961 0.00015730316
170 175 1.0552102e+08 0.0010623253 16381159 0.00016491613
175 180 1.1012059e+08 0.0011086311 17108473 0.00017223831
180 185 1.1474062e+08 0.0011551429 17870845 0.00017991344
185 190 1.1936825e+08 0.0012017313 18631958 0.00018757589
190 195 1.2400421e+08 0.0012484034 19355826 0.00019486338
195 200 1.2864501e+08 0.0012951243 20078360 0.00020213743
