0 5 48927.44 4.9347493e-07 2114.1671 2.1323177e-08
5 10 334092.44 3.369607e-06 8023.6498 8.0925347e-08
10 15 895361.74 9.0304863e-06 17008.408 1.7154429e-07
15 20 1726276.2 1.7410966e-05 33523.196 3.3811001e-07
20 25 2814961.5 2.8391286e-05 79161.03 7.9840646e-07
25 30 4142022 4.1775822e-05 157131.92 1.5848093e-06
30 35 5696231.3 5.7451348e-05 267576.15 2.6987335e-06
35 40 7468178.7 7.5322948e-05 407062.81 4.1055754e-06
40 45 9445115.9 9.5262044e-05 600451.66 6.0560668e-06
45 50 11615389 0.0001171511 826730.2 8.3382787e-06
50 55 13972962 0.00014092924 1086561.7 1.0958901e-05
55 60 16504133 0.00016645825 1409384.9 1.4214848e-05
60 65 19199560 0.00019364393 1757126.1 1.7722114e-05
65 70 22049537 0.00022238837 2147327.1 2.1657624e-05
70 75 25061909 0.00025277072 2560219.7 2.5821998e-05
75 80 28197615 0.00028439698 3037053.8 3.0631276e-05
80 85 31476838 0.00031747074 3531385.6 3.5617034e-05
85 90 34884004 0.00035183492 4057220.5 4.0920527e-05
90 95 38401682 0.00038731369 4624529.8 4.6642325e-05
95 100 42030653 0.00042391496 5224110 5.2689602e-05
100 105 45763922 0.00046156816 5884493.1 5.9350129e-05
105 110 49583830 0.00050009519 6535788.1 6.5918994e-05
110 115 53495489 0.00053954761 7208309.9 7.2701949e-05
115 120 57485951 0.00057979482 7929834.6 7.9979141e-05
120 125 61561183 0.000620897 8663349 8.7377259e-05
125 130 65705529 0.00066269627 9416659.2 9.4975034e-05
130 135 69911025 0.00070511227 10187506 0.00010274968
135 140 74178276 0.00074815113 10947110 0.00011041093
140 145 78497237 0.00079171154 11739034 0.00011839816
145 150 82876241 0.00083587753 12491360 0.00012598601
150 155 87304735 0.00088054266 13281550 0.00013395575
155 160 91788224 0.00092576248 14037711 0.00014158228
160 165 96301902 0.00097128676 14796243 0.00014923272
165 170 1.0084768e+08 0.0010171348 15510020 0.00015643177
170 175 1.0542655e+08 0.0010633166 16246635 0.00016386116
175 180 1.1002632e+08 0.0011097092 16963771 0.00017109409
180 185 1.146417e+08 0.0011562592 17661697 0.00017813327
185 190 1.1926975e+08 0.0012029371 18329424 0.00018486786
190 195 1.2391349e+08 0.0012497732 19065442 0.00019229124
195 200 1.2854959e+08 0.0012965321 19713447 0.00019882692
