0 5 48644.355 4.9029274e-07 1915.9675 1.9311284e-08
5 10 333098.92 3.357347e-06 7027.4695 7.0830772e-08
10 15 894395.25 9.0147252e-06 18632.246 1.8779682e-07
15 20 1722040.7 1.735667e-05 32666.523 3.292501e-07
20 25 2807386.8 2.8296014e-05 74978.827 7.5572128e-07
25 30 4133900 4.1666113e-05 151523.44 1.5272243e-06
30 35 5684638 5.72962e-05 259293.97 2.6134574e-06
35 40 7456436.7 7.5154389e-05 402941.26 4.061297e-06
40 45 9436736 9.5114081e-05 585806.07 5.9044151e-06
45 50 11609825 0.00011701693 814648.15 8.210944e-06
50 55 13961579 0.00014072055 1078082.2 1.0866129e-05
55 60 16489725 0.00016620207 1397979.1 1.4090412e-05
60 65 19184908 0.00019336716 1753817.4 1.7676953e-05
65 70 22034268 0.00022208624 2136064.7 2.1529672e-05
70 75 25040639 0.00025238784 2569176.7 2.5895063e-05
75 80 28181323 0.0002840432 3029032.7 3.0530012e-05
80 85 31440874 0.00031689664 3523508.5 3.5513897e-05
85 90 34840170 0.00035115857 4063065 4.0952157e-05
90 95 38364974 0.00038668552 4619555.7 4.6561099e-05
95 100 41988449 0.000423207 5207836.6 5.2490458e-05
100 105 45715249 0.0004607699 5836575.7 5.88276e-05
105 110 49553809 0.00049945924 6486987.1 6.5383181e-05
110 115 53468825 0.0005389192 7160070 7.216727e-05
115 120 57460043 0.0005791472 7855107.5 7.9172643e-05
120 125 61543554 0.00062030543 8610962.6 8.6791005e-05
125 130 65686172 0.00066205942 9357817.1 9.4318647e-05
130 135 69890526 0.00070443564 10134652 0.00010214847
135 140 74173839 0.00074760771 10922057 0.00011008483
140 145 78494091 0.00079115208 11738975 0.00011831864
145 150 82888672 0.00083544563 12532417 0.00012631585
150 155 87325002 0.00088015998 13311130 0.0001341646
155 160 91795807 0.0009252218 14064262 0.00014175551
160 165 96325881 0.000970881 14821073 0.00014938351
165 170 1.0088899e+08 0.0010168732 15614238 0.00015737793
170 175 1.0548856e+08 0.0010632328 16354162 0.00016483571
175 180 1.1008952e+08 0.0011096065 17067996 0.00017203053
180 185 1.1472385e+08 0.0011563165 17784055 0.00017924779
185 190 1.1937571e+08 0.0012032032 18514939 0.00018661446
190 195 1.2403112e+08 0.0012501257 19218830 0.00019370907
195 200 1.2870186e+08 0.0012972027 19894315 0.00020051737
