0 5 48864.528 4.9221494e-07 2396.5549 2.4140623e-08
5 10 334545.04 3.3698896e-06 5857.0994 5.8998868e-08
10 15 896029.51 9.025752e-06 14442.738 1.4548245e-07
15 20 1726033 1.7386421e-05 33015.552 3.3256738e-07
20 25 2814298.7 2.8348577e-05 76104.546 7.6660506e-07
25 30 4140482.4 4.1707295e-05 150856.05 1.5195809e-06
30 35 5694858.7 5.7364608e-05 265550.08 2.6748998e-06
35 40 7466591.9 7.521137e-05 414370.38 4.1739744e-06
40 45 9444529.1 9.5135234e-05 598910.32 6.0328549e-06
45 50 11612087 0.00011696916 825921.05 8.3195458e-06
50 55 13969651 0.00014071702 1095125.3 1.1031255e-05
55 60 16496924 0.00016617438 1418607.4 1.4289706e-05
60 65 19190908 0.00019331102 1771584.4 1.7845262e-05
65 70 22033343 0.00022194302 2154212.5 2.1699494e-05
70 75 25039356 0.00025222274 2585931.6 2.6048223e-05
75 80 28175949 0.00028381781 3046758.7 3.0690159e-05
80 85 31447981 0.00031677716 3539701.7 3.56556e-05
85 90 34850941 0.00035105535 4056298.4 4.0859305e-05
90 95 38365926 0.00038646197 4622779.3 4.6565497e-05
95 100 41985931 0.00042292647 5242205.3 5.2805008e-05
100 105 45706014 0.00046039906 5881931.6 5.9249003e-05
105 110 49532700 0.00049894547 6553754.5 6.601631e-05
110 115 53437286 0.00053827657 7263738.9 7.316802e-05
115 120 57422758 0.00057842243 7982369.3 8.0406822e-05
120 125 61488396 0.00061937581 8725828.1 8.7895722e-05
125 130 65627053 0.00066106472 9508245.1 9.5777048e-05
130 135 69815799 0.00070325818 10300403 0.0001037565
135 140 74072185 0.00074613299 11078559 0.0001115949
140 145 78393595 0.00078966277 11869563 0.00011956273
145 150 82765506 0.00083370126 12645834 0.00012738215
150 155 87199017 0.00087836025 13435875 0.00013534027
155 160 91653287 0.00092322834 14225372 0.00014329292
160 165 96141522 0.00096843856 14998609 0.00015108177
165 170 1.0068739e+08 0.0010142293 15746951 0.00015861986
170 175 1.0525662e+08 0.0010602554 16480676 0.00016601071
175 180 1.098384e+08 0.001106408 17216167 0.00017341935
180 185 1.1444441e+08 0.0011528045 17924958 0.00018055904
185 190 1.1907622e+08 0.001199461 18644828 0.00018781033
190 195 1.2371092e+08 0.0012461465 19380637 0.00019522216
195 200 1.2834027e+08 0.0012927782 20032932 0.00020179277
