0 5 49172.36 4.9198421e-07 1944.1666 1.945197e-08
5 10 335669.99 3.3584789e-06 6069.6047 6.0728216e-08
10 15 900002.41 9.0047941e-06 16582.796 1.6591585e-07
15 20 1736723.7 1.7376441e-05 37007.363 3.7026977e-07
20 25 2829201.1 2.8307005e-05 76413.315 7.6453814e-07
25 30 4164120.2 4.1663271e-05 152612.71 1.526936e-06
30 35 5725549.2 5.7285837e-05 256517.38 2.5665333e-06
35 40 7509227.8 7.5132077e-05 401590.49 4.0180334e-06
40 45 9498510.3 9.5035444e-05 584153.48 5.8446307e-06
45 50 11685282 0.00011691475 813772.66 8.1420396e-06
50 55 14053714 0.00014061163 1080939.4 1.0815123e-05
55 60 16604609 0.0001661341 1394434 1.395173e-05
60 65 19316962 0.000193272 1757957.5 1.7588892e-05
65 70 22187722 0.00022199482 2136942.8 2.1380754e-05
70 75 25218289 0.00025231654 2557061.9 2.5584171e-05
75 80 28383686 0.00028398729 3002369.7 3.003961e-05
80 85 31685295 0.00031702088 3483401.3 3.4852475e-05
85 90 35120181 0.00035138795 3987538.4 3.9896518e-05
90 95 38666987 0.0003868748 4575658.4 4.5780835e-05
95 100 42336105 0.00042358543 5150310.2 5.1530398e-05
100 105 46110554 0.00046134992 5762746.7 5.7658009e-05
105 110 49964453 0.00049990934 6424779 6.4281841e-05
110 115 53924481 0.00053953061 7101329.4 7.1050931e-05
115 120 57957917 0.00057988635 7818308.3 7.822452e-05
120 125 62073541 0.0006210644 8564357.6 8.5688966e-05
125 130 66265998 0.00066301119 9336051.3 9.3409993e-05
130 135 70513578 0.0007055095 10095306 0.00010100656
135 140 74831200 0.00074870861 10872506 0.00010878268
140 145 79214058 0.00079256041 11639562 0.00011645731
145 150 83644889 0.00083689221 12423340 0.00012429924
150 155 88124715 0.00088171421 13190315 0.00013197306
155 160 92651394 0.00092700499 13979417 0.00013986826
160 165 97225074 0.00097276603 14742324 0.00014750137
165 170 1.0182295e+08 0.0010187691 15534847 0.0001554308
170 175 1.0644301e+08 0.0010649942 16241951 0.00016250559
175 180 1.1109902e+08 0.0011115791 16955620 0.00016964606
180 185 1.1576769e+08 0.0011582904 17692027 0.00017701404
185 190 1.2046276e+08 0.001205266 18416013 0.00018425774
190 195 1.2518225e+08 0.001252486 19082205 0.00019092318
195 200 1.2988461e+08 0.0012995345 19798731 0.00019809224
