0 5 47917.763 4.900567e-07 1816.4052 1.8576442e-08
5 10 328670.7 3.3613272e-06 6931.9274 7.0893072e-08
10 15 882120.02 9.0214733e-06 18470.387 1.8889731e-07
15 20 1700800.5 1.7394148e-05 37402.388 3.8251558e-07
20 25 2771444.1 2.8343659e-05 77979.904 7.975033e-07
25 30 4076390.6 4.1689394e-05 155252.52 1.5877732e-06
30 35 5611296.3 5.7386931e-05 257114.14 2.6295157e-06
35 40 7362654.3 7.5298132e-05 401616.03 4.1073417e-06
40 45 9311375.6 9.5227775e-05 587992.42 6.0134198e-06
45 50 11455509 0.0001171559 799276.5 8.1742297e-06
50 55 13777894 0.00014090702 1073263.9 1.0976309e-05
55 60 16273060 0.00016642518 1377504.5 1.4087788e-05
60 65 18924954 0.00019354619 1728402.6 1.7676436e-05
65 70 21752649 0.00022246513 2098094.8 2.1457291e-05
70 75 24711191 0.00025272225 2531710.2 2.5891891e-05
75 80 27814227 0.0002844571 2987018.1 3.0548342e-05
80 85 31051551 0.00031756534 3478055.6 3.55702e-05
85 90 34413016 0.00035194316 4015019 4.1061745e-05
90 95 37887263 0.00038747441 4547568.3 4.6508146e-05
95 100 41465711 0.00042407132 5139576.5 5.2562635e-05
100 105 45146383 0.00046171369 5768932.9 5.8999085e-05
105 110 48917786 0.00050028397 6427974.9 6.5739132e-05
110 115 52795323 0.00053993968 7117870.8 7.2794722e-05
115 120 56737976 0.00058026133 7828812.7 8.0065551e-05
120 125 60761031 0.00062140526 8550875.9 8.7450117e-05
125 130 64857238 0.00066329732 9338200.6 9.5502116e-05
130 135 68998361 0.00070564873 10133724 0.00010363796
135 140 73198885 0.00074860765 10878091 0.00011125063
140 145 77476747 0.0007923575 11676800 0.00011941905
145 150 81787760 0.00083644638 12449058 0.00012731697
150 155 86161510 0.00088117689 13250592 0.00013551428
155 160 90572323 0.00092628642 14036876 0.00014355564
160 165 95022735 0.00097180095 14804454 0.00015140568
165 170 99512049 0.0010177133 15533172 0.00015885831
170 175 1.0402695e+08 0.0010638874 16261819 0.00016631021
175 180 1.0855672e+08 0.0011102135 16951566 0.00017336428
180 185 1.1310577e+08 0.0011567368 17716270 0.00018118493
185 190 1.1767745e+08 0.0012034916 18419540 0.0001883773
190 195 1.2225127e+08 0.0012502681 19126262 0.00019560497
195 200 1.2682678e+08 0.001297062 19780576 0.00020229667
