0 5 48578.719 4.9160821e-07 2478.5115 2.5082107e-08
5 10 332771.84 3.3675933e-06 8816.8541 8.9225035e-08
10 15 891480.56 9.0216286e-06 19197.843 1.9427884e-07
15 20 1720059.6 1.7406705e-05 34271.749 3.4682415e-07
20 25 2803143.6 2.8367327e-05 75277.096 7.6179116e-07
25 30 4126337.3 4.1757818e-05 151033.16 1.5284294e-06
30 35 5676660.8 5.7446823e-05 265044.45 2.6822038e-06
35 40 7439339.9 7.5284829e-05 410455.83 4.1537418e-06
40 45 9407052.6 9.5197741e-05 594342.75 6.0146456e-06
45 50 11571934 0.00011710597 813655.18 8.2340493e-06
50 55 13919059 0.00014085846 1085996.9 1.09901e-05
55 60 16442685 0.00016639712 1380040.8 1.3965773e-05
60 65 19128705 0.00019357918 1731858.3 1.7526105e-05
65 70 21977806 0.00022241159 2106687.4 2.1319311e-05
70 75 24967008 0.00025266179 2522312.1 2.5525361e-05
75 80 28113163 0.00028450034 3001513 3.0374791e-05
80 85 31384561 0.00031760631 3469303.3 3.5108748e-05
85 90 34776435 0.00035193149 3976811.2 4.0244639e-05
90 95 38292968 0.0003875182 4541822.9 4.596246e-05
95 100 41922701 0.00042425047 5113364 5.1746357e-05
100 105 45647546 0.00046194525 5741167.5 5.809962e-05
105 110 49477877 0.00050070753 6392464.6 6.4690633e-05
110 115 53384118 0.00054023802 7072908.9 7.1576612e-05
115 120 57379646 0.00058067206 7759775.1 7.8527578e-05
120 125 61440418 0.00062176638 8503095.2 8.6049849e-05
125 130 65582425 0.00066368277 9234343.6 9.3449955e-05
130 135 69791814 0.00070628105 10005432 0.00010125324
135 140 74054252 0.00074941619 10785185 0.00010914421
140 145 78376095 0.00079315249 11553037 0.00011691473
145 150 82749211 0.00083740766 12335968 0.00012483786
150 155 87180457 0.00088225111 13102236 0.00013259235
155 160 91639741 0.00092737829 13821931 0.00013987555
160 165 96148551 0.00097300667 14569669 0.00014744252
165 170 1.006965e+08 0.0010190311 15368891 0.00015553051
170 175 1.0527277e+08 0.0010653422 16063895 0.00016256384
175 180 1.0986386e+08 0.0011118032 16804237 0.00017005597
180 185 1.1448643e+08 0.0011585828 17508246 0.00017718042
185 190 1.1909124e+08 0.0012051826 18226073 0.0001844447
190 195 1.2372105e+08 0.0012520356 18902181 0.0001912868
195 200 1.2836037e+08 0.0012989847 19623098 0.00019858235
