0 5 48266.399 4.9064902e-07 1800.1772 1.8299587e-08
5 10 330253.47 3.3571707e-06 5350.8463 5.4393688e-08
10 15 886239.57 9.009012e-06 14880.15 1.5126322e-07
15 20 1709836.8 1.7381237e-05 33979.376 3.4541519e-07
20 25 2784809.6 2.8308805e-05 73158.463 7.4368771e-07
25 30 4099988.4 4.1678172e-05 153117.88 1.5565101e-06
30 35 5638923.7 5.7322121e-05 261042.04 2.6536063e-06
35 40 7391944.3 7.5142341e-05 400966.38 4.0759982e-06
40 45 9353003.5 9.5077363e-05 586940.26 5.966504e-06
45 50 11495945 0.00011686129 810237.98 8.2364228e-06
50 55 13826050 0.00014054784 1080116.3 1.0979853e-05
55 60 16331954 0.00016602144 1385111.8 1.4080266e-05
60 65 18996544 0.00019310816 1736242.1 1.7649658e-05
65 70 21816908 0.00022177839 2124146.5 2.1592877e-05
70 75 24791496 0.00025201637 2541340.9 2.583384e-05
75 80 27906029 0.00028367696 2987901.5 3.0373323e-05
80 85 31145682 0.00031660945 3479125.1 3.5366826e-05
85 90 34508889 0.00035079792 4011369.3 4.077732e-05
90 95 37995589 0.00038624175 4561658.1 4.6371245e-05
95 100 41589019 0.00042277053 5148620.6 5.2337976e-05
100 105 45275408 0.00046024428 5776170.4 5.8717293e-05
105 110 49073406 0.00049885259 6402475.8 6.5083961e-05
110 115 52950469 0.00053826463 7095562.2 7.2129487e-05
115 120 56911583 0.00057853109 7805245.7 7.9343729e-05
120 125 60941957 0.00061950159 8531537.3 8.6726801e-05
125 130 65039886 0.00066115883 9285263.8 9.438876e-05
130 135 69205516 0.00070350428 10063957 0.00010230451
135 140 73444269 0.00074659305 10829454 0.00011008613
140 145 77722429 0.00079008241 11591481 0.00011783247
145 150 82062989 0.0008342061 12350476 0.00012554798
150 155 86452201 0.00087882436 13109948 0.00013326834
155 160 90882980 0.00092386516 13878447 0.00014108047
160 165 95367513 0.0009694524 14658221 0.00014900722
165 170 99868505 0.0010152069 15353860 0.00015607869
170 175 1.0442325e+08 0.0010615079 16074619 0.00016340552
175 180 1.0897963e+08 0.0011078255 16785136 0.00017062823
180 185 1.1355773e+08 0.0011543639 17525229 0.0001781516
185 190 1.1816676e+08 0.0012012167 18180353 0.00018481122
190 195 1.2276604e+08 0.0012479704 18872950 0.00019185178
195 200 1.2738e+08 0.0012948733 19565072 0.00019888749
