0 5 48711.981 4.9164216e-07 1778.2765 1.7947858e-08
5 10 332805.69 3.3589541e-06 6498.205 6.5585335e-08
10 15 891901.85 9.0018215e-06 16299.919 1.6451245e-07
15 20 1721235.2 1.7372149e-05 34114.312 3.4431025e-07
20 25 2802436 2.8284534e-05 75740.575 7.644374e-07
25 30 4127133.6 4.1654494e-05 153195.27 1.5461752e-06
30 35 5678445.5 5.7311635e-05 262871.46 2.6531193e-06
35 40 7446820.4 7.5159557e-05 409285.42 4.1308517e-06
40 45 9413805.2 9.5012017e-05 597049.11 6.0259203e-06
45 50 11583257 0.00011690795 821561.21 8.2918847e-06
50 55 13930233 0.0001405956 1091362.9 1.101495e-05
55 60 16453100 0.00016605848 1382925.3 1.3957642e-05
60 65 19142045 0.00019319758 1719676.4 1.7356416e-05
65 70 21980937 0.00022185006 2108712.2 2.1282892e-05
70 75 24979761 0.0002521167 2543689.4 2.5673046e-05
75 80 28113741 0.00028374745 2994423.7 3.0222235e-05
80 85 31381470 0.00031672811 3499398.3 3.5318862e-05
85 90 34783567 0.00035106493 4039956.9 4.0774634e-05
90 95 38296098 0.00038651634 4579056.5 4.6215678e-05
95 100 41924150 0.00042313368 5169520.2 5.2175133e-05
100 105 45647540 0.00046071326 5766598.8 5.8201351e-05
105 110 49466830 0.00049926074 6430305.1 6.4900032e-05
110 115 53378589 0.00053874149 7114929.1 7.1809832e-05
115 120 57364933 0.00057897502 7842170.1 7.9149758e-05
120 125 61434182 0.00062004529 8560550.6 8.6400256e-05
125 130 65573532 0.00066182308 9302965.5 9.389333e-05
130 135 69783427 0.00070431287 10062836 0.00010156258
135 140 74043406 0.00074730815 10833072 0.00010933645
140 145 78370539 0.0007909812 11625874 0.00011733807
145 150 82742413 0.00083510582 12412875 0.00012528114
150 155 87165252 0.00087974482 13209496 0.00013332131
155 160 91630020 0.00092480701 13986158 0.00014116004
160 165 96152456 0.00097045123 14737001 0.00014873818
165 170 1.0068911e+08 0.001016239 15481067 0.00015624791
170 175 1.052816e+08 0.0010625903 16250275 0.00016401141
175 180 1.0989043e+08 0.0011091064 16992813 0.00017150572
180 185 1.145149e+08 0.0011557805 17768454 0.00017933414
185 190 1.1913539e+08 0.0012024143 18456188 0.00018627533
190 195 1.2378632e+08 0.0012493554 19180888 0.00019358961
195 200 1.2844258e+08 0.0012963502 19814489 0.00019998444
