0 5 49069.035 4.9411184e-07 2598.3734 2.6164914e-08
5 10 335511.93 3.3785139e-06 8944.7654 9.0071356e-08
10 15 897351.19 9.0360825e-06 17769.094 1.7892994e-07
15 20 1729385.8 1.7414445e-05 35322.091 3.5568385e-07
20 25 2814975.7 2.834604e-05 80782.796 8.1346079e-07
25 30 4143631.9 4.1725247e-05 160434.68 1.6155336e-06
30 35 5697747.5 5.7374768e-05 269523.37 2.714027e-06
35 40 7472162.1 7.5242641e-05 411440.47 4.1430936e-06
40 45 9446882.2 9.5127535e-05 600060.13 6.0424424e-06
45 50 11617140 0.00011698144 822169.98 8.2790281e-06
50 55 13973598 0.00014071034 1089983 1.0975833e-05
55 60 16501009 0.00016616067 1392314.7 1.402023e-05
60 65 19207267 0.00019341196 1736780.4 1.7488906e-05
65 70 22052229 0.00022205995 2125771.6 2.1405942e-05
70 75 25058936 0.00025233667 2543861.2 2.5615991e-05
75 80 28210358 0.00028407063 2991710 3.0125706e-05
80 85 31483713 0.00031703243 3462004.3 3.4861442e-05
85 90 34881959 0.00035125184 3990258.3 4.0180817e-05
90 95 38405648 0.00038673443 4565785.2 4.5976215e-05
95 100 42040448 0.00042333588 5158577.3 5.1945471e-05
100 105 45774955 0.00046094135 5784179.3 5.8245113e-05
105 110 49605454 0.00049951344 6409688.2 6.4543817e-05
110 115 53534045 0.00053907327 7097309.8 7.146798e-05
115 120 57536318 0.00057937508 7807889.3 7.8623322e-05
120 125 61615509 0.00062045142 8539386.2 8.5989297e-05
125 130 65763147 0.00066221701 9271540.6 9.3361893e-05
130 135 69981689 0.00070469658 10029798 0.00010099734
135 140 74257420 0.00074775203 10768503 0.0001084359
140 145 78592908 0.00079140921 11563484 0.00011644114
145 150 83001821 0.00083580577 12324787 0.00012410725
150 155 87443602 0.0008805333 13086981 0.00013178234
155 160 91925559 0.00092566538 13849875 0.00013946448
160 165 96450952 0.00097123486 14570843 0.00014672443
165 170 1.0100922e+08 0.0010171354 15282900 0.00015389465
170 175 1.0559577e+08 0.0010633207 16003852 0.00016115444
175 180 1.1021583e+08 0.0011098434 16733774 0.00016850455
180 185 1.1484323e+08 0.0011564401 17449647 0.0001757132
185 190 1.1949529e+08 0.0012032851 18184474 0.00018311271
190 195 1.2415221e+08 0.001250179 18880443 0.00019012092
195 200 1.288128e+08 0.0012971099 19554657 0.00019691008
