0 5 49008.616 4.8905799e-07 1862.1342 1.8582275e-08
5 10 336572.74 3.3586663e-06 6617.8768 6.603993e-08
10 15 902264.49 9.003716e-06 17221.802 1.7185672e-07
15 20 1739564.7 1.7359152e-05 33053.359 3.2984016e-07
20 25 2833731.1 2.8277861e-05 80282.151 8.0113725e-07
25 30 4169914.6 4.1611664e-05 153155.33 1.5283402e-06
30 35 5737556.7 5.7255197e-05 269255.27 2.6869039e-06
35 40 7524743.7 7.5089573e-05 409688.27 4.0882877e-06
40 45 9513092.4 9.4931346e-05 601894.17 6.0063144e-06
45 50 11704110 0.00011679555 824355.88 8.2262644e-06
50 55 14075657 0.00014046127 1095615.2 1.0933167e-05
55 60 16627756 0.00016592872 1394144.2 1.3912194e-05
60 65 19335585 0.0001929502 1747716.5 1.7440499e-05
65 70 22211214 0.00022164617 2144138.3 2.1396401e-05
70 75 25229019 0.0002517609 2585976.8 2.5805517e-05
75 80 28398876 0.00028339297 3027223.5 3.0208726e-05
80 85 31700538 0.00031634033 3547301.2 3.5398593e-05
85 90 35133445 0.00035059737 4068250.8 4.0597159e-05
90 95 38667328 0.00038586207 4643441.2 4.6336996e-05
95 100 42317122 0.00042228344 5239507.1 5.228515e-05
100 105 46069180 0.00045972531 5874972.7 5.8626475e-05
105 110 49922823 0.00049818089 6559199.2 6.5454385e-05
110 115 53861899 0.000537489 7238206.1 7.2230209e-05
115 120 57878058 0.00057756634 7967538.1 7.9508228e-05
120 125 61971093 0.00061841082 8723727.8 8.705426e-05
125 130 66140175 0.00066001418 9484723.4 9.4648251e-05
130 135 70381414 0.00070233758 10254585 0.00010233071
135 140 74672854 0.00074516196 11039395 0.00011016235
140 145 79034726 0.00078868917 11842890 0.00011818045
145 150 83426404 0.00083251381 12663444 0.00012636877
150 155 87893404 0.0008770901 13444874 0.00013416667
155 160 92397759 0.00092203915 14214819 0.00014184998
160 165 96943621 0.0009674024 14950348 0.00014918983
165 170 1.0152478e+08 0.0010131179 15733721 0.00015700713
170 175 1.0613566e+08 0.00105913 16468702 0.00016434151
175 180 1.1076446e+08 0.0011053209 17176719 0.00017140684
180 185 1.1542564e+08 0.0011518348 17939230 0.00017901594
185 190 1.2008868e+08 0.0011983674 18625369 0.00018586295
190 195 1.2477174e+08 0.0012450998 19359617 0.00019319002
195 200 1.294458e+08 0.0012917423 19997896 0.00019955942
