0 5 49409.198 4.9183966e-07 1342.4691 1.3363494e-08
5 10 338145.79 3.3660436e-06 6504.1481 6.474499e-08
10 15 906486.98 9.0235477e-06 16033.219 1.5960132e-07
15 20 1747707.1 1.7397402e-05 33369.742 3.3217627e-07
20 25 2846006.5 2.8330331e-05 77886.034 7.7530991e-07
25 30 4187382.4 4.1682942e-05 157754.75 1.5703563e-06
30 35 5760906.4 5.7346453e-05 269085.72 2.678591e-06
35 40 7556123.7 7.5216792e-05 421365.68 4.1944488e-06
40 45 9557075.1 9.5135092e-05 596269.37 5.9355128e-06
45 50 11757700 0.00011704103 815834.01 8.1211503e-06
50 55 14139992 0.00014075535 1089202.2 1.0842371e-05
55 60 16701277 0.00016625144 1397512.3 1.3911418e-05
60 65 19430494 0.0001934192 1756404.5 1.748398e-05
65 70 22319308 0.00022217566 2148927.3 2.1391314e-05
70 75 25360114 0.0002524451 2573244.9 2.5615148e-05
75 80 28543697 0.00028413581 3026728.1 3.0129307e-05
80 85 31862953 0.00031717706 3521251.1 3.5051995e-05
85 90 35315173 0.00035154189 4063539.6 4.045016e-05
90 95 38879659 0.00038702426 4628244.2 4.6071464e-05
95 100 42573631 0.0004237956 5235045 5.2111811e-05
100 105 46348916 0.00046137635 5882835.9 5.8560191e-05
105 110 50232238 0.00050003255 6559876.2 6.5299731e-05
110 115 54204691 0.000539576 7242569.1 7.2095539e-05
115 120 58258599 0.00057993027 7979140.8 7.942768e-05
120 125 62382360 0.0006209799 8738841.1 8.6990051e-05
125 130 66590640 0.00066287087 9481925.9 9.4387027e-05
130 135 70859567 0.00070536555 10259002 0.00010212236
135 140 75196710 0.00074853926 11116229 0.00011065556
140 145 79583735 0.00079220953 11907726 0.00011853445
145 150 84042780 0.00083659672 12713462 0.00012655508
150 155 88540650 0.00088137038 13541910 0.0001348018
155 160 93095003 0.0009267063 14314063 0.00014248812
160 165 97680014 0.00097234741 15071382 0.00015002679
165 170 1.0228393e+08 0.0010181767 15837949 0.00015765752
170 175 1.0693699e+08 0.0010644951 16612529 0.00016536801
175 180 1.116406e+08 0.0011113169 17361461 0.00017282319
180 185 1.1633886e+08 0.0011580853 18100255 0.00018017745
185 190 1.2105815e+08 0.0012050631 18818256 0.00018732473
190 195 1.2578531e+08 0.0012521191 19559180 0.00019470019
195 200 1.3053553e+08 0.0012994049 20275065 0.00020182642
