0 5 48641.159 4.8808563e-07 2043.1311 2.0501628e-08
5 10 335163.11 3.3631661e-06 6861.7067 6.885322e-08
10 15 898087.17 9.0117804e-06 14585.618 1.4635816e-07
15 20 1731980 1.7379409e-05 30538.411 3.0643513e-07
20 25 2823220.5 2.8329369e-05 77239.848 7.7505677e-07
25 30 4151472.9 4.1657607e-05 154458.33 1.5498991e-06
30 35 5715510.2 5.7351807e-05 267880.35 2.6880229e-06
35 40 7490075.2 7.5158532e-05 411038.39 4.1245302e-06
40 45 9477913.6 9.5105329e-05 598136.69 6.0019524e-06
45 50 11658922 0.00011699048 819152.32 8.2197153e-06
50 55 14024983 0.00014073252 1088510.6 1.0922568e-05
55 60 16568366 0.00016625388 1399940.1 1.4047581e-05
60 65 19276700 0.00019343042 1751754.2 1.7577831e-05
65 70 22141836 0.0002221804 2127043 2.1343634e-05
70 75 25154478 0.0002524105 2552980.1 2.5617664e-05
75 80 28313572 0.00028411016 3001805 3.012136e-05
80 85 31605730 0.00031714504 3508772 3.5208478e-05
85 90 35025986 0.00035146532 4042696.1 4.0566095e-05
90 95 38554229 0.00038686917 4616416 4.6323039e-05
95 100 42193763 0.00042338978 5192600.3 5.2104712e-05
100 105 45946938 0.00046105069 5826435.4 5.8464877e-05
105 110 49793520 0.0004996489 6494619.8 6.5169718e-05
110 115 53721869 0.00053906758 7193569.3 7.2183268e-05
115 120 57732647 0.0005793134 7898975.6 7.9261608e-05
120 125 61825546 0.00062038325 8647970.8 8.6777338e-05
125 130 65991780 0.00066218898 9397446.9 9.4297893e-05
130 135 70222041 0.00070463718 10166093 0.00010201081
135 140 74524026 0.00074780509 10977681 0.00011015462
140 145 78850843 0.00079122217 11783151 0.00011823704
145 150 83269645 0.00083556227 12574541 0.00012617818
150 155 87717157 0.00088019046 13357027 0.00013402997
155 160 92212914 0.00092530275 14143162 0.00014191838
160 165 96739022 0.0009707196 14895374 0.00014946638
165 170 1.0132214e+08 0.0010167085 15674478 0.00015728423
170 175 1.0593519e+08 0.0010629977 16434911 0.00016491474
175 180 1.1055627e+08 0.0011093676 17188103 0.00017247258
180 185 1.1521324e+08 0.0011560976 17869641 0.00017931142
185 190 1.1987081e+08 0.0012028336 18584335 0.00018648295
190 195 1.2456963e+08 0.0012499835 19273602 0.00019339934
195 200 1.2923614e+08 0.0012968092 20004491 0.00020073339
