0 5 48867.123 4.9091271e-07 2305.2696 2.3158436e-08
5 10 335263.35 3.3680117e-06 6754.6486 6.7856315e-08
10 15 898921.75 9.03045e-06 18604.944 1.8690283e-07
15 20 1731493.1 1.7394353e-05 35427.44 3.5589942e-07
20 25 2821289.3 2.8342303e-05 75885.416 7.6233494e-07
25 30 4153039.6 4.1720892e-05 150916.88 1.5160912e-06
30 35 5714691.9 5.7409046e-05 262969.84 2.6417606e-06
35 40 7492844.5 7.5272134e-05 407218.45 4.0908632e-06
40 45 9475110.9 9.5185722e-05 590823.53 5.9353358e-06
45 50 11652847 0.00011706297 819611.22 8.2337069e-06
50 55 14017601 0.00014081899 1090282.7 1.0952837e-05
55 60 16559234 0.00016635189 1400196 1.4066186e-05
60 65 19266795 0.0001935517 1737676.4 1.7456469e-05
65 70 22131716 0.00022233232 2123782.6 2.1335241e-05
70 75 25145822 0.00025261163 2542427 2.5540889e-05
75 80 28301406 0.00028431221 3002121.3 3.0158918e-05
80 85 31597899 0.00031742835 3488380.8 3.5043816e-05
85 90 35012377 0.00035172975 4029597 4.0480803e-05
90 95 38542236 0.00038719025 4592174.4 4.6132382e-05
95 100 42184769 0.00042378266 5189267.1 5.2130697e-05
100 105 45943820 0.00046154559 5820557.2 5.8472555e-05
105 110 49791864 0.00050020254 6479049.6 6.5087684e-05
110 115 53721987 0.00053968404 7175708 7.2086222e-05
115 120 57743083 0.00058007944 7895706.2 7.931923e-05
120 125 61834722 0.00062118351 8625225.7 8.6647887e-05
125 130 65987079 0.00066289755 9389764.3 9.4328342e-05
130 135 70219599 0.00070541689 10184606 0.00010231322
135 140 74509888 0.00074851657 10950693 0.00011000922
140 145 78851941 0.00079213626 11732081 0.00011785895
145 150 83257280 0.00083639172 12498419 0.00012555748
150 155 87734399 0.00088136827 13321059 0.00013382161
155 160 92229904 0.00092652953 14078042 0.00014142617
160 165 96778769 0.00097222683 14838007 0.00014906067
165 170 1.013354e+08 0.0010180021 15581393 0.00015652863
170 175 1.0594836e+08 0.0010643434 16309753 0.00016384564
175 180 1.1058214e+08 0.0011108936 17010127 0.00017088151
180 185 1.1523509e+08 0.0011576366 17742014 0.00017823395
185 190 1.199134e+08 0.0012046343 18459500 0.00018544171
190 195 1.2457909e+08 0.0012515052 19160997 0.00019248886
195 200 1.2925664e+08 0.0012984953 19823249 0.00019914176
