0 5 49732.61 4.9328011e-07 2667.6364 2.6459339e-08
5 10 339024.34 3.3626622e-06 8905.0592 8.8326123e-08
10 15 909719.51 9.0231851e-06 19393.902 1.9236123e-07
15 20 1753233.4 1.73897e-05 38011.914 3.7702669e-07
20 25 2856574.4 2.8333348e-05 77096.747 7.6469529e-07
25 30 4204937.5 4.1707284e-05 156000.28 1.5473114e-06
30 35 5782664.7 5.73562e-05 262132.12 2.5999956e-06
35 40 7582771.1 7.5210817e-05 411374.71 4.0802798e-06
40 45 9592502.8 9.5144633e-05 599054.26 5.9418067e-06
45 50 11801556 0.00011705544 838339.55 8.3151926e-06
50 55 14191560 0.00014076105 1102053.7 1.093088e-05
55 60 16760076 0.00016623725 1402479.7 1.3910699e-05
60 65 19506241 0.00019347549 1758219.9 1.743916e-05
65 70 22404708 0.00022222436 2153393.6 2.1358747e-05
70 75 25453193 0.0002524612 2586249.7 2.5652094e-05
75 80 28650372 0.00028417288 3042742.2 3.0179881e-05
80 85 31979523 0.00031719355 3533533.1 3.5047861e-05
85 90 35437658 0.00035149356 4062396.3 4.0293467e-05
90 95 39017796 0.00038700368 4638984.3 4.601244e-05
95 100 42706340 0.00042358903 5262796.7 5.2199814e-05
100 105 46504376 0.00046126041 5905010.1 5.85697e-05
105 110 50391323 0.00049981366 6568355.2 6.5149185e-05
110 115 54365830 0.00053923538 7261257.1 7.2021833e-05
115 120 58432602 0.00057957225 7999688 7.9346067e-05
120 125 62584116 0.00062074964 8769204.4 8.6978628e-05
125 130 66797964 0.0006625453 9516260.5 9.4388413e-05
130 135 71081340 0.0007050306 10315559 0.00010231638
135 140 75432028 0.00074818353 11079647 0.00010989508
140 145 79827046 0.00079177615 11870517 0.00011773945
145 150 84279187 0.00083593536 12683211 0.00012580027
150 155 88802822 0.00088080369 13489432 0.00013379689
155 160 93358220 0.00092598707 14295285 0.00014178986
160 165 97954939 0.00097158029 15062100 0.00014939563
165 170 1.025753e+08 0.001017408 15821892 0.00015693173
170 175 1.0723893e+08 0.0010636649 16575078 0.00016440232
175 180 1.1194096e+08 0.0011103027 17327692 0.00017186723
180 185 1.1664516e+08 0.001156962 18041135 0.00017894362
185 190 1.2138161e+08 0.0012039411 18754618 0.0001860204
190 195 1.2611446e+08 0.0012508846 19484504 0.00019325989
195 200 1.3087485e+08 0.0012981012 20173146 0.00020009028
