0 5 48584.717 4.9170645e-07 1656.4155 1.6763918e-08
5 10 332280.87 3.3628816e-06 7027.2555 7.1120037e-08
10 15 891488.29 9.0223958e-06 18153.846 1.837278e-07
15 20 1717763.1 1.7384792e-05 33235.318 3.3636133e-07
20 25 2797285.1 2.8310201e-05 72353.084 7.3225657e-07
25 30 4120373.5 4.1700649e-05 146451.31 1.482175e-06
30 35 5668780.1 5.7371452e-05 249799.54 2.5281211e-06
35 40 7433620.9 7.5232698e-05 401485.8 4.0632769e-06
40 45 9404680.7 9.5181005e-05 588583.04 5.9568131e-06
45 50 11568211 0.00011707723 817529.56 8.2738891e-06
50 55 13914883 0.00014082696 1079828.7 1.0928513e-05
55 60 16434562 0.00016632762 1376836.3 1.3934408e-05
60 65 19120681 0.00019351275 1736959.4 1.757907e-05
65 70 21967444 0.0002223237 2117689.8 2.143229e-05
70 75 24961304 0.00025262336 2536428.9 2.5670181e-05
75 80 28096961 0.00028435808 3001122.6 3.0373159e-05
80 85 31354447 0.00031732579 3489624.7 3.5317093e-05
85 90 34751235 0.00035170332 4035255.2 4.0839201e-05
90 95 38269135 0.00038730658 4592065.7 4.6474456e-05
95 100 41892191 0.00042397408 5183966 5.2464842e-05
100 105 45614908 0.0004616502 5841677.7 5.9121279e-05
105 110 49432666 0.0005002882 6490134.1 6.5684047e-05
110 115 53334016 0.0005397722 7179981.2 7.2665712e-05
115 120 57332681 0.00058024109 7897901.6 7.9931497e-05
120 125 61389442 0.00062129794 8647227.8 8.7515127e-05
125 130 65513133 0.00066303217 9396342 9.5096611e-05
130 135 69713203 0.00070553939 10149803 0.00010272209
135 140 73979638 0.00074871827 10948053 0.00011080085
140 145 78303775 0.00079248113 11712783 0.00011854038
145 150 82681728 0.00083678864 12516276 0.00012667221
150 155 87107845 0.00088158359 13302408 0.00013462834
155 160 91582128 0.00092686602 14068688 0.00014238356
160 165 96098121 0.00097257057 14855851 0.00015035012
165 170 1.0063694e+08 0.0010185061 15582617 0.00015770542
170 175 1.0521822e+08 0.0010648715 16301958 0.00016498559
175 180 1.0981995e+08 0.0011114437 16984525 0.00017189357
180 185 1.1443026e+08 0.0011581028 17750365 0.00017964433
185 190 1.190659e+08 0.0012050182 18449278 0.00018671775
190 195 1.2370479e+08 0.0012519666 19122619 0.00019353237
195 200 1.2835917e+08 0.0012990718 19778440 0.00020016966
