0 5 49392.978 4.9627403e-07 3460.4173 3.4768409e-08
5 10 335707.65 3.3730095e-06 10459.578 1.050922e-07
10 15 899742.9 9.0401319e-06 20840.144 2.0939054e-07
15 20 1734315.7 1.7425469e-05 38569.441 3.8752496e-07
20 25 2822557.2 2.8359534e-05 82877.74 8.3271087e-07
25 30 4153623.8 4.1733374e-05 158025.26 1.5877527e-06
30 35 5715984.9 5.7431136e-05 268855.72 2.7013174e-06
35 40 7495533.3 7.5311079e-05 409250.89 4.1119324e-06
40 45 9480851.1 9.5258483e-05 591081.63 5.9388697e-06
45 50 11655456 0.00011710775 813094.23 8.1695327e-06
50 55 14022628 0.00014089181 1086097.6 1.0912524e-05
55 60 16561899 0.00016640503 1405602.5 1.4122736e-05
60 65 19258336 0.00019349738 1759993.1 1.7683462e-05
65 70 22121767 0.00022226759 2156792.6 2.167029e-05
70 75 25141514 0.00025260839 2569916.8 2.582114e-05
75 80 28288342 0.00028422602 3043888.2 3.0583348e-05
80 85 31570796 0.00031720634 3539175.4 3.5559728e-05
85 90 34989141 0.00035155203 4073895.7 4.0932309e-05
90 95 38514978 0.00038697775 4629837.4 4.6518111e-05
95 100 42157769 0.00042357855 5231014.3 5.2558413e-05
100 105 45899781 0.00046117627 5865331.3 5.8931688e-05
105 110 49749391 0.00049985508 6526421.9 6.557397e-05
110 115 53682301 0.00053937083 7232034.2 7.2663583e-05
115 120 57692471 0.00057966286 7926358.6 7.963978e-05
120 125 61778549 0.00062071757 8681661.1 8.7228652e-05
125 130 65935831 0.0006624877 9429723.1 9.4744777e-05
130 135 70142858 0.00070475764 10223169 0.00010271689
135 140 74433364 0.00074786633 11022322 0.00011074635
140 145 78782412 0.00079156323 11817587 0.00011873674
145 150 83172514 0.0008356726 12632348 0.00012692303
150 155 87613040 0.00088028861 13378628 0.00013442124
155 160 92110940 0.0009254811 14126497 0.00014193543
160 165 96626489 0.0009708509 14869635 0.00014940208
165 170 1.0119928e+08 0.0010167958 15650730 0.00015725011
170 175 1.0580715e+08 0.0010630932 16376918 0.00016454644
175 180 1.1041741e+08 0.0011094146 17075124 0.00017156164
180 185 1.1505782e+08 0.001156039 17781965 0.0001786636
185 190 1.1972689e+08 0.0012029513 18510210 0.00018598061
190 195 1.2439076e+08 0.0012498113 19195681 0.00019286786
195 200 1.2906176e+08 0.0012967431 19891841 0.0001998625
