0 5 48601.412 4.9560506e-07 2549.3703 2.5996793e-08
5 10 331287.46 3.3782505e-06 7350.7109 7.4957689e-08
10 15 887349.69 9.0486053e-06 18904.491 1.9277549e-07
15 20 1710307.1 1.7440581e-05 35197.386 3.5891967e-07
20 25 2785887.8 2.8408642e-05 80513.16 8.2101997e-07
25 30 4100348.7 4.1812644e-05 150911.24 1.5388931e-06
30 35 5640692.5 5.7520052e-05 260292.48 2.6542906e-06
35 40 7397030.9 7.5430029e-05 394727.34 4.0251684e-06
40 45 9357994.7 9.5426642e-05 577558.54 5.8895601e-06
45 50 11507330 0.00011734414 816327.89 8.324372e-06
50 55 13841380 0.00014114524 1086272.9 1.1077092e-05
55 60 16349791 0.00016672436 1382488.6 1.4097705e-05
60 65 19021989 0.00019397366 1723057.9 1.7570605e-05
65 70 21851730 0.00022282949 2106223.5 2.1477875e-05
70 75 24827520 0.00025317463 2515326.7 2.5649638e-05
75 80 27943392 0.00028494824 2959407.2 3.0178078e-05
80 85 31198429 0.00031814095 3440163.4 3.5080512e-05
85 90 34577685 0.00035260037 3938141.1 4.0158558e-05
90 95 38073825 0.00038825169 4494778.3 4.5834777e-05
95 100 41685337 0.0004250795 5076600.5 5.1767815e-05
100 105 45399853 0.00046295768 5701899.8 5.8144203e-05
105 110 49196205 0.00050167037 6348201.5 6.4734761e-05
110 115 53086597 0.00054134201 7012873.9 7.1512651e-05
115 120 57056226 0.00058182166 7711962.7 7.8641496e-05
120 125 61113781 0.00062319793 8436633.2 8.6031206e-05
125 130 65233064 0.00066520365 9154323.5 9.3349738e-05
130 135 69415851 0.00070785695 9930516.9 0.00010126484
135 140 73661851 0.00075115485 10669313 0.00010879859
140 145 77978180 0.00079516991 11469957 0.00011696304
145 150 82327599 0.00083952241 12239141 0.00012480666
150 155 86739509 0.00088451215 13005084 0.00013261724
155 160 91185190 0.00092984627 13761975 0.00014033552
160 165 95677130 0.00097565211 14503231 0.00014789436
165 170 1.0020762e+08 0.001021851 15231082 0.0001553165
170 175 1.0475481e+08 0.0010682202 15921745 0.00016235943
175 180 1.0933078e+08 0.001114883 16657433 0.00016986148
180 185 1.139311e+08 0.001161794 17382513 0.00017725538
185 190 1.1855776e+08 0.0012089736 18084491 0.00018441368
190 195 1.2319106e+08 0.0012562209 18796464 0.00019167391
195 200 1.2782777e+08 0.001303503 19442352 0.00019826025
