0 5 48446.783 4.9263662e-07 1399.99 1.4235957e-08
5 10 331242.2 3.3682739e-06 7324.2878 7.4477852e-08
10 15 887953.09 9.0292517e-06 17530.336 1.7825922e-07
15 20 1710604.6 1.7394477e-05 30751.174 3.1269681e-07
20 25 2786588.7 2.8335744e-05 78858.761 8.0188427e-07
25 30 4100750.3 4.1698945e-05 149735.04 1.5225977e-06
30 35 5641423.8 5.7365458e-05 261515.7 2.6592521e-06
35 40 7395874.7 7.5205791e-05 410384.97 4.1730462e-06
40 45 9356912.8 9.514683e-05 584321.38 5.9417383e-06
45 50 11505586 0.00011699586 812868.61 8.2657468e-06
50 55 13843141 0.00014076555 1075821.3 1.0939611e-05
55 60 16348770 0.00016624432 1385156.1 1.4085117e-05
60 65 19016733 0.00019337381 1726104.1 1.7552085e-05
65 70 21854322 0.00022222815 2102342 2.1377903e-05
70 75 24834709 0.00025253455 2493368.1 2.5354097e-05
75 80 27946629 0.00028417847 2963812.9 3.0137868e-05
80 85 31194334 0.00031720313 3439295.2 3.4972864e-05
85 90 34571597 0.00035154521 3958547.5 4.025294e-05
90 95 38063343 0.00038705143 4511971.8 4.5880498e-05
95 100 41664048 0.0004236656 5116301.1 5.2025688e-05
100 105 45366976 0.00046131925 5734857.4 5.8315549e-05
105 110 49162234 0.00049991176 6367826.3 6.4751965e-05
110 115 53048680 0.00053943152 7032145.4 7.1507169e-05
115 120 57020487 0.00057981929 7736759.1 7.8672113e-05
120 125 61061804 0.00062091389 8449616.6 8.5920885e-05
125 130 65172417 0.00066271312 9200141.8 9.3552686e-05
130 135 69351054 0.00070520407 9972785.2 0.0001014094
135 140 73602216 0.00074843249 10716233 0.00010896924
140 145 77893560 0.0007920695 11504344 0.00011698323
145 150 82249269 0.00083636103 12254120 0.00012460741
150 155 86656447 0.00088117592 12996859 0.00013216004
155 160 91097153 0.00092633174 13768418 0.00014000572
160 165 95586561 0.00097198279 14505166 0.00014749742
165 170 1.0010919e+08 0.0010179716 15226469 0.00015483208
170 175 1.046581e+08 0.0010642278 15935072 0.00016203759
175 180 1.0923263e+08 0.0011107444 16659564 0.00016940467
180 185 1.1382339e+08 0.0011574261 17381092 0.0001767416
185 190 1.1844161e+08 0.001204387 18076782 0.00018381581
190 195 1.2307049e+08 0.0012514563 18769132 0.00019085605
195 200 1.2770215e+08 0.0012985538 19410376 0.00019737661
