0 5 48113.244 4.9004787e-07 1928.3722 1.9641051e-08
5 10 330519.83 3.366444e-06 6195.4176 6.3102193e-08
10 15 886962.27 9.0339777e-06 16022.713 1.6319616e-07
15 20 1707693.2 1.7393369e-05 36729.163 3.7409758e-07
20 25 2784391.7 2.8359868e-05 75364.421 7.6760931e-07
25 30 4097890.3 4.1738246e-05 146650.69 1.4936814e-06
30 35 5641586.3 5.7461254e-05 252403.37 2.5708043e-06
35 40 7397951.2 7.5350359e-05 394064.18 4.0136623e-06
40 45 9359176.1 9.5326026e-05 577134.88 5.8782925e-06
45 50 11507042 0.00011720269 802188.21 8.1705283e-06
50 55 13844780 0.00014101325 1066195.5 1.0859522e-05
55 60 16352913 0.00016655934 1363956.5 1.3892307e-05
60 65 19025625 0.00019378172 1717887.6 1.7497203e-05
65 70 21855063 0.00022260039 2099509.2 2.1384133e-05
70 75 24826278 0.00025286311 2514733.4 2.5613317e-05
75 80 27941482 0.0002845924 2963516.6 3.0184308e-05
80 85 31187600 0.00031765509 3440843.9 3.504603e-05
85 90 34564150 0.00035204627 3974415.1 4.0480613e-05
90 95 38047119 0.00038752136 4517913.5 4.6016309e-05
95 100 41651855 0.00042423668 5132841.5 5.2279536e-05
100 105 45343484 0.00046183703 5757413.2 5.8640986e-05
105 110 49143570 0.00050054205 6414383 6.5332421e-05
110 115 53015379 0.00053997759 7106057 7.237733e-05
115 120 56966233 0.00058021822 7823708.4 7.9686825e-05
120 125 60991179 0.00062121351 8556994 8.715556e-05
125 130 65085137 0.00066291171 9319032.4 9.491715e-05
130 135 69243948 0.00070527045 10089093 0.00010276045
135 140 73475497 0.00074837005 10869412 0.00011070823
140 145 77754430 0.00079195227 11669834 0.00011886077
145 150 82087813 0.00083608908 12469770 0.00012700836
150 155 86471605 0.00088073933 13208071 0.00013452818
155 160 90902840 0.00092587278 13948797 0.0001420727
160 165 95377731 0.00097145089 14690550 0.00014962767
165 170 99880759 0.0010173156 15418714 0.00015704424
170 175 1.0443977e+08 0.0010637505 16151674 0.00016450966
175 180 1.0899862e+08 0.0011101838 16834484 0.00017146428
180 185 1.1357618e+08 0.0011568076 17492304 0.00017816438
185 190 1.1818151e+08 0.0012037142 18168188 0.00018504846
190 195 1.2280978e+08 0.0012508546 18847025 0.00019196263
195 200 1.2743234e+08 0.0012979367 19491177 0.0001985235
