0 5 48890.138 4.9165803e-07 1997.5316 2.0087946e-08
5 10 333549.16 3.3542986e-06 7845.0295 7.8892634e-08
10 15 894937.92 8.9998399e-06 18108.914 1.8211021e-07
15 20 1724895.1 1.7346209e-05 34652.191 3.4847576e-07
20 25 2810911.1 2.8267603e-05 76450.245 7.6881307e-07
25 30 4134781 4.1580948e-05 153371.19 1.5423597e-06
30 35 5691464.6 5.7235557e-05 260818.31 2.6228892e-06
35 40 7463493.6 7.5055762e-05 404921.12 4.0720425e-06
40 45 9442448.4 9.4956893e-05 602547.44 6.0594488e-06
45 50 11614630 0.00011680119 829190.53 8.3386589e-06
50 55 13971619 0.00014050397 1095667.9 1.1018457e-05
55 60 16498558 0.00016591584 1403438.8 1.4113521e-05
60 65 19193853 0.00019302076 1750854.7 1.7607269e-05
65 70 22057079 0.00022181447 2118170.1 2.1301134e-05
70 75 25072187 0.00025213555 2537247.8 2.551554e-05
75 80 28221824 0.00028380952 2989786.5 3.0066443e-05
80 85 31512899 0.00031690583 3486636.9 3.5062962e-05
85 90 34921041 0.00035117942 4033782.4 4.0565268e-05
90 95 38444078 0.00038660844 4604984.2 4.6309492e-05
95 100 42087156 0.00042324463 5202315.4 5.2316484e-05
100 105 45830720 0.00046089135 5854828 5.8878402e-05
105 110 49665537 0.00049945574 6518262.5 6.5550155e-05
110 115 53585796 0.00053887937 7243640.1 7.2844831e-05
115 120 57595619 0.00057920369 7955196.3 8.0000513e-05
120 125 61675373 0.00062023127 8727089.4 8.7762967e-05
125 130 65821604 0.00066192736 9470137.8 9.5235348e-05
130 135 70039327 0.00070434241 10251182 0.00010308983
135 140 74316300 0.0007473533 11083779 0.00011146275
140 145 78650192 0.00079093658 11884574 0.00011951585
145 150 83037463 0.00083505667 12689952 0.00012761504
150 155 87481989 0.00087975253 13476473 0.0001355246
155 160 91985153 0.00092503808 14250195 0.00014330544
160 165 96502855 0.00097046983 15027175 0.00015111906
165 170 1.010721e+08 0.0010164199 15760712 0.00015849578
170 175 1.0566321e+08 0.0010625898 16507695 0.00016600773
175 180 1.1028086e+08 0.0011090268 17245748 0.00017342987
180 185 1.1492297e+08 0.0011557096 18002211 0.00018103716
185 190 1.1957888e+08 0.0012025312 18721635 0.00018827197
190 195 1.24246e+08 0.0012494656 19445954 0.00019555599
195 200 1.2889826e+08 0.0012962505 20167790 0.00020281506
