0 5 48915.115 4.906108e-07 1703.8177 1.708902e-08
5 10 335218.35 3.3621866e-06 6580.298 6.599934e-08
10 15 899103.72 9.0178668e-06 15565.017 1.5611464e-07
15 20 1733727.6 1.7389012e-05 32567.999 3.2665183e-07
20 25 2825715.1 2.8341472e-05 75839.279 7.6065587e-07
25 30 4157753.1 4.17016e-05 154615.71 1.5507709e-06
30 35 5721246.5 5.738319e-05 265393.2 2.6618515e-06
35 40 7498189.3 7.5205643e-05 416194.46 4.174364e-06
40 45 9485209.7 9.5135141e-05 603982.33 6.0578464e-06
45 50 11662988 0.00011697791 831062.71 8.3354264e-06
50 55 14029932 0.00014071798 1092948.8 1.0962102e-05
55 60 16565889 0.00016615322 1400949.2 1.4051297e-05
60 65 19275987 0.00019333508 1754240.6 1.7594753e-05
65 70 22135135 0.00022201188 2138401.7 2.1447828e-05
70 75 25150717 0.00025225767 2551856.3 2.5594712e-05
75 80 28312584 0.0002839707 3042483.2 3.0515621e-05
80 85 31598313 0.00031692604 3532167 3.5427071e-05
85 90 35006830 0.00035111292 4067875.4 4.0800141e-05
90 95 38543723 0.00038658739 4628560.2 4.642372e-05
95 100 42183079 0.00042308956 5211619 5.2271708e-05
100 105 45930613 0.00046067672 5851253.2 5.8687136e-05
105 110 49779516 0.0004992806 6518616.2 6.538068e-05
110 115 53701419 0.00053861666 7218294 7.2398337e-05
115 120 57727460 0.00057899722 7928778.1 7.952438e-05
120 125 61819579 0.00062004052 8678042.6 8.7039383e-05
125 130 65965282 0.00066162126 9413413.2 9.4415032e-05
130 135 70198007 0.00070407481 10223300 0.00010253807
135 140 74480553 0.00074702807 11008217 0.00011041066
140 145 78830999 0.00079066234 11824495 0.0001185978
145 150 83235802 0.00083484182 12607319 0.0001264494
150 155 87676063 0.00087937692 13375790 0.00013415704
155 160 92173875 0.00092448926 14161122 0.00014203379
160 165 96715306 0.00097003909 14928698 0.00014973246
165 170 1.0127236e+08 0.0010157457 15642518 0.00015689196
170 175 1.0588213e+08 0.0010619809 16387469 0.0001643637
175 180 1.1051255e+08 0.0011084232 17128437 0.00017179549
180 185 1.1513669e+08 0.0011548027 17856775 0.0001791006
185 190 1.1980644e+08 0.0012016395 18579819 0.00018635262
190 195 1.2448354e+08 0.00124855 19263627 0.0001932111
195 200 1.2915961e+08 0.0012954503 19957620 0.00020017175
