0 5 1432531.9 1.0125796e-06 0 0
5 10 9695515.4 6.8532374e-06 0 0
10 15 25576435 1.8078604e-05 0 0
15 20 48511045 3.4289844e-05 0 0
20 25 77996712 5.5131673e-05 0 0
25 30 1.135423e+08 8.0256936e-05 0 0
30 35 1.5473415e+08 0.00010937323 0 0
35 40 2.0108719e+08 0.0001421377 0 0
40 45 2.522652e+08 0.00017831268 0 0
45 50 3.0798478e+08 0.00021769784 0 0
50 55 3.6787214e+08 0.00026002899 0 0
55 60 4.3166828e+08 0.00030512305 0 0
60 65 4.9927671e+08 0.00035291181 0 0
65 70 5.7062797e+08 0.00040334616 0 0
70 75 6.4553586e+08 0.00045629452 0 0
75 80 7.2379205e+08 0.0005116096 0 0
80 85 8.0494141e+08 0.00056896971 0 0
85 90 8.8868365e+08 0.00062816259 0 0
90 95 9.7457572e+08 0.00068887506 0 0
95 100 1.0623309e+09 0.00075090444 0 0
100 105 1.1518556e+09 0.00081418465 0 0
105 110 1.242852e+09 0.00087850508 0 0
110 115 1.3349686e+09 0.00094361737 0 0
115 120 1.4280165e+09 0.001009388 0 0
120 125 1.5219042e+09 0.0010757521 0 0
125 130 1.6162971e+09 0.0011424733 0 0
130 135 1.7114338e+09 0.0012097203 0 0
135 140 1.8070486e+09 0.0012773053 0 0
140 145 1.9032132e+09 0.0013452789 0 0
145 150 1.9999924e+09 0.0014136869 0 0
150 155 2.0973359e+09 0.0014824938 0 0
155 160 2.1950267e+09 0.0015515461 0 0
160 165 2.293205e+09 0.001620943 0 0
165 170 2.39158e+09 0.001690479 0 0
170 175 2.4900302e+09 0.0017600682 0 0
175 180 2.5884226e+09 0.0018296165 0 0
180 185 2.6868133e+09 0.0018991635 0 0
185 190 2.7849344e+09 0.0019685201 0 0
190 195 2.8828438e+09 0.002037727 0 0
195 200 2.9802433e+09 0.0021065734 0 0
