0 5 1424779.8 1.0152415e-06 0 0
5 10 9646775.2 6.8739086e-06 0 0
10 15 25440507 1.8127895e-05 0 0
15 20 48254079 3.4383939e-05 0 0
20 25 77570971 5.5273991e-05 0 0
25 30 1.1291685e+08 8.0460061e-05 0 0
30 35 1.5384365e+08 0.00010962287 0 0
35 40 1.99921e+08 0.00014245576 0 0
40 45 2.5082208e+08 0.00017872585 0 0
45 50 3.061459e+08 0.0002181474 0 0
50 55 3.6567171e+08 0.00026056313 0 0
55 60 4.2908451e+08 0.00030574857 0 0
60 65 4.9629188e+08 0.00035363787 0 0
65 70 5.6715647e+08 0.00040413316 0 0
70 75 6.4160393e+08 0.00045718146 0 0
75 80 7.193568e+08 0.00051258507 0 0
80 85 7.9992858e+08 0.00056999732 0 0
85 90 8.8302828e+08 0.00062921086 0 0
90 95 9.6826888e+08 0.00068994993 0 0
95 100 1.0554295e+09 0.00075205709 0 0
100 105 1.14417e+09 0.00081529007 0 0
105 110 1.234442e+09 0.00087961428 0 0
110 115 1.3258841e+09 0.00094477235 0 0
115 120 1.4182155e+09 0.001010564 0 0
120 125 1.511394e+09 0.0010769593 0 0
125 130 1.6051741e+09 0.0011437833 0 0
130 135 1.6995059e+09 0.0012110004 0 0
135 140 1.7943437e+09 0.001278578 0 0
140 145 1.8898201e+09 0.0013466107 0 0
145 150 1.9858111e+09 0.0014150101 0 0
150 155 2.0823244e+09 0.0014837816 0 0
155 160 2.1792562e+09 0.0015528514 0 0
160 165 2.2765172e+09 0.0016221557 0 0
165 170 2.3739461e+09 0.0016915797 0 0
170 175 2.4715213e+09 0.0017611078 0 0
175 180 2.5690771e+09 0.0018306223 0 0
180 185 2.6664674e+09 0.0019000187 0 0
185 190 2.7637699e+09 0.0019693526 0 0
190 195 2.8606259e+09 0.0020383683 0 0
195 200 2.9569818e+09 0.0021070277 0 0
