0 5 1425994.6 1.0124747e-06 0 0
5 10 9646125.8 6.8488747e-06 0 0
10 15 25456829 1.8074679e-05 0 0
15 20 48275237 3.4276045e-05 0 0
20 25 77625812 5.5115335e-05 0 0
25 30 1.1301447e+08 8.0241745e-05 0 0
30 35 1.5397605e+08 0.000109325 0 0
35 40 2.0012234e+08 0.00014208946 0 0
40 45 2.5105152e+08 0.00017824984 0 0
45 50 3.064569e+08 0.00021758838 0 0
50 55 3.6604556e+08 0.00025989711 0 0
55 60 4.2954676e+08 0.00030498378 0 0
60 65 4.9682064e+08 0.00035274911 0 0
65 70 5.6778871e+08 0.00040313736 0 0
70 75 6.4227748e+08 0.00045602536 0 0
75 80 7.2006154e+08 0.00051125305 0 0
80 85 8.0077525e+08 0.00056856084 0 0
85 90 8.839633e+08 0.00062762543 0 0
90 95 9.6933558e+08 0.00068824086 0 0
95 100 1.0565949e+09 0.0007501961 0 0
100 105 1.1455489e+09 0.00081335463 0 0
105 110 1.2359199e+09 0.00087751921 0 0
110 115 1.3274984e+09 0.00094254111 0 0
115 120 1.4200242e+09 0.0010082356 0 0
120 125 1.5133125e+09 0.0010744715 0 0
125 130 1.6070368e+09 0.001141017 0 0
130 135 1.7015206e+09 0.0012081018 0 0
135 140 1.7963785e+09 0.0012754521 0 0
140 145 1.8917983e+09 0.0013432014 0 0
145 150 1.9877521e+09 0.0014113298 0 0
150 155 2.0841265e+09 0.0014797569 0 0
155 160 2.1808675e+09 0.0015484442 0 0
160 165 2.2780981e+09 0.0016174792 0 0
165 170 2.3753666e+09 0.0016865412 0 0
170 175 2.472692e+09 0.0017556435 0 0
175 180 2.5701258e+09 0.0018248227 0 0
180 185 2.6672986e+09 0.0018938167 0 0
185 190 2.7642917e+09 0.001962683 0 0
190 195 2.8610824e+09 0.0020314057 0 0
195 200 2.9573519e+09 0.0020997583 0 0
