0 5 1416248.4 1.0062226e-06 0 0
5 10 9631161.2 6.8427909e-06 0 0
10 15 25745357 1.8291678e-05 0 0
15 20 49534770 3.5193687e-05 0 0
20 25 80830916 5.7429115e-05 0 0
25 30 1.1941107e+08 8.4839719e-05 0 0
30 35 1.650907e+08 0.00011729439 0 0
35 40 2.1758389e+08 0.00015458999 0 0
40 45 2.7670103e+08 0.0001965918 0 0
45 50 3.4230957e+08 0.00024320565 0 0
50 55 4.1424201e+08 0.00029431254 0 0
55 60 4.9227515e+08 0.00034975388 0 0
60 65 5.7618331e+08 0.00040936933 0 0
65 70 6.6575017e+08 0.0004730052 0 0
70 75 7.6082463e+08 0.00054055413 0 0
75 80 8.6136757e+08 0.00061198833 0 0
80 85 9.6706762e+08 0.00068708658 0 0
85 90 1.0778141e+09 0.00076577024 0 0
90 95 1.1934216e+09 0.00084790761 0 0
95 100 1.3136278e+09 0.00093331223 0 0
100 105 1.4383773e+09 0.0010219448 0 0
105 110 1.5674016e+09 0.0011136146 0 0
110 115 1.7005531e+09 0.0012082167 0 0
115 120 1.8376756e+09 0.0013056401 0 0
120 125 1.9784388e+09 0.0014056501 0 0
125 130 2.1228037e+09 0.0015082192 0 0
130 135 2.2705534e+09 0.0016131931 0 0
135 140 2.4215451e+09 0.0017204703 0 0
140 145 2.5755668e+09 0.0018299004 0 0
145 150 2.7323218e+09 0.0019412724 0 0
150 155 2.8917311e+09 0.0020545302 0 0
155 160 3.0535491e+09 0.0021694994 0 0
160 165 3.2176995e+09 0.0022861257 0 0
165 170 3.3837824e+09 0.002404125 0 0
170 175 3.5518822e+09 0.0025235574 0 0
175 180 3.7217519e+09 0.0026442471 0 0
180 185 3.8928888e+09 0.0027658372 0 0
185 190 4.0654929e+09 0.0028884698 0 0
190 195 4.2393096e+09 0.0030119638 0 0
195 200 4.4139455e+09 0.00313604 0 0
