0 5 1421774.8 1.0108293e-06 0 0
5 10 9627679.7 6.8449243e-06 0 0
10 15 25397335 1.8056566e-05 0 0
15 20 48170763 3.4247631e-05 0 0
20 25 77464914 5.5074689e-05 0 0
25 30 1.1276717e+08 8.0173288e-05 0 0
30 35 1.5364159e+08 0.00010923349 0 0
35 40 1.9969837e+08 0.00014197816 0 0
40 45 2.5057453e+08 0.00017814922 0 0
45 50 3.0587941e+08 0.00021746895 0 0
50 55 3.6538738e+08 0.00025977692 0 0
55 60 4.2879723e+08 0.00030485898 0 0
60 65 4.9599574e+08 0.00035263463 0 0
65 70 5.6690226e+08 0.00040304654 0 0
70 75 6.4136648e+08 0.00045598785 0 0
75 80 7.1907715e+08 0.00051123727 0 0
80 85 7.9974719e+08 0.00056859068 0 0
85 90 8.828856e+08 0.00062769901 0 0
90 95 9.6824431e+08 0.0006883859 0 0
95 100 1.0555182e+09 0.00075043441 0 0
100 105 1.1444778e+09 0.00081368137 0 0
105 110 1.2347966e+09 0.00087789471 0 0
110 115 1.3263612e+09 0.0009429938 0 0
115 120 1.4188456e+09 0.0010087467 0 0
120 125 1.5120084e+09 0.0010749821 0 0
125 130 1.6058832e+09 0.0011417236 0 0
130 135 1.7003468e+09 0.0012088837 0 0
135 140 1.7952517e+09 0.0012763576 0 0
140 145 1.8907893e+09 0.0013442813 0 0
145 150 1.9868489e+09 0.0014125761 0 0
150 155 2.0833979e+09 0.0014812188 0 0
155 160 2.1804377e+09 0.0015502106 0 0
160 165 2.2778e+09 0.0016194316 0 0
165 170 2.3753374e+09 0.0016887771 0 0
170 175 2.4729716e+09 0.0017581914 0 0
175 180 2.5706058e+09 0.0018276057 0 0
180 185 2.6681693e+09 0.0018969697 0 0
185 190 2.765381e+09 0.0019660836 0 0
190 195 2.8623572e+09 0.0020350301 0 0
195 200 2.9588747e+09 0.0021036505 0 0
