0 5 1413711.6 1.0004483e-06 0 0
5 10 9613479.9 6.8032193e-06 0 0
10 15 25718862 1.8200596e-05 0 0
15 20 49483800 3.5018448e-05 0 0
20 25 80746155 5.7142034e-05 0 0
25 30 1.1931176e+08 8.4433946e-05 0 0
30 35 1.6494936e+08 0.00011673054 0 0
35 40 2.1742017e+08 0.00015386282 0 0
40 45 2.7654058e+08 0.00019570085 0 0
45 50 3.4215943e+08 0.00024213767 0 0
50 55 4.1406182e+08 0.00029302119 0 0
55 60 4.921388e+08 0.00034827432 0 0
60 65 5.7609963e+08 0.0004076913 0 0
65 70 6.6569857e+08 0.00047109822 0 0
70 75 7.6086173e+08 0.00053844282 0 0
75 80 8.6141546e+08 0.00060960217 0 0
80 85 9.6722984e+08 0.00068448437 0 0
85 90 1.0780099e+09 0.00076288061 0 0
90 95 1.1937274e+09 0.00084477103 0 0
95 100 1.3141069e+09 0.00092996061 0 0
100 105 1.4390572e+09 0.0010183848 0 0
105 110 1.5683314e+09 0.0011098689 0 0
110 115 1.7018184e+09 0.0012043343 0 0
115 120 1.839073e+09 0.001301466 0 0
120 125 1.9801475e+09 0.0014013008 0 0
125 130 2.1247667e+09 0.0015036443 0 0
130 135 2.2728915e+09 0.0016084685 0 0
135 140 2.4241343e+09 0.0017154992 0 0
140 145 2.5784553e+09 0.0018247083 0 0
145 150 2.7356209e+09 0.0019359305 0 0
150 155 2.8954737e+09 0.0020490543 0 0
155 160 3.0577876e+09 0.0021639198 0 0
160 165 3.2225873e+09 0.0022805444 0 0
165 170 3.3893599e+09 0.0023985652 0 0
170 175 3.5580312e+09 0.0025179297 0 0
175 180 3.728537e+09 0.0026385924 0 0
180 185 3.9006105e+09 0.0027603645 0 0
185 190 4.0739811e+09 0.0028830545 0 0
190 195 4.24853e+09 0.0030065784 0 0
195 200 4.424184e+09 0.0031308843 0 0
