0 5 1445734.6 1.0134776e-06 0 0
5 10 9790441.7 6.8632189e-06 0 0
10 15 25814125 1.8096016e-05 0 0
15 20 48970652 3.4329023e-05 0 0
20 25 78729919 5.5190632e-05 0 0
25 30 1.1460776e+08 8.0341435e-05 0 0
30 35 1.5618586e+08 0.00010948819 0 0
35 40 2.0296515e+08 0.00014228105 0 0
40 45 2.54638e+08 0.00017850434 0 0
45 50 3.1081989e+08 0.00021788853 0 0
50 55 3.7122785e+08 0.00026023525 0 0
55 60 4.3563989e+08 0.00030538887 0 0
60 65 5.0386146e+08 0.00035321303 0 0
65 70 5.7585354e+08 0.00040368035 0 0
70 75 6.514903e+08 0.00045670264 0 0
75 80 7.3036557e+08 0.00051199516 0 0
80 85 8.1224715e+08 0.00056939514 0 0
85 90 8.965914e+08 0.00062852149 0 0
90 95 9.8316561e+08 0.00068921107 0 0
95 100 1.0716921e+09 0.0007512692 0 0
100 105 1.161857e+09 0.00081447593 0 0
105 110 1.2534818e+09 0.00087870602 0 0
110 115 1.3462972e+09 0.00094377073 0 0
115 120 1.4401731e+09 0.0010095789 0 0
120 125 1.5347154e+09 0.0010758542 0 0
125 130 1.6299948e+09 0.0011426462 0 0
130 135 1.7258502e+09 0.001209842 0 0
135 140 1.8221762e+09 0.0012773677 0 0
140 145 1.9190504e+09 0.0013452777 0 0
145 150 2.0165203e+09 0.0014136053 0 0
150 155 2.1145042e+09 0.0014822932 0 0
155 160 2.2129297e+09 0.0015512907 0 0
160 165 2.3116509e+09 0.0016204954 0 0
165 170 2.4106616e+09 0.0016899031 0 0
170 175 2.5097345e+09 0.0017593544 0 0
175 180 2.6087178e+09 0.001828743 0 0
180 185 2.7075892e+09 0.001898053 0 0
185 190 2.8061862e+09 0.0019671707 0 0
190 195 2.9044713e+09 0.0020360698 0 0
195 200 3.0023115e+09 0.0021046569 0 0
