0 5 1443873.7 1.00939e-06 0 0
5 10 9774998.2 6.8335517e-06 0 0
10 15 25776985 1.8020296e-05 0 0
15 20 48900833 3.4185824e-05 0 0
20 25 78642251 5.4977595e-05 0 0
25 30 1.1447166e+08 8.0025386e-05 0 0
30 35 1.5597328e+08 0.00010903854 0 0
35 40 2.0273723e+08 0.0001417305 0 0
40 45 2.543795e+08 0.00017783282 0 0
45 50 3.1046389e+08 0.00021704056 0 0
50 55 3.7082975e+08 0.0002592414 0 0
55 60 4.3514725e+08 0.00030420479 0 0
60 65 5.032946e+08 0.00035184556 0 0
65 70 5.7521499e+08 0.000402124 0 0
70 75 6.5071222e+08 0.00045490296 0 0
75 80 7.2950213e+08 0.00050998377 0 0
80 85 8.1126329e+08 0.00056714176 0 0
85 90 8.9546359e+08 0.00062600489 0 0
90 95 9.8193368e+08 0.00068645481 0 0
95 100 1.0703355e+09 0.0007482552 0 0
100 105 1.1603538e+09 0.00081118557 0 0
105 110 1.2519219e+09 0.00087519943 0 0
110 115 1.3446733e+09 0.00094004055 0 0
115 120 1.4383416e+09 0.0010055226 0 0
120 125 1.5328535e+09 0.0010715945 0 0
125 130 1.6279722e+09 0.0011380904 0 0
130 135 1.7238203e+09 0.0012050964 0 0
135 140 1.8201132e+09 0.0012724133 0 0
140 145 1.9170187e+09 0.0013401585 0 0
145 150 2.0145536e+09 0.0014083436 0 0
150 155 2.1124155e+09 0.0014767574 0 0
155 160 2.2107429e+09 0.0015454965 0 0
160 165 2.3093501e+09 0.0016144313 0 0
165 170 2.4082384e+09 0.0016835626 0 0
170 175 2.5072231e+09 0.0017527613 0 0
175 180 2.6062495e+09 0.0018219891 0 0
180 185 2.7050547e+09 0.0018910623 0 0
185 190 2.8036585e+09 0.0019599948 0 0
190 195 2.9019373e+09 0.0020287 0 0
195 200 2.9997882e+09 0.002097106 0 0
