0 5 1396587.8 1.0064483e-06 0 0
5 10 9512845.4 6.8554141e-06 0 0
10 15 25436922 1.833107e-05 0 0
15 20 48930848 3.5261923e-05 0 0
20 25 79857015 5.7548808e-05 0 0
25 30 1.1799308e+08 8.503149e-05 0 0
30 35 1.6315545e+08 0.00011757767 0 0
35 40 2.1505828e+08 0.00015498135 0 0
40 45 2.7348229e+08 0.00019708449 0 0
45 50 3.382712e+08 0.0002437745 0 0
50 55 4.0929031e+08 0.00029495429 0 0
55 60 4.8633222e+08 0.0003504744 0 0
60 65 5.6920173e+08 0.00041019415 0 0
65 70 6.5763954e+08 0.0004739267 0 0
70 75 7.5144497e+08 0.0005415274 0 0
75 80 8.5059274e+08 0.00061297806 0 0
80 85 9.5483584e+08 0.00068810065 0 0
85 90 1.0640805e+09 0.00076682759 0 0
90 95 1.1781422e+09 0.00084902594 0 0
95 100 1.2967966e+09 0.00093453403 0 0
100 105 1.4198818e+09 0.0010232352 0 0
105 110 1.5471448e+09 0.001114947 0 0
110 115 1.6785982e+09 0.0012096787 0 0
115 120 1.8138621e+09 0.0013071563 0 0
120 125 1.9528068e+09 0.0014072866 0 0
125 130 2.0952902e+09 0.0015099669 0 0
130 135 2.2410636e+09 0.0016150182 0 0
135 140 2.3899439e+09 0.0017223086 0 0
140 145 2.5419106e+09 0.0018318231 0 0
145 150 2.6966705e+09 0.0019433505 0 0
150 155 2.8539404e+09 0.0020566868 0 0
155 160 3.0135833e+09 0.0021717331 0 0
160 165 3.1754094e+09 0.0022883528 0 0
165 170 3.3393753e+09 0.0024065146 0 0
170 175 3.5050828e+09 0.0025259313 0 0
175 180 3.6724511e+09 0.002646545 0 0
180 185 3.8414493e+09 0.0027683332 0 0
185 190 4.0117306e+09 0.0028910461 0 0
190 195 4.1831475e+09 0.0030145774 0 0
195 200 4.3554662e+09 0.0031387585 0 0
