0 5 1397591.3 1.0092888e-06 0 0
5 10 9510784.7 6.8683377e-06 0 0
10 15 25444352 1.8374972e-05 0 0
15 20 48939738 3.5342472e-05 0 0
20 25 79861638 5.7673127e-05 0 0
25 30 1.1800942e+08 8.5222045e-05 0 0
30 35 1.6313374e+08 0.00011780917 0 0
35 40 2.150405e+08 0.00015529431 0 0
40 45 2.7348111e+08 0.00019749796 0 0
45 50 3.3830242e+08 0.00024430952 0 0
50 55 4.0933586e+08 0.00029560725 0 0
55 60 4.8643162e+08 0.00035128296 0 0
60 65 5.6926393e+08 0.0004111014 0 0
65 70 6.576938e+08 0.00047496219 0 0
70 75 7.5149175e+08 0.0005426996 0 0
75 80 8.5067349e+08 0.000614325 0 0
80 85 9.5485811e+08 0.00068956328 0 0
85 90 1.0640279e+09 0.00076840165 0 0
90 95 1.1779791e+09 0.00085069303 0 0
95 100 1.2966103e+09 0.00093636409 0 0
100 105 1.4196676e+09 0.0010252316 0 0
105 110 1.5468774e+09 0.0011170977 0 0
110 115 1.6781153e+09 0.0012118729 0 0
115 120 1.8132686e+09 0.0013094757 0 0
120 125 1.9520022e+09 0.0014096639 0 0
125 130 2.0941886e+09 0.0015123457 0 0
130 135 2.239862e+09 0.0016175457 0 0
135 140 2.3887311e+09 0.0017250534 0 0
140 145 2.54035e+09 0.001834547 0 0
145 150 2.6949244e+09 0.0019461749 0 0
150 155 2.8521019e+09 0.0020596827 0 0
155 160 3.01164e+09 0.0021748953 0 0
160 165 3.1733853e+09 0.0022917017 0 0
165 170 3.3371473e+09 0.0024099646 0 0
170 175 3.5026298e+09 0.0025294699 0 0
175 180 3.6699964e+09 0.0026503359 0 0
180 185 3.8386734e+09 0.0027721482 0 0
185 190 4.0088402e+09 0.0028950365 0 0
190 195 4.179909e+09 0.003018576 0 0
195 200 4.352205e+09 0.0031430018 0 0
