0 5 1430300.3 1.0101545e-06 39190.717 2.7678579e-08
5 10 9679119.6 6.8359114e-06 262856.65 1.8564341e-07
10 15 25536079 1.8034943e-05 1042972.9 7.3660322e-07
15 20 48439475 3.4210546e-05 2611123.4 1.8441149e-06
20 25 77893825 5.5012781e-05 5207348.3 3.6777076e-06
25 30 1.134e+08 8.0089137e-05 9028838.6 6.3766482e-06
30 35 1.545153e+08 0.00010912696 14283161 1.0087532e-05
35 40 2.0083128e+08 0.00014183778 21016806 1.4843192e-05
40 45 2.5193814e+08 0.00017793218 29359631 2.073534e-05
45 50 3.0755714e+08 0.00021721329 39407295 2.7831537e-05
50 55 3.673688e+08 0.00025945548 50992849 3.6013875e-05
55 60 4.3112153e+08 0.00030448106 64082430 4.5258436e-05
60 65 4.9864969e+08 0.00035217305 78317920 5.53123e-05
65 70 5.6995418e+08 0.0004025321 93436521 6.5989863e-05
70 75 6.4486019e+08 0.00045543472 1.0948362e+08 7.732318e-05
75 80 7.2307956e+08 0.00051067742 1.2634252e+08 8.9229839e-05
80 85 8.0411826e+08 0.00056791128 1.4467566e+08 0.00010217768
85 90 8.877784e+08 0.00062699654 1.6496908e+08 0.00011650998
90 95 9.7360102e+08 0.00068760906 1.8716133e+08 0.00013218333
95 100 1.0613008e+09 0.00074954736 2.115045e+08 0.00014937578
100 105 1.1507243e+09 0.00081270297 2.3793879e+08 0.00016804509
105 110 1.2415744e+09 0.00087686615 2.6636418e+08 0.00018812061
110 115 1.3337362e+09 0.00094195579 2.9663903e+08 0.00020950233
115 120 1.426824e+09 0.0010076993 3.2890818e+08 0.00023229253
120 125 1.5206874e+09 0.0010739907 3.6310846e+08 0.00025644659
125 130 1.6151612e+09 0.0011407131 3.9905105e+08 0.00028183117
130 135 1.7101035e+09 0.0012077665 4.3645148e+08 0.00030824536
135 140 1.805667e+09 0.0012752585 4.7469198e+08 0.00033525284
140 145 1.9016703e+09 0.0013430612 5.1352965e+08 0.00036268208
145 150 1.9982934e+09 0.0014113016 5.5276013e+08 0.00039038874
150 155 2.0955156e+09 0.0014799651 5.921038e+08 0.00041817534
155 160 2.1931291e+09 0.0015489049 6.3094241e+08 0.00044560524
160 165 2.2911748e+09 0.0016181501 6.6898687e+08 0.00047247427
165 170 2.3894638e+09 0.001687567 7.0661639e+08 0.00049905025
170 175 2.4877525e+09 0.0017569837 7.4428767e+08 0.00052565572
175 180 2.5861553e+09 0.001826481 7.8156605e+08 0.0005519837
180 185 2.6845129e+09 0.0018959464 8.1854638e+08 0.00057810119
185 190 2.7825778e+09 0.0019652051 8.553121e+08 0.0006040671
190 195 2.8803801e+09 0.0020342783 8.9167638e+08 0.0006297495
195 200 2.9776804e+09 0.002102997 9.2743261e+08 0.00065500246
