0 5 1392823.4 1.0062432e-06 0 0
5 10 9479921.6 6.8487554e-06 0 0
10 15 25341376 1.830784e-05 0 0
15 20 48742172 3.521371e-05 0 0
20 25 79538181 5.7462242e-05 0 0
25 30 1.1751967e+08 8.4901911e-05 0 0
30 35 1.624553e+08 0.00011736559 0 0
35 40 2.1416515e+08 0.0001547233 0 0
40 45 2.7237872e+08 0.00019677961 0 0
45 50 3.3696173e+08 0.00024343751 0 0
50 55 4.0776839e+08 0.00029459167 0 0
55 60 4.8455644e+08 0.00035006709 0 0
60 65 5.6720162e+08 0.00040977398 0 0
65 70 6.5542533e+08 0.00047351107 0 0
70 75 7.4901335e+08 0.00054112359 0 0
75 80 8.4786062e+08 0.00061253566 0 0
80 85 9.5187997e+08 0.00068768428 0 0
85 90 1.060877e+09 0.00076642904 0 0
90 95 1.1746365e+09 0.0008486144 0 0
95 100 1.2929439e+09 0.00093408539 0 0
100 105 1.4156815e+09 0.001022757 0 0
105 110 1.5426788e+09 0.001114506 0 0
110 115 1.6737454e+09 0.0012091949 0 0
115 120 1.8085977e+09 0.0013066188 0 0
120 125 1.9471039e+09 0.0014066824 0 0
125 130 2.0892013e+09 0.0015093404 0 0
130 135 2.2345915e+09 0.0016143773 0 0
135 140 2.3830798e+09 0.0017216525 0 0
140 145 2.5344728e+09 0.0018310262 0 0
145 150 2.6886318e+09 0.0019423981 0 0
150 155 2.8453046e+09 0.0020555861 0 0
155 160 3.0045267e+09 0.0021706159 0 0
160 165 3.1659624e+09 0.0022872449 0 0
165 170 3.329412e+09 0.0024053288 0 0
170 175 3.4945943e+09 0.0025246645 0 0
175 180 3.6614218e+09 0.0026451888 0 0
180 185 3.8298234e+09 0.0027668503 0 0
185 190 3.9995669e+09 0.0028894812 0 0
190 195 4.1705056e+09 0.0030129756 0 0
195 200 4.3424132e+09 0.00313717 0 0
