0 5 1410003.1 1.0080922e-06 0 0
5 10 9592774.2 6.8584253e-06 0 0
10 15 25676085 1.8357308e-05 0 0
15 20 49393513 3.531426e-05 0 0
20 25 80605611 5.7629582e-05 0 0
25 30 1.1909971e+08 8.5151227e-05 0 0
30 35 1.6463599e+08 0.00011770773 0 0
35 40 2.1700822e+08 0.00015515164 0 0
40 45 2.7597214e+08 0.00019730833 0 0
45 50 3.4136749e+08 0.00024406323 0 0
50 55 4.1313823e+08 0.00029537626 0 0
55 60 4.9097772e+08 0.00035102818 0 0
60 65 5.746821e+08 0.00041087325 0 0
65 70 6.6410017e+08 0.00047480336 0 0
70 75 7.5895066e+08 0.00054261742 0 0
75 80 8.5920874e+08 0.00061429768 0 0
80 85 9.6455981e+08 0.00068961922 0 0
85 90 1.0750279e+09 0.00076859917 0 0
90 95 1.1903418e+09 0.00085104376 0 0
95 100 1.3102774e+09 0.00093679258 0 0
100 105 1.4347298e+09 0.0010257708 0 0
105 110 1.5634693e+09 0.001117814 0 0
110 115 1.6964222e+09 0.0012128697 0 0
115 120 1.8331943e+09 0.0013106559 0 0
120 125 1.973695e+09 0.001411108 0 0
125 130 2.1176633e+09 0.0015140391 0 0
130 135 2.2650112e+09 0.0016193866 0 0
135 140 2.4155227e+09 0.0017269959 0 0
140 145 2.5689742e+09 0.0018367072 0 0
145 150 2.7252699e+09 0.001948452 0 0
150 155 2.8840616e+09 0.0020619813 0 0
155 160 3.0455037e+09 0.0021774055 0 0
160 165 3.2089783e+09 0.0022942829 0 0
165 170 3.3744367e+09 0.0024125787 0 0
170 175 3.5418897e+09 0.0025323004 0 0
175 180 3.7109816e+09 0.0026531939 0 0
180 185 3.8815976e+09 0.0027751771 0 0
185 190 4.0535732e+09 0.0028981323 0 0
190 195 4.2268376e+09 0.003022009 0 0
195 200 4.4012388e+09 0.0031466984 0 0
