0 5 1408131.2 1.0022801e-06 45249.624 3.220779e-08
5 10 9580043.3 6.8188861e-06 147724.05 1.0514707e-07
10 15 25618903 1.823503e-05 429327.38 3.0558677e-07
15 20 49267555 3.5067675e-05 974380.18 6.9354461e-07
20 25 80368649 5.720482e-05 1754324.1 1.2486933e-06
25 30 1.1872295e+08 8.4504656e-05 2917278.7 2.0764615e-06
30 35 1.6410971e+08 0.00011681006 4630815.6 3.2961233e-06
35 40 2.1631521e+08 0.00015396891 7002445.6 4.9842028e-06
40 45 2.7510398e+08 0.00019581359 10075721 7.1716997e-06
45 50 3.4032156e+08 0.00024223418 13665329 9.7267121e-06
50 55 4.1180707e+08 0.00029311615 17846867 1.2703049e-05
55 60 4.8934453e+08 0.00034830579 22463658 1.5989189e-05
60 65 5.7279619e+08 0.00040770504 27946799 1.9891981e-05
65 70 6.6180525e+08 0.00047105993 34105692 2.4275759e-05
70 75 7.5628366e+08 0.0005383078 40831731 2.9063221e-05
75 80 8.5609851e+08 0.00060935405 48114270 3.4246789e-05
80 85 9.6106814e+08 0.00068406936 55818286 3.9730356e-05
85 90 1.0710844e+09 0.00076237677 63918506 4.5495933e-05
90 95 1.1859105e+09 0.00084410769 72600731 5.167577e-05
95 100 1.3054059e+09 0.00092916216 81906883 5.8299705e-05
100 105 1.4293392e+09 0.0010173755 91716626 6.5282087e-05
105 110 1.5576429e+09 0.0011086996 1.0170601e+08 7.2392337e-05
110 115 1.6899873e+09 0.0012028997 1.1224468e+08 7.989355e-05
115 120 1.8262335e+09 0.001299877 1.2294995e+08 8.7513352e-05
120 125 1.9662054e+09 0.0013995062 1.3412243e+08 9.5465704e-05
125 130 2.1097874e+09 0.0015017051 1.4552028e+08 0.00010357847
130 135 2.2567666e+09 0.001606322 1.5731812e+08 0.00011197594
135 140 2.4069233e+09 0.0017132006 1.6899608e+08 0.00012028808
140 145 2.5601468e+09 0.001822262 1.8090793e+08 0.0001287667
145 150 2.7161388e+09 0.0019332941 1.9295514e+08 0.00013734166
150 155 2.8747865e+09 0.0020462164 2.0510405e+08 0.00014598902
155 160 3.0357802e+09 0.0021608085 2.1728472e+08 0.00015465898
160 165 3.1990031e+09 0.0022769874 2.2962252e+08 0.00016344079
165 170 3.3644981e+09 0.0023947835 2.4201726e+08 0.00017226311
170 175 3.5317957e+09 0.0025138626 2.5391408e+08 0.00018073104
175 180 3.7007486e+09 0.0026341199 2.6549517e+08 0.00018897423
180 185 3.8712127e+09 0.0027554529 2.7691274e+08 0.00019710103
185 190 4.0430295e+09 0.0028777487 2.8726484e+08 0.00020446945
190 195 4.2160427e+09 0.0030008961 2.9727037e+08 0.00021159119
195 200 4.3901289e+09 0.0031248072 3.0661228e+08 0.00021824058
