0 5 1399877.6 1.0105684e-06 40416.196 2.9176358e-08
5 10 9512763 6.8672416e-06 156780.36 1.1317938e-07
10 15 25430008 1.8357864e-05 413476.46 2.984877e-07
15 20 48909509 3.5307661e-05 955163.18 6.8953009e-07
20 25 79821501 5.7622956e-05 1758242.8 1.2692714e-06
25 30 1.179458e+08 8.5144797e-05 2980212.8 2.1514087e-06
30 35 1.6305879e+08 0.00011771176 4703964.6 3.3957811e-06
35 40 2.1492545e+08 0.00015515419 7087412.1 5.1163864e-06
40 45 2.7329414e+08 0.00019729041 9991058.7 7.2125221e-06
45 50 3.3813812e+08 0.00024410112 13531322 9.7682302e-06
50 55 4.0923082e+08 0.00029542278 17462348 1.2606029e-05
55 60 4.8627309e+08 0.00035103942 22195585 1.6022941e-05
60 65 5.6924756e+08 0.00041093849 27522605 1.9868505e-05
65 70 6.577298e+08 0.00047481362 33663357 2.4301499e-05
70 75 7.5168995e+08 0.00054264323 40448146 2.9199423e-05
75 80 8.5094685e+08 0.00061429656 47591838 3.4356437e-05
80 85 9.5541648e+08 0.00068971294 55108220 3.9782496e-05
85 90 1.0647906e+09 0.00076866986 63073031 4.5532275e-05
90 95 1.1789735e+09 0.00085109822 71618108 5.1700946e-05
95 100 1.2977399e+09 0.00093683539 80742941 5.8288142e-05
100 105 1.4210875e+09 0.0010258798 90212069 6.5123884e-05
105 110 1.5486114e+09 0.001117939 1.0005967e+08 7.2232843e-05
110 115 1.6802168e+09 0.0012129446 1.099872e+08 7.9399502e-05
115 120 1.815776e+09 0.0013108045 1.2035596e+08 8.688469e-05
120 125 1.9548852e+09 0.0014112271 1.3098601e+08 9.4558498e-05
125 130 2.097657e+09 0.0015142937 1.4199245e+08 0.00010250402
130 135 2.2437055e+09 0.0016197258 1.5300463e+08 0.00011045368
135 140 2.392908e+09 0.0017274347 1.6413362e+08 0.00011848768
140 145 2.5450325e+09 0.0018372531 1.7531927e+08 0.00012656258
145 150 2.6999439e+09 0.0019490832 1.8661503e+08 0.00013471696
150 155 2.8574602e+09 0.0020627939 1.9771809e+08 0.00014273223
155 160 3.0175002e+09 0.0021783264 2.0919961e+08 0.00015102072
160 165 3.1796901e+09 0.0022954109 2.2050257e+08 0.00015918029
165 170 3.3439481e+09 0.0024139884 2.3164395e+08 0.00016722323
170 175 3.5100309e+09 0.0025338832 2.4236116e+08 0.00017495996
175 180 3.6778728e+09 0.0026550478 2.5277288e+08 0.00018247616
180 185 3.8472344e+09 0.0027773096 2.6300263e+08 0.00018986099
185 190 4.0179339e+09 0.0029005371 2.7297052e+08 0.00019705679
190 195 4.189745e+09 0.0030245672 2.8204779e+08 0.00020360965
195 200 4.3625598e+09 0.0031493218 2.903035e+08 0.00020956943
