0 5 1382542.3 1.0104722e-06 0 0
5 10 9398325.8 6.8690465e-06 0 0
10 15 25140226 1.8374483e-05 0 0
15 20 48349576 3.5337728e-05 0 0
20 25 78890881 5.7659751e-05 0 0
25 30 1.1652704e+08 8.516726e-05 0 0
30 35 1.6109534e+08 0.00011774133 0 0
35 40 2.1231345e+08 0.00015517561 0 0
40 45 2.7003384e+08 0.00019736228 0 0
45 50 3.3401067e+08 0.00024412165 0 0
50 55 4.0421755e+08 0.00029543444 0 0
55 60 4.8038597e+08 0.0003511044 0 0
60 65 5.6218945e+08 0.00041089291 0 0
65 70 6.4959e+08 0.00047477221 0 0
70 75 7.4235139e+08 0.00054256964 0 0
75 80 8.4038555e+08 0.00061422082 0 0
80 85 9.4351372e+08 0.00068959512 0 0
85 90 1.0515621e+09 0.0007685655 0 0
90 95 1.164307e+09 0.00085096845 0 0
95 100 1.2816787e+09 0.00093675308 0 0
100 105 1.4034545e+09 0.0010257565 0 0
105 110 1.5294796e+09 0.0011178657 0 0
110 115 1.6594507e+09 0.001212859 0 0
115 120 1.7933203e+09 0.0013107016 0 0
120 125 1.930711e+09 0.0014111177 0 0
125 130 2.0716414e+09 0.0015141209 0 0
130 135 2.2158815e+09 0.001619543 0 0
135 140 2.3632214e+09 0.0017272308 0 0
140 145 2.5135216e+09 0.0018370822 0 0
145 150 2.666454e+09 0.0019488574 0 0
150 155 2.8220623e+09 0.0020625883 0 0
155 160 2.9799848e+09 0.0021780107 0 0
160 165 3.1400739e+09 0.0022950166 0 0
165 170 3.3020872e+09 0.0024134288 0 0
170 175 3.4660192e+09 0.0025332434 0 0
175 180 3.6316058e+09 0.0026542673 0 0
180 185 3.7986851e+09 0.0027763822 0 0
185 190 3.9670184e+09 0.0028994136 0 0
190 195 4.1365186e+09 0.0030232979 0 0
195 200 4.3071995e+09 0.0031480451 0 0
