0 5 1412315 1.013203e-06 0 0
5 10 9548757.1 6.850334e-06 0 0
10 15 25190038 1.807148e-05 0 0
15 20 47788995 3.4284104e-05 0 0
20 25 76833037 5.5120469e-05 0 0
25 30 1.1183079e+08 8.0228059e-05 0 0
30 35 1.5235408e+08 0.00010929971 0 0
35 40 1.9803283e+08 0.00014206991 0 0
40 45 2.4844686e+08 0.00017823723 0 0
45 50 3.0322774e+08 0.00021753735 0 0
50 55 3.6213996e+08 0.00025980132 0 0
55 60 4.2494326e+08 0.00030485677 0 0
60 65 4.9147192e+08 0.00035258482 0 0
65 70 5.617598e+08 0.00040300976 0 0
70 75 6.3549416e+08 0.00045590722 0 0
75 80 7.1253144e+08 0.00051117421 0 0
80 85 7.9237821e+08 0.00056845675 0 0
85 90 8.7470912e+08 0.00062752142 0 0
90 95 9.5916635e+08 0.00068811153 0 0
95 100 1.0455381e+09 0.00075007514 0 0
100 105 1.1334904e+09 0.00081317264 0 0
105 110 1.2228083e+09 0.00087724983 0 0
110 115 1.3134048e+09 0.00094224424 0 0
115 120 1.4048024e+09 0.0010078135 0 0
120 125 1.4969038e+09 0.0010738875 0 0
125 130 1.5895895e+09 0.0011403808 0 0
130 135 1.6828044e+09 0.0012072537 0 0
135 140 1.7764282e+09 0.00127442 0 0
140 145 1.8706788e+09 0.0013420359 0 0
145 150 1.9653565e+09 0.0014099582 0 0
150 155 2.0606524e+09 0.0014783241 0 0
155 160 2.156214e+09 0.0015468805 0 0
160 165 2.2521912e+09 0.0016157351 0 0
165 170 2.348373e+09 0.0016847365 0 0
170 175 2.4445324e+09 0.0017537218 0 0
175 180 2.5407965e+09 0.0018227822 0 0
180 185 2.6367239e+09 0.0018916011 0 0
185 190 2.7325213e+09 0.0019603267 0 0
190 195 2.8279549e+09 0.0020287913 0 0
195 200 2.9230202e+09 0.0020969917 0 0
