0 5 1409226.7 1.0108801e-06 0 0
5 10 9536608.2 6.8408923e-06 0 0
10 15 25166453 1.8052644e-05 0 0
15 20 47728973 3.423741e-05 0 0
20 25 76758223 5.5060953e-05 0 0
25 30 1.117205e+08 8.0140436e-05 0 0
30 35 1.5224869e+08 0.00010921251 0 0
35 40 1.9787315e+08 0.00014194029 0 0
40 45 2.4824249e+08 0.00017807171 0 0
45 50 3.0302896e+08 0.00021737167 0 0
50 55 3.6192519e+08 0.00025961969 0 0
55 60 4.2472539e+08 0.00030466814 0 0
60 65 4.9130208e+08 0.00035242557 0 0
65 70 5.6153574e+08 0.00040280626 0 0
70 75 6.3532205e+08 0.00045573538 0 0
75 80 7.1234115e+08 0.00051098346 0 0
80 85 7.9224353e+08 0.00056829982 0 0
85 90 8.7463625e+08 0.00062740256 0 0
90 95 9.5929966e+08 0.00068813414 0 0
95 100 1.0456874e+09 0.00075010264 0 0
100 105 1.133881e+09 0.00081336655 0 0
105 110 1.2234449e+09 0.00087761339 0 0
110 115 1.3142449e+09 0.00094274689 0 0
115 120 1.4059637e+09 0.0010085395 0 0
120 125 1.4984815e+09 0.0010749053 0 0
125 130 1.5917017e+09 0.0011417749 0 0
130 135 1.6854103e+09 0.0012089949 0 0
135 140 1.7796853e+09 0.0012766211 0 0
140 145 1.8745998e+09 0.0013447061 0 0
145 150 1.9700497e+09 0.0014131751 0 0
150 155 2.0660681e+09 0.001482052 0 0
155 160 2.162475e+09 0.0015512076 0 0
160 165 2.2593079e+09 0.0016206687 0 0
165 170 2.3563518e+09 0.0016902811 0 0
170 175 2.453558e+09 0.0017600101 0 0
175 180 2.5507633e+09 0.0018297383 0 0
180 185 2.6477885e+09 0.0018993373 0 0
185 190 2.7446765e+09 0.001968838 0 0
190 195 2.8413912e+09 0.0020382143 0 0
195 200 2.9376117e+09 0.0021072361 0 0
