0 5 1379279.1 1.0114936e-06 45071.619 3.3053249e-08
5 10 9384032.9 6.8817758e-06 136618.86 1.0018937e-07
10 15 25097046 1.8404906e-05 426877.08 3.1305009e-07
15 20 48269476 3.5398396e-05 985701.34 7.2286358e-07
20 25 78769113 5.776529e-05 1751892.4 1.2847494e-06
25 30 1.1639907e+08 8.5361201e-05 2933176.9 2.1510438e-06
30 35 1.6092118e+08 0.00011801147 4619123.8 3.3874321e-06
35 40 2.1211539e+08 0.00015555472 6972802.6 5.1135013e-06
40 45 2.6976333e+08 0.0001978308 9891140.9 7.2536632e-06
45 50 3.337448e+08 0.00024475158 13465276 9.8747531e-06
50 55 4.0390407e+08 0.00029620284 17520781 1.2848856e-05
55 60 4.7998768e+08 0.00035199872 22088337 1.6198471e-05
60 65 5.6175448e+08 0.00041196236 27198650 1.9946117e-05
65 70 6.4910273e+08 0.00047601916 32953308 2.4166291e-05
70 75 7.4172299e+08 0.00054394218 39462978 2.8940155e-05
75 80 8.396078e+08 0.00061572595 46356298 3.3995368e-05
80 85 9.4260858e+08 0.00069126152 53638357 3.9335662e-05
85 90 1.0504849e+09 0.00077037254 61400299 4.5027878e-05
90 95 1.1631115e+09 0.00085296723 69548762 5.1003549e-05
95 100 1.2803688e+09 0.00093895783 78440728 5.7524468e-05
100 105 1.4019785e+09 0.0010281403 87776098 6.4370557e-05
105 110 1.5278304e+09 0.0011204337 97516699 7.1513822e-05
110 115 1.6576434e+09 0.0012156319 1.0742774e+08 7.8782076e-05
115 120 1.7912423e+09 0.0013136066 1.1776551e+08 8.6363276e-05
120 125 1.9285347e+09 0.00141429 1.283535e+08 9.4127975e-05
125 130 2.0692694e+09 0.0015174976 1.3924136e+08 0.00010211258
130 135 2.2133951e+09 0.0016231922 1.5050331e+08 0.00011037152
135 140 2.3605494e+09 0.0017311077 1.6177698e+08 0.00011863907
140 145 2.5106464e+09 0.0018411813 1.7275356e+08 0.00012668873
145 150 2.6635402e+09 0.0019533058 1.8427194e+08 0.00013513573
150 155 2.8190821e+09 0.0020673724 1.9589009e+08 0.0001436559
155 160 2.9769281e+09 0.0021831287 2.0755875e+08 0.00015221311
160 165 3.1370082e+09 0.0023005234 2.1895605e+08 0.00016057131
165 170 3.2990357e+09 0.0024193461 2.3027238e+08 0.00016887014
170 175 3.4629391e+09 0.0025395446 2.4124902e+08 0.00017691985
175 180 3.6284601e+09 0.0026609293 2.5171071e+08 0.00018459192
180 185 3.7954735e+09 0.0027834085 2.6208881e+08 0.0001922027
185 190 3.9638765e+09 0.0029069068 2.718354e+08 0.00019935035
190 195 4.1333646e+09 0.0030312008 2.8113088e+08 0.00020616719
195 200 4.3038527e+09 0.0031562282 2.8960088e+08 0.00021237866
