0 5 1397673.2 1.0054162e-06 0 0
5 10 9510261 6.8412059e-06 0 0
10 15 25432043 1.8294539e-05 0 0
15 20 48914859 3.5186902e-05 0 0
20 25 79833798 5.742844e-05 0 0
25 30 1.1794209e+08 8.484164e-05 0 0
30 35 1.630548e+08 0.00011729347 0 0
35 40 2.1490497e+08 0.00015459188 0 0
40 45 2.7332644e+08 0.00019661737 0 0
45 50 3.3811232e+08 0.00024322109 0 0
50 55 4.0917114e+08 0.00029433724 0 0
55 60 4.8622254e+08 0.00034976416 0 0
60 65 5.6906416e+08 0.00040935628 0 0
65 70 6.5756724e+08 0.00047302097 0 0
70 75 7.5139328e+08 0.00054051473 0 0
75 80 8.5061925e+08 0.00061189293 0 0
80 85 9.5499557e+08 0.00068697603 0 0
85 90 1.064236e+09 0.00076555813 0 0
90 95 1.1783222e+09 0.000847626 0 0
95 100 1.2969654e+09 0.00093297199 0 0
100 105 1.4201214e+09 0.0010215642 0 0
105 110 1.5474595e+09 0.0011131649 0 0
110 115 1.6788908e+09 0.00120771 0 0
115 120 1.8142039e+09 0.0013050475 0 0
120 125 1.9530931e+09 0.0014049575 0 0
125 130 2.0956236e+09 0.0015074868 0 0
130 135 2.2413534e+09 0.0016123175 0 0
135 140 2.3903076e+09 0.0017194677 0 0
140 145 2.5422287e+09 0.0018287521 0 0
145 150 2.696835e+09 0.0019399682 0 0
150 155 2.8541766e+09 0.0020531518 0 0
155 160 3.0138766e+09 0.002168032 0 0
160 165 3.1758675e+09 0.0022845602 0 0
165 170 3.3398401e+09 0.0024025139 0 0
170 175 3.505652e+09 0.0025217907 0 0
175 180 3.6733503e+09 0.0026424244 0 0
180 185 3.842312e+09 0.002763967 0 0
185 190 4.0126344e+09 0.0028864884 0 0
190 195 4.1841656e+09 0.0030098794 0 0
195 200 4.3566154e+09 0.0031339311 0 0
