0 5 1390449.2 1.0084646e-06 0 0
5 10 9446111 6.851073e-06 0 0
10 15 25253302 1.8315709e-05 0 0
15 20 48572378 3.5228562e-05 0 0
20 25 79255650 5.7482518e-05 0 0
25 30 1.171068e+08 8.4935192e-05 0 0
30 35 1.6190096e+08 0.00011742349 0 0
35 40 2.1341417e+08 0.00015478497 0 0
40 45 2.7143011e+08 0.00019686276 0 0
45 50 3.3577342e+08 0.00024352966 0 0
50 55 4.0638356e+08 0.00029474176 0 0
55 60 4.829872e+08 0.00035030083 0 0
60 65 5.6534148e+08 0.00041003073 0 0
65 70 6.532284e+08 0.00047377333 0 0
70 75 7.465211e+08 0.00054143663 0 0
75 80 8.4513813e+08 0.00061296157 0 0
80 85 9.4886327e+08 0.00068819131 0 0
85 90 1.0575772e+09 0.00076703935 0 0
90 95 1.1709627e+09 0.00084927555 0 0
95 100 1.2889538e+09 0.00093485211 0 0
100 105 1.4113108e+09 0.0010235952 0 0
105 110 1.5380491e+09 0.0011155158 0 0
110 115 1.6687856e+09 0.0012103364 0 0
115 120 1.8034024e+09 0.0013079712 0 0
120 125 1.9417332e+09 0.0014082998 0 0
125 130 2.0835035e+09 0.0015111229 0 0
130 135 2.228609e+09 0.0016163649 0 0
135 140 2.3769804e+09 0.0017239758 0 0
140 145 2.5281916e+09 0.0018336462 0 0
145 150 2.6821499e+09 0.001945309 0 0
150 155 2.8387857e+09 0.0020589138 0 0
155 160 2.9978641e+09 0.0021742901 0 0
160 165 3.159154e+09 0.0022912704 0 0
165 170 3.32239e+09 0.0024096622 0 0
170 175 3.4875347e+09 0.0025294383 0 0
175 180 3.6543682e+09 0.0026504392 0 0
180 185 3.8226673e+09 0.0027725032 0 0
185 190 3.9922759e+09 0.0028955169 0 0
190 195 4.1631111e+09 0.0030194201 0 0
195 200 4.3349251e+09 0.0031440334 0 0
