0 5 1410937 1.0084771e-06 0 0
5 10 9592465.3 6.8562816e-06 0 0
10 15 25652252 1.8335126e-05 0 0
15 20 49343422 3.5268556e-05 0 0
20 25 80526603 5.7556953e-05 0 0
25 30 1.1893615e+08 8.5010443e-05 0 0
30 35 1.644296e+08 0.00011752721 0 0
35 40 2.1673986e+08 0.00015491633 0 0
40 45 2.7562764e+08 0.00019700678 0 0
45 50 3.4094974e+08 0.00024369621 0 0
50 55 4.1258106e+08 0.0002948952 0 0
55 60 4.9029553e+08 0.00035044216 0 0
60 65 5.7381585e+08 0.00041013889 0 0
65 70 6.6306529e+08 0.00047393055 0 0
70 75 7.5772133e+08 0.00054158662 0 0
75 80 8.5769942e+08 0.00061304666 0 0
80 85 9.6290572e+08 0.00068824359 0 0
85 90 1.0731569e+09 0.0007670464 0 0
90 95 1.1881674e+09 0.00084925094 0 0
95 100 1.3078893e+09 0.00093482306 0 0
100 105 1.4320794e+09 0.0010235888 0 0
105 110 1.5605926e+09 0.0011154445 0 0
110 115 1.6932098e+09 0.0012102336 0 0
115 120 1.8296877e+09 0.0013077821 0 0
120 125 1.9698545e+09 0.0014079673 0 0
125 130 2.1135257e+09 0.0015106573 0 0
130 135 2.2606279e+09 0.0016157996 0 0
135 140 2.4109007e+09 0.0017232082 0 0
140 145 2.5641311e+09 0.0018327306 0 0
145 150 2.7200705e+09 0.0019441894 0 0
150 155 2.8785539e+09 0.0020574665 0 0
155 160 3.0394843e+09 0.0021724927 0 0
160 165 3.2026942e+09 0.0022891481 0 0
165 170 3.3679552e+09 0.0024072695 0 0
170 175 3.5349813e+09 0.0025266526 0 0
175 180 3.7037636e+09 0.002647291 0 0
180 185 3.8740356e+09 0.002768994 0 0
185 190 4.0456796e+09 0.0028916778 0 0
190 195 4.2185424e+09 0.0030152327 0 0
195 200 4.3924655e+09 0.0031395454 0 0
