0 5 1385143.5 1.0103723e-06 40784.329 2.9749522e-08
5 10 9426688.2 6.8761576e-06 157364.25 1.1478701e-07
10 15 25205411 1.8385713e-05 398347.29 2.9056851e-07
15 20 48493604 3.5372939e-05 953662.89 6.9563521e-07
20 25 79139134 5.7726864e-05 1734597.5 1.2652763e-06
25 30 1.16917e+08 8.5283367e-05 2868438.8 2.09234e-06
30 35 1.6162694e+08 0.00011789637 4599498.9 3.3550361e-06
35 40 2.1307166e+08 0.00015542195 6935086.4 5.0586956e-06
40 45 2.7099707e+08 0.00019767478 9824354.2 7.1662291e-06
45 50 3.3527554e+08 0.00024456176 13381819 9.7611691e-06
50 55 4.0578979e+08 0.00029599733 17450738 1.2729181e-05
55 60 4.8221809e+08 0.00035174681 22077710 1.6104257e-05
60 65 5.6444201e+08 0.00041172383 27419410 2.0000681e-05
65 70 6.5221261e+08 0.00047574679 33356162 2.4331157e-05
70 75 7.4537978e+08 0.00054370619 39953730 2.9143654e-05
75 80 8.4373159e+08 0.00061544746 46762043 3.4109877e-05
80 85 9.4721199e+08 0.0006909297 54240897 3.9565216e-05
85 90 1.0556425e+09 0.00077002276 62231860 4.5394105e-05
90 95 1.168853e+09 0.00085260244 70670779 5.1549749e-05
95 100 1.2865815e+09 0.00093847774 79666662 5.8111662e-05
100 105 1.4087364e+09 0.0010275818 89050950 6.4956891e-05
105 110 1.5351153e+09 0.001119767 98498414 7.1848204e-05
110 115 1.6655495e+09 0.0012149103 1.0840659e+08 7.9075574e-05
115 120 1.7997584e+09 0.001312807 1.1850721e+08 8.6443322e-05
120 125 1.9376232e+09 0.0014133705 1.2902671e+08 9.4116614e-05
125 130 2.078892e+09 0.0015164169 1.3954957e+08 0.00010179236
130 135 2.2235728e+09 0.0016219521 1.5053759e+08 0.00010980741
135 140 2.3713791e+09 0.0017297673 1.6180703e+08 0.00011802773
140 145 2.5221114e+09 0.0018397167 1.7278815e+08 0.00012603775
145 150 2.6755715e+09 0.0019516559 1.8431663e+08 0.00013444702
150 155 2.831615e+09 0.0020654795 1.9594376e+08 0.00014292827
155 160 2.9901425e+09 0.002181115 2.0746974e+08 0.00015133572
160 165 3.1506802e+09 0.0022982168 2.1863489e+08 0.00015947997
165 170 3.3133374e+09 0.0024168647 2.2982632e+08 0.00016764339
170 175 3.4777603e+09 0.0025368006 2.4074576e+08 0.00017560842
175 180 3.6439202e+09 0.0026580034 2.5152053e+08 0.00018346791
180 185 3.8114954e+09 0.0027802386 2.6135849e+08 0.00019064407
185 190 3.980241e+09 0.0029033276 2.7046026e+08 0.00019728322
190 195 4.1502704e+09 0.0030273531 2.7921589e+08 0.00020366988
195 200 4.3212874e+09 0.0031520989 2.8754803e+08 0.00020974764
