0 5 1407047.5 1.0055931e-06 0 0
5 10 9568535.3 6.8384708e-06 0 0
10 15 25587531 1.8286977e-05 0 0
15 20 49213109 3.5171778e-05 0 0
20 25 80303041 5.7391229e-05 0 0
25 30 1.1864306e+08 8.4792196e-05 0 0
30 35 1.640517e+08 0.00011724498 0 0
35 40 2.1622019e+08 0.00015452892 0 0
40 45 2.7502578e+08 0.00019655629 0 0
45 50 3.4021071e+08 0.00024314286 0 0
50 55 4.1169955e+08 0.00029423472 0 0
55 60 4.8927248e+08 0.00034967479 0 0
60 65 5.7265637e+08 0.00040926785 0 0
65 70 6.6165733e+08 0.00047287533 0 0
70 75 7.5613204e+08 0.00054039481 0 0
75 80 8.5591358e+08 0.000611707 0 0
80 85 9.6088463e+08 0.00068672803 0 0
85 90 1.0708294e+09 0.00076530372 0 0
90 95 1.1856272e+09 0.00084734774 0 0
95 100 1.3051177e+09 0.0009327456 0 0
100 105 1.4290313e+09 0.0010213046 0 0
105 110 1.5573218e+09 0.0011129916 0 0
110 115 1.6896985e+09 0.001207599 0 0
115 120 1.8258516e+09 0.0013049053 0 0
120 125 1.9657765e+09 0.0014049073 0 0
125 130 2.1092023e+09 0.0015074113 0 0
130 135 2.2560187e+09 0.0016123385 0 0
135 140 2.4060233e+09 0.0017195443 0 0
140 145 2.5589941e+09 0.0018288699 0 0
145 150 2.7148662e+09 0.001940269 0 0
150 155 2.8733055e+09 0.002053503 0 0
155 160 3.0342001e+09 0.0021684916 0 0
160 165 3.1973959e+09 0.0022851249 0 0
165 170 3.3625725e+09 0.0024031738 0 0
170 175 3.529589e+09 0.0025225377 0 0
175 180 3.6982654e+09 0.0026430879 0 0
180 185 3.8684016e+09 0.0027646813 0 0
185 190 4.0400384e+09 0.0028873473 0 0
190 195 4.2128622e+09 0.0030108615 0 0
195 200 4.386628e+09 0.0031350491 0 0
