0 5 1385768 1.0119861e-06 0 0
5 10 9423421.2 6.8816502e-06 0 0
10 15 25205121 1.8406566e-05 0 0
15 20 48487458 3.5408979e-05 0 0
20 25 79120704 5.7779547e-05 0 0
25 30 1.1691447e+08 8.5379236e-05 0 0
30 35 1.6164857e+08 0.00011804725 0 0
35 40 2.1305416e+08 0.00015558725 0 0
40 45 2.709779e+08 0.00019788727 0 0
45 50 3.3521167e+08 0.00024479532 0 0
50 55 4.0565664e+08 0.00029623924 0 0
55 60 4.8207761e+08 0.00035204724 0 0
60 65 5.6430451e+08 0.00041209516 0 0
65 70 6.519797e+08 0.0004761218 0 0
70 75 7.4518406e+08 0.00054418623 0 0
75 80 8.4358251e+08 0.00061604375 0 0
80 85 9.4707501e+08 0.00069162131 0 0
85 90 1.0555648e+09 0.00077084826 0 0
90 95 1.1687866e+09 0.00085353081 0 0
95 100 1.2865099e+09 0.00093950077 0 0
100 105 1.4087396e+09 0.0010287616 0 0
105 110 1.535076e+09 0.0011210213 0 0
110 115 1.665529e+09 0.0012162874 0 0
115 120 1.7997398e+09 0.0013142976 0 0
120 125 1.9376044e+09 0.0014149761 0 0
125 130 2.0788189e+09 0.0015181009 0 0
130 135 2.223536e+09 0.0016237836 0 0
135 140 2.3713725e+09 0.0017317443 0 0
140 145 2.5221018e+09 0.0018418175 0 0
145 150 2.6755772e+09 0.0019538961 0 0
150 155 2.8316133e+09 0.0020678448 0 0
155 160 2.9901208e+09 0.0021835982 0 0
160 165 3.1507088e+09 0.0023008709 0 0
165 170 3.313406e+09 0.0024196839 0 0
170 175 3.4778641e+09 0.0025397829 0 0
175 180 3.6440823e+09 0.0026611672 0 0
180 185 3.8115933e+09 0.0027834957 0 0
185 190 3.9806445e+09 0.0029069488 0 0
190 195 4.150743e+09 0.0030311668 0 0
195 200 4.3220655e+09 0.0031562786 0 0
