0 5 50727.017 4.7891388e-07 2570.756 2.4270513e-08
5 10 344579.05 3.2531716e-06 8566.3417 8.0874852e-08
10 15 923086.11 8.7148581e-06 17802.691 1.6807524e-07
15 20 1778968.9 1.679525e-05 29457.275 2.781062e-07
20 25 2897010.8 2.7350686e-05 66739.114 6.3008413e-07
25 30 4259610.8 4.0214995e-05 136524.95 1.2889324e-06
30 35 5857007.4 5.5296021e-05 228929.89 2.1613276e-06
35 40 7674285.7 7.2452949e-05 352760.95 3.3304169e-06
40 45 9701074.5 9.1587867e-05 516566.89 4.8769092e-06
45 50 11924690 0.00011258103 710215.22 6.7051436e-06
50 55 14334799 0.00013533487 941661.28 8.8902263e-06
55 60 16920911 0.00015975036 1202313.4 1.1351043e-05
60 65 19675825 0.00018575951 1492156.8 1.4087456e-05
65 70 22588143 0.00021325471 1817412.9 1.71582e-05
70 75 25648342 0.00024214606 2165485.1 2.044435e-05
75 80 28854316 0.00027241366 2528048 2.3867307e-05
80 85 32189049 0.00030389689 2924782.4 2.7612878e-05
85 90 35650659 0.00033657796 3339331.8 3.1526639e-05
90 95 39233262 0.00037040132 3773397.1 3.5624651e-05
95 100 42922329 0.00040522981 4223510.3 3.9874171e-05
100 105 46708244 0.00044097264 4673086.8 4.4118623e-05
105 110 50593033 0.00047764894 5161214.3 4.8727036e-05
110 115 54561981 0.00051511979 5654265.5 5.3381933e-05
115 120 58606506 0.00055330416 6148781 5.8050656e-05
120 125 62718733 0.00059212771 6657312.3 6.2851701e-05
125 130 66902682 0.00063162838 7181748.3 6.7802903e-05
130 135 71141685 0.00067164881 7702559.7 7.2719884e-05
135 140 75431161 0.00071214577 8226339.6 7.7664891e-05
140 145 79776552 0.00075317061 8730530.2 8.2424956e-05
145 150 84161852 0.00079457224 9231003.2 8.7149923e-05
150 155 88590223 0.0008363805 9690910.1 9.1491905e-05
155 160 93060373 0.0008785832 10137406 9.5707276e-05
160 165 97563592 0.00092109809 10560175 9.9698634e-05
165 170 1.0208464e+08 0.00096378132 10934388 0.00010323159
170 175 1.0664536e+08 0.001006839 11298056 0.00010666498
175 180 1.1121747e+08 0.0010500044 11622879 0.00010973163
180 185 1.158006e+08 0.0010932738 11933252 0.00011266186
185 190 1.2040276e+08 0.0011367227 12221291 0.00011538124
190 195 1.2499626e+08 0.0011800899 12493613 0.00011795223
195 200 1.2959285e+08 0.0012234864 12711145 0.00012000595
