0 5 49695.768 4.7893132e-07 2518.6978 2.427336e-08
5 10 337574.35 3.2532938e-06 8391.5832 8.0871917e-08
10 15 904324.65 8.7152169e-06 17435.552 1.6803105e-07
15 20 1742819.1 1.6796011e-05 28843.006 2.7796771e-07
20 25 2838154.4 2.7352048e-05 65348.931 6.2978501e-07
25 30 4173092.1 4.0217198e-05 133684.48 1.2883528e-06
30 35 5738074.3 5.5299347e-05 224161.68 2.1603057e-06
35 40 7518490 7.2457686e-05 345409.07 3.328799e-06
40 45 9504186.9 9.1594375e-05 505807.33 4.8745997e-06
45 50 11682739 0.00011258966 695416.41 6.7019127e-06
50 55 14044024 0.00013534599 922039.59 8.8859405e-06
55 60 16577769 0.00015976437 1177253.1 1.1345501e-05
60 65 19276920 0.0001857768 1461050.5 1.4080532e-05
65 70 22130311 0.00021327568 1779519.4 1.7149702e-05
70 75 25128611 0.00024217111 2120328.9 2.0434173e-05
75 80 28269761 0.00027244319 2475309.3 2.3855213e-05
80 85 31537093 0.00030393134 2863758 2.7598797e-05
85 90 34928759 0.00033661774 3269636.5 3.1510355e-05
90 95 38439005 0.0003704469 3694614 3.5605977e-05
95 100 42053590 0.00040528162 4135290.7 3.9852895e-05
100 105 45763098 0.00044103113 4575410.1 4.4094443e-05
105 110 49569515 0.00047771459 5053282.9 4.869983e-05
110 115 53458424 0.00051519304 5535946.3 5.3351386e-05
115 120 57421423 0.00055338551 6020017 5.8016503e-05
120 125 61450785 0.00059221755 6517811.7 6.2813883e-05
125 130 65550462 0.00063172722 7031152.7 6.7761087e-05
130 135 69704110 0.00067175703 7540936.6 7.267401e-05
135 140 73907249 0.0007122638 8053616.2 7.761484e-05
140 145 78165207 0.00075329887 8547093.3 8.2370609e-05
145 150 82462293 0.00079471103 9036922.4 8.7091222e-05
150 155 86801609 0.00083653017 9487003.8 9.1428777e-05
155 160 91181883 0.00087874403 9923956.4 9.5639805e-05
160 165 95594579 0.00092127036 10337672 9.9626888e-05
165 170 1.0002477e+08 0.00096396527 10703821 0.00010315557
170 175 1.0449384e+08 0.0010070349 11059656 0.00010658484
175 180 1.0897411e+08 0.0010502125 11377415 0.00010964717
180 185 1.1346519e+08 0.0010934942 11681038 0.00011257327
185 190 1.1797493e+08 0.0011369558 11962775 0.00011528844
190 195 1.2247621e+08 0.0011803358 12229101 0.00011785509
195 200 1.2698055e+08 0.0012237453 12441767 0.00011990462
