0 5 50049.347 4.7897549e-07 2537.1288 2.4280487e-08
5 10 339977.11 3.253603e-06 8449.7592 8.0864742e-08
10 15 910769.61 8.716124e-06 17546.517 1.679213e-07
15 20 1755258 1.6797932e-05 29009.565 2.7762341e-07
20 25 2858443 2.7355484e-05 65730.114 6.2904144e-07
25 30 4202975.3 4.0222745e-05 134472.67 1.2869121e-06
30 35 5779241.7 5.5307716e-05 225470.29 2.1577652e-06
35 40 7572529.2 7.2469594e-05 347414.25 3.3247768e-06
40 45 9572633.5 9.1610721e-05 508759.2 4.8688584e-06
45 50 11767039 0.00011261133 699460.4 6.6938812e-06
50 55 14145559 0.00013537391 927400.89 8.8752865e-06
55 60 16697851 0.00015979951 1184080.1 1.1331723e-05
60 65 19416809 0.00018582012 1469511.4 1.4063319e-05
65 70 22291200 0.00021332823 1789807.7 1.7128575e-05
70 75 25311621 0.00024223385 2132574.2 2.0408873e-05
75 80 28475998 0.00027251714 2489549.1 2.3825146e-05
80 85 31767560 0.0003040176 2880209.3 2.756379e-05
85 90 35184433 0.0003367173 3288365.7 3.1469872e-05
90 95 38720842 0.00037056096 3715706.4 3.555955e-05
95 100 42362434 0.00040541124 4158801.4 3.9799998e-05
100 105 46099736 0.00044117745 4601256.6 4.4034324e-05
105 110 49934747 0.00047787875 5081698.7 4.8632185e-05
110 115 53852948 0.0005153762 5566883 5.3275431e-05
115 120 57845892 0.00055358893 6053416 5.7931583e-05
120 125 61905761 0.00059244214 6553753.7 6.2719847e-05
125 130 66036571 0.00063197426 7069660.2 6.7657105e-05
130 135 70221835 0.0006720275 7581969.1 7.2559934e-05
135 140 74457046 0.00071255874 8097163 7.7490373e-05
140 145 78747570 0.00075361934 8592989 8.223546e-05
145 150 83077579 0.0007950578 9085125.8 8.6945242e-05
150 155 87450202 0.00083690408 9537216.9 9.1271783e-05
155 160 91864144 0.0008791458 9976108.9 9.5472007e-05
160 165 96310807 0.00092170065 10391618 9.9448453e-05
165 170 1.0077515e+08 0.00096442473 10759229 0.00010296652
170 175 1.0527872e+08 0.0010075241 11116491 0.00010638554
175 180 1.0979363e+08 0.0010507322 11435358 0.00010943712
180 185 1.1431947e+08 0.0010940447 11740039 0.00011235293
185 190 1.1886416e+08 0.0011375377 12022660 0.00011505763
190 195 1.2340039e+08 0.0011809497 12289727 0.00011761348
195 200 1.2793974e+08 0.0012243916 12502795 0.00011965256
