0 5 49590.515 4.788828e-07 2512.7924 2.4265387e-08
5 10 336858.32 3.2529538e-06 8375.5201 8.0880235e-08
10 15 902397.27 8.7142174e-06 17413.258 1.6815533e-07
15 20 1739084.4 1.6793889e-05 28825.14 2.7835694e-07
20 25 2832036.7 2.7348247e-05 65304.19 6.306257e-07
25 30 4164039 4.0211049e-05 133583.55 1.2899818e-06
30 35 5725539.5 5.5290056e-05 224007.02 2.1631779e-06
35 40 7501955.7 7.244445e-05 345183.33 3.3333463e-06
40 45 9483134.7 9.1576184e-05 505459.39 4.8810908e-06
45 50 11656677 0.00011256552 694954.17 6.710993e-06
50 55 14012477 0.00013531487 921427.32 8.8979857e-06
55 60 16540275 0.00015972516 1176491.8 1.1361077e-05
60 65 19233032 0.00018572843 1460118.9 1.4099992e-05
65 70 22079599 0.00021321699 1778403.7 1.7173585e-05
70 75 25070669 0.00024210098 2119014.3 2.0462774e-05
75 80 28204183 0.00027236051 2473836.8 2.3889203e-05
80 85 31463496 0.00030383485 2862080.3 2.7638371e-05
85 90 34846777 0.00033650633 3267781.1 3.1556118e-05
90 95 38348258 0.00037031923 3692597.1 3.5658457e-05
95 100 41953746 0.00040513649 4133142.2 3.9912687e-05
100 105 45653831 0.00044086726 4573219.1 4.4162396e-05
105 110 49450496 0.00047753068 5051008.6 4.8776286e-05
110 115 53329354 0.0005149878 5533670.9 5.3437231e-05
115 120 57282005 0.00055315753 6017814.1 5.8112477e-05
120 125 61300777 0.00059196578 6515671.3 6.2920155e-05
125 130 65389573 0.00063145022 7029140.3 6.7878593e-05
130 135 69532119 0.00067145372 7539076.8 7.2802919e-05
135 140 73723932 0.00071193298 8051938 7.7755486e-05
140 145 77970331 0.00075293936 8545669.3 8.2523322e-05
145 150 82255691 0.00079432197 9035777.3 8.7256169e-05
150 155 86583095 0.00083611059 9486239.1 9.1606162e-05
155 160 90951292 0.00087829314 9923574 9.5829392e-05
160 165 95351768 0.00092078741 10337699 9.9828486e-05
165 170 99769628 0.00096344954 10704352 0.00010336916
170 175 1.0422622e+08 0.0010064857 11060667 0.00010681
175 180 1.0869391e+08 0.001049629 11379043 0.00010988448
180 185 1.1317234e+08 0.0010928761 11683255 0.00011282218
185 190 1.1766932e+08 0.0011363023 11965649 0.00011554918
190 195 1.2215781e+08 0.0011796464 12232700 0.00011812802
195 200 1.2664928e+08 0.0012230194 12446159 0.00012018934
