0 5 49886.775 4.7900984e-07 2529.2749 2.4285947e-08
5 10 338873.52 3.2538433e-06 8421.1526 8.0859405e-08
10 15 907819.4 8.7168278e-06 17479.596 1.6783804e-07
15 20 1749586 1.679942e-05 28886.016 2.7736181e-07
20 25 2849230.5 2.7358141e-05 65453.073 6.2847651e-07
25 30 4189468.7 4.0227029e-05 133912.28 1.2858177e-06
30 35 5760728.4 5.5314171e-05 224520.78 2.1558352e-06
35 40 7548346 7.2478768e-05 345942.66 3.3217208e-06
40 45 9542165.4 9.1623303e-05 506615.98 4.8644965e-06
45 50 11729712 0.00011262799 696502.88 6.6877791e-06
50 55 14100834 0.00013539536 923479.15 8.8671918e-06
55 60 16645229 0.0001598265 1179059.1 1.1321255e-05
60 65 19355814 0.00018585337 1463270.9 1.405024e-05
65 70 22221399 0.00021336854 1782194.3 1.7112524e-05
70 75 25232606 0.00024228197 2123492.7 2.038965e-05
75 80 28387371 0.00027257384 2478905.2 2.38023e-05
80 85 31668986 0.00030408372 2867877.6 2.753719e-05
85 90 35075576 0.00033679359 3274245.6 3.1439111e-05
90 95 38601400 0.00037064834 3699697.2 3.5524272e-05
95 100 42232142 0.00040551051 4140809.1 3.9759802e-05
100 105 45958366 0.00044128949 4581223.7 4.3988637e-05
105 110 49782066 0.00047800443 5059475.2 4.8580779e-05
110 115 53688771 0.00051551638 5542390.8 5.3217706e-05
115 120 57670071 0.00055374459 6026598.8 5.7867043e-05
120 125 61718148 0.00059261398 6524553.7 6.2648376e-05
125 130 65837031 0.00063216324 7037960.1 6.7578074e-05
130 135 70010263 0.00067223438 7547769 7.2473228e-05
135 140 74233361 0.00071278431 8060429.8 7.7395766e-05
140 145 78511672 0.00075386439 8553763.8 8.213273e-05
145 150 82829397 0.00079532293 9043409.2 8.6834276e-05
150 155 87189663 0.00083718994 9493127.2 9.1152442e-05
155 160 91591166 0.00087945292 9929706.5 9.534445e-05
160 165 96025335 0.00092202954 10342994 9.9312808e-05
165 170 1.0047718e+08 0.00096477588 10708544 0.0001028228
170 175 1.0496816e+08 0.001007898 11063808 0.00010623402
175 180 1.0947051e+08 0.0010511293 11380764 0.00010927742
180 185 1.1398377e+08 0.0010944654 11683619 0.00011218542
185 190 1.1851588e+08 0.0011379824 11964473 0.00011488215
190 195 1.2303958e+08 0.0011814187 12229797 0.00011742978
195 200 1.2756644e+08 0.0012248853 12441330 0.00011946091
