0 5 50184.719 4.790935e-07 2545.3008 2.4298971e-08
5 10 340899.13 3.254428e-06 8468.6925 8.0847229e-08
10 15 913260.72 8.7185358e-06 17560.417 1.6764229e-07
15 20 1760105.3 1.6803023e-05 28988.901 2.7674547e-07
20 25 2866419.1 2.736456e-05 65693.086 6.2714569e-07
25 30 4214835.9 4.0237358e-05 134418.5 1.2832398e-06
30 35 5795749.2 5.5329706e-05 225346.01 2.1512885e-06
35 40 7594411.3 7.2500816e-05 347193.87 3.3145214e-06
40 45 9600641.9 9.1653499e-05 508476.36 4.854221e-06
45 50 11801891 0.00011266794 699034.51 6.6734036e-06
50 55 14187954 0.00013544674 926834.81 8.8481222e-06
55 60 16748482 0.00015989108 1183310.5 1.1296593e-05
60 65 19476345 0.00018593289 1468525.6 1.4019428e-05
65 70 22360301 0.00021346488 1788563.9 1.7074706e-05
70 75 25390911 0.0002423969 2131057.9 2.034436e-05
75 80 28566101 0.00027270918 2487636.3 2.3748472e-05
80 85 31869087 0.00030424147 2877937 2.7474516e-05
85 90 35297958 0.00033697553 3285633.3 3.136663e-05
90 95 38846983 0.00037085665 3712436.1 3.5441147e-05
95 100 42501732 0.00040574708 4154890.8 3.9665085e-05
100 105 46252734 0.0004415564 4596502.5 4.3880976e-05
105 110 50101994 0.00047830375 5076113.8 4.8459634e-05
110 115 54034956 0.00051585017 5560268.6 5.3081666e-05
115 120 58043182 0.00055411511 6045599.9 5.7714931e-05
120 125 62118748 0.00059302291 6544729.5 6.2479922e-05
125 130 66265771 0.00063261288 7059244.3 6.739179e-05
130 135 70467643 0.00067272648 7570112.6 7.2268846e-05
135 140 74719867 0.00071332077 8083793.5 7.7172752e-05
140 145 79027822 0.0007544471 8577980.4 8.1890558e-05
145 150 83375565 0.00079595326 9068429.4 8.6572679e-05
150 155 87766256 0.00083786944 9518684.9 9.0871088e-05
155 160 92198557 0.00088018285 9955764.7 9.5043715e-05
160 165 96663840 0.00092281112 10369449 9.8992992e-05
165 170 1.0114702e+08 0.00096561025 10735122 0.00010248393
170 175 1.0566968e+08 0.0010087862 11090519 0.00010587676
175 180 1.102039e+08 0.0010520727 11407291 0.00010890086
180 185 1.1474917e+08 0.0010954646 11709969 0.00011179041
185 190 1.1931351e+08 0.0011390385 11990481 0.00011446834
190 195 1.2386949e+08 0.0011825326 12255312 0.00011699657
195 200 1.2842873e+08 0.0012260579 12466106 0.00011900894
