0 5 50176.026 4.7909636e-07 2544.8906 2.429941e-08
5 10 340840.13 3.254448e-06 8467.1334 8.0846833e-08
10 15 913103.16 8.718594e-06 17556.587 1.6763578e-07
15 20 1759802.7 1.6803146e-05 28981.553 2.7672491e-07
20 25 2865928.3 2.7364778e-05 65676.665 6.271013e-07
25 30 4214117.3 4.0237708e-05 134385.41 1.2831538e-06
30 35 5794765.7 5.5330232e-05 225289.74 2.1511368e-06
35 40 7593128.6 7.2501562e-05 347106.5 3.3142812e-06
40 45 9599028.4 9.1654519e-05 508349.35 4.8538783e-06
45 50 11799917 0.00011266929 698859.03 6.6729242e-06
50 55 14185594 0.00013544848 926602.11 8.8474862e-06
55 60 16745709 0.00015989326 1183012.3 1.1295771e-05
60 65 19473135 0.00018593557 1468154.8 1.4018401e-05
65 70 22356635 0.00021346813 1788111.3 1.7073445e-05
70 75 25386767 0.00024240077 2130517.8 2.0342849e-05
75 80 28561460 0.00027271373 2487002.5 2.3746676e-05
80 85 31863933 0.00030424678 2877202.3 2.7472426e-05
85 90 35292274 0.00033698165 3284791.3 3.1364213e-05
90 95 38840756 0.00037086366 3711480.4 3.5438374e-05
95 100 42494949 0.00040575504 4153815.3 3.9661925e-05
100 105 46245385 0.00044156538 4595302.7 4.3877385e-05
105 110 50094069 0.00047831381 5074780.9 4.8455592e-05
110 115 54026448 0.00051586139 5558796.9 5.3077128e-05
115 120 58034085 0.00055412756 6043985 5.7709856e-05
120 125 62109056 0.00059303665 6542968.1 6.2474302e-05
125 130 66255478 0.00063262799 7057328.3 6.7385574e-05
130 135 70456746 0.00067274301 7568041.9 7.2262026e-05
135 140 74708364 0.00071333878 8081565.5 7.7165311e-05
140 145 79015710 0.00075446667 8575597 8.1882477e-05
145 150 83362840 0.00079597442 9065890.1 8.6563949e-05
150 155 87752917 0.00083789225 9515995.9 9.0861699e-05
155 160 92184602 0.00088020736 9952929.6 9.5033679e-05
160 165 96649265 0.00092283735 10366473 9.8982319e-05
165 170 1.0113183e+08 0.00096563825 10732014 0.00010247262
170 175 1.0565386e+08 0.0010088161 11087283 0.00010586484
175 180 1.1018747e+08 0.0010521044 11403931 0.00010888829
180 185 1.1473212e+08 0.0010954981 11706490 0.00011177722
185 190 1.1929584e+08 0.0011390739 11986886 0.00011445453
190 195 1.238512e+08 0.0011825699 12251601 0.00011698211
195 200 1.2840984e+08 0.0012260972 12462292 0.00011899386
