0 5 49924.169 4.7898589e-07 2530.9013 2.4282147e-08
5 10 339127.02 3.2536757e-06 8428.2719 8.0863104e-08
10 15 908494.19 8.7163372e-06 17499.605 1.6789591e-07
15 20 1750876.9 1.6798383e-05 28928.07 2.7754367e-07
20 25 2851315.8 2.735629e-05 65546.345 6.2886924e-07
25 30 4192507.7 4.0224044e-05 134098.66 1.2865785e-06
30 35 5764866.3 5.5309675e-05 224840.16 2.1571769e-06
35 40 7553715.9 7.2472379e-05 346440.72 3.3238453e-06
40 45 9548882.3 9.1614542e-05 507337.14 4.8675288e-06
45 50 11737882 0.00011261639 697501.97 6.6920212e-06
50 55 14110552 0.00013538043 924804.12 8.8728191e-06
55 60 16656581 0.00015980771 1180760.4 1.1328532e-05
60 65 19368879 0.00018583022 1465388.6 1.4059332e-05
65 70 22236242 0.00021334048 1784782.5 1.7123683e-05
70 75 25249291 0.00024224848 2126583.5 2.0403014e-05
75 80 28405957 0.00027253438 2482542.8 2.3818182e-05
80 85 31689514 0.0003040377 2872098.2 2.7555682e-05
85 90 35098089 0.00033674049 3279092.7 3.1460496e-05
90 95 38625929 0.00037058753 3705211.8 3.5548797e-05
95 100 42258711 0.00040544142 4147032.8 3.9787746e-05
100 105 45986989 0.00044121152 4588197.4 4.4020398e-05
105 110 49812758 0.00047791698 5067245.8 4.8616517e-05
110 115 53721535 0.00051541883 5551005.4 5.3257837e-05
115 120 57704896 0.00055363627 6036094.5 5.7911912e-05
120 125 61755037 0.00059249441 6534949.8 6.2698063e-05
125 130 65875970 0.00063203174 7049314.6 6.7633018e-05
130 135 70051243 0.00067209043 7560087.3 7.2533508e-05
135 140 74276362 0.00071262736 8073730.5 7.7461539e-05
140 145 78556681 0.00075369389 8568047.7 8.220415e-05
145 150 82876403 0.00079513846 9058681.4 8.6911422e-05
150 155 87238652 0.00083699106 9509366 9.1235411e-05
155 160 91642134 0.00087923924 9946889.7 9.5433131e-05
160 165 96078270 0.00092180072 10361093 9.9407113e-05
165 170 1.0053206e+08 0.00096453157 10727521 0.00010292272
170 175 1.0502498e+08 0.0010076379 11083634 0.00010633936
175 180 1.0952925e+08 0.001050853 11401437 0.00010938845
180 185 1.1404441e+08 0.0010941727 11705101 0.00011230188
185 190 1.185784e+08 0.001137673 11986756 0.00011500416
190 195 1.2310396e+08 0.0011810924 12252888 0.0001175575
195 200 1.2763264e+08 0.0012245418 12465166 0.00011959415
