0 5 49214.034 4.7938259e-07 2498.9302 2.4341505e-08
5 10 334310.74 3.2564441e-06 8296.3214 8.081256e-08
10 15 895656.68 8.7243859e-06 17147.437 1.6702924e-07
15 20 1726278.8 1.6815285e-05 28211.614 2.7480285e-07
20 25 2811510.7 2.738628e-05 63953.11 6.2295255e-07
25 30 4134387.7 4.027212e-05 130905.55 1.2751208e-06
30 35 5685560.2 5.5381735e-05 219383.39 2.1369631e-06
35 40 7450577.4 7.2574362e-05 337943.87 3.2918336e-06
40 45 9419568.1 9.1753848e-05 495016.9 4.8218459e-06
45 50 11580222 0.00011280028 680449.74 6.6281046e-06
50 55 13922562 0.00013561648 902190.59 8.7880312e-06
55 60 16436475 0.00016010392 1151744 1.1218873e-05
60 65 19114960 0.00018619443 1429283.5 1.3922322e-05
65 70 21947048 0.00021378115 1740674.8 1.6955514e-05
70 75 24923451 0.00024277361 2073923.5 2.0201612e-05
75 80 28042150 0.00027315214 2420629.1 2.3578792e-05
80 85 31286757 0.00030475711 2800286.3 2.7276945e-05
85 90 34655327 0.00033756958 3196679.7 3.1138122e-05
90 95 38142370 0.00037153606 3611526.7 3.5179052e-05
95 100 41733653 0.00040651792 4041405.9 3.9366406e-05
100 105 45419950 0.00044242529 4470018.4 4.3541422e-05
105 110 49203225 0.00047927731 4935698.6 4.8077506e-05
110 115 53069209 0.00051693497 5405372.4 5.265249e-05
115 120 57009702 0.00055531841 5875815.6 5.723497e-05
120 125 61016740 0.00059435004 6359695 6.1948328e-05
125 130 65094560 0.00063407115 6858168.6 6.6803844e-05
130 135 69226712 0.00067432149 7352980.9 7.1623697e-05
135 140 73408831 0.00071505855 7850375.8 7.6468707e-05
140 145 77646190 0.00075633369 8328493.1 8.1125938e-05
145 150 81922994 0.00079799306 8802859.7 8.5746634e-05
150 155 86242395 0.00084006735 9237724.3 8.9982549e-05
155 160 90602994 0.00088254294 9659797.3 9.4093866e-05
160 165 94996309 0.00092533722 10059038 9.7982776e-05
165 170 99407542 0.00096830602 10411231 0.00010141341
170 175 1.0385782e+08 0.0010116551 10753569 0.00010474804
175 180 1.0831986e+08 0.0010551188 11057752 0.00010771102
180 185 1.1279291e+08 0.0010986898 11348399 0.00011054215
185 190 1.1728503e+08 0.0011424465 11617208 0.00011316055
190 195 1.2176923e+08 0.0011861261 11870452 0.00011562734
195 200 1.2625693e+08 0.0012298397 12070942 0.00011758027
