2.5 11.225663 0.2388539
7.5 1.6175026 -0.037554014
12.5 0.39413033 -0.050078972
17.5 0.0056574063 -0.033581703
22.5 -0.13156039 -0.037502827
27.5 -0.14194094 -0.037053511
32.5 -0.034875757 -0.026941992
37.5 0.032094895 -0.015651477
42.5 0.026925916 -0.010764554
47.5 0.018979108 -0.010280025
52.5 0.015173627 -0.0029650921
57.5 0.0078532458 -0.002468533
62.5 0.0043447603 -0.00090244515
67.5 0.0011506303 -0.0021528217
72.5 0.0022784711 -0.0022560041
77.5 0.0020696797 -0.0027798349
82.5 0.0030778769 -0.0042249285
87.5 0.0010730295 -0.0052349369
92.5 0.0009857923 -0.0054285959
97.5 0.00056142236 -0.003595782
102.5 0.00042785822 -0.0022411639
107.5 0.00054616095 -0.0029782338
112.5 0.00082581765 -0.0019725504
117.5 0.00075287616 -0.0017239735
122.5 0.00062352251 -0.0017205454
127.5 -0.0001656825 -0.0037692195
132.5 4.6261999e-05 -0.0051663659
137.5 -0.00068720427 -0.0037375966
142.5 0.00027787918 -0.0014117924
147.5 -0.00012778338 0.00038989135
152.5 0.0005350984 -0.00010515596
157.5 0.00061612951 -0.0011397005
162.5 -0.0004750868 -0.0016557306
167.5 -5.5129488e-05 -0.0012464968
172.5 0.00026350893 -0.0013673704
177.5 0.00016019928 -0.0013591099
182.5 -0.00034978123 -0.0022340138
187.5 4.1000408e-06 -0.00074837032
192.5 -6.7488563e-05 -0.0013656111
197.5 -0.00030959037 -6.7726914e-05
