2.5 11.088432 -0.064882402
7.5 1.6106398 -0.091619823
12.5 0.39082449 -0.074717347
17.5 0.0061661975 -0.057882648
22.5 -0.13032134 -0.053912924
27.5 -0.13747621 -0.050742726
32.5 -0.038323688 -0.035395365
37.5 0.028644687 -0.0090000485
42.5 0.028494102 -0.0042236178
47.5 0.021661669 -0.0024123271
52.5 0.01490181 -0.0017562055
57.5 0.0083663855 -0.0044943532
62.5 0.0048147762 -0.0046907007
67.5 0.0031729513 -0.010634861
72.5 0.0010805215 -0.0042985247
77.5 0.00095020809 -0.0047642053
82.5 0.00039335419 -0.006015291
87.5 0.00097577219 -0.0045545649
92.5 0.001410462 -0.0026525186
97.5 0.00057773088 -0.0018121255
102.5 0.00049117851 -0.0041197797
107.5 0.0013624393 -0.0040930224
112.5 0.00093420518 -0.0058238778
117.5 0.00046527946 -0.0055979258
122.5 7.6536813e-05 -0.0050383685
127.5 0.00038540345 -0.0042309879
132.5 0.00046952713 -0.0024542008
137.5 -6.1640928e-05 -0.0010857425
142.5 0.00012014063 -0.001747828
147.5 -0.00019724479 -0.0031724091
152.5 -0.00063265291 -0.0018664939
157.5 -0.00037316797 -0.0026801029
162.5 2.3161716e-05 -0.0013290186
167.5 0.0003131063 -0.0015257308
172.5 0.00028808578 -0.00033213404
177.5 -0.00021652539 -0.00081447041
182.5 -0.00042108975 -0.0004386059
187.5 7.7396166e-05 -0.00087194842
192.5 -0.00016991946 -8.6906363e-05
197.5 -0.0004362377 -0.00064262486
