2.5 11.163321 0.094222703
7.5 1.6122313 -0.056561538
12.5 0.38713094 -0.038371666
17.5 -9.5063459e-05 -0.029149627
22.5 -0.1328702 -0.038075824
27.5 -0.13783492 -0.041359701
32.5 -0.033853016 -0.031048977
37.5 0.031401758 -0.011776502
42.5 0.029873835 -0.00022408753
47.5 0.018421497 0.0051937917
52.5 0.011633262 0.0022047283
57.5 0.0064796592 -0.0024291549
62.5 0.0026224338 -0.0044123596
67.5 0.0021397396 -0.0019164871
72.5 0.0024024644 -0.0057620069
77.5 0.0026321433 -0.0043448663
82.5 0.0020895568 -0.0048145741
87.5 0.00081826899 -0.005657244
92.5 -0.00064722671 -0.0044958393
97.5 0.00061357287 -0.0042455461
102.5 0.00076467425 -0.0015044702
107.5 0.0013515176 -0.0022176383
112.5 3.869922e-05 -0.0058874662
117.5 0.00085967774 -0.0046557846
122.5 0.00066709374 -0.0047748054
127.5 0.00017391011 -0.0035468723
132.5 -0.00037597966 -0.0021506794
137.5 -0.00015764493 -0.0039542894
142.5 -0.00095666554 -0.0045610456
147.5 -9.4231955e-05 -0.0037385213
152.5 0.000144683 -0.0027934074
157.5 8.2134116e-05 -0.0027123086
162.5 -0.00033686197 -0.00074654046
167.5 0.00017448455 -0.0008903187
172.5 0.00069371048 -0.00073117233
177.5 0.0008902117 -0.0016098155
182.5 0.00042062392 -0.001054314
187.5 -0.00013992325 -0.0017319347
192.5 0.00029758468 -0.0010365934
197.5 0.00078768968 -0.0018072684
