2.5 11.226627 -0.13600064
7.5 1.6491122 -0.11382795
12.5 0.40362105 -0.074429489
17.5 0.0051750295 -0.048409288
22.5 -0.13382526 -0.04866506
27.5 -0.13983595 -0.056660876
32.5 -0.037922506 -0.038997052
37.5 0.029093834 -0.022150586
42.5 0.027204623 -0.0048021054
47.5 0.019214588 0.0057459835
52.5 0.01343923 -0.0019731116
57.5 0.0074785104 -0.0010137291
62.5 0.0057659358 -0.0043695955
67.5 0.0033962033 -0.0068939645
72.5 0.001333192 -0.0068919863
77.5 0.00053434034 -0.0057908743
82.5 0.00065966986 -0.0042105449
87.5 0.00051436603 -0.0023409565
92.5 0.0016427715 0.00089706846
97.5 0.0016211225 -0.0017127034
102.5 0.0014370306 -0.0028963636
107.5 0.00099089294 -0.0043347935
112.5 0.0012333259 -0.0062139615
117.5 -2.5330831e-05 -0.0079326087
122.5 -0.0001230109 -0.0057145123
127.5 0.00016501767 -0.0028991816
132.5 0.00033909455 -0.0019247589
137.5 0.00067124881 -0.002208569
142.5 0.00071301474 -0.0038938433
147.5 0.00047915537 -0.0035218695
152.5 0.0003230318 -0.0023077044
157.5 -0.00028050102 -0.0027593079
162.5 -0.00014855276 -0.0033482844
167.5 0.00025481812 -0.0036004133
172.5 0.00027113441 -0.0011856439
177.5 0.00083265029 -0.00057597772
182.5 0.00066646102 -0.0009010346
187.5 0.00091271703 -0.0013128671
192.5 0.00019889836 -0.0014067345
197.5 2.7599041e-06 -0.0015145189
