2.5 11.251827 -0.026388963
7.5 1.6335086 -0.077671949
12.5 0.39017372 -0.056320684
17.5 -0.003337264 -0.043495821
22.5 -0.13599945 -0.038880734
27.5 -0.14070941 -0.044482767
32.5 -0.036860696 -0.039130078
37.5 0.031834867 -0.014028802
42.5 0.031095913 -0.0075984113
47.5 0.022092644 0.00010792883
52.5 0.01459351 0.0022115674
57.5 0.010723513 -0.0020022798
62.5 0.0066461113 -0.0039817939
67.5 0.0039697686 -0.0063020395
72.5 0.0018274222 -0.0061578344
77.5 0.0011789832 -0.0045251823
82.5 0.0014411404 -0.0031086907
87.5 0.0015875546 -0.0053953766
92.5 0.0013300839 -0.0050378319
97.5 0.0022660279 -0.0048743511
102.5 2.4967891e-05 -0.0043693868
107.5 -0.00029484455 -0.0028061052
112.5 0.00066797659 -0.0067026047
117.5 0.001263916 -0.0082332987
122.5 0.00085445218 -0.005342824
127.5 0.00065048144 -0.0040165244
132.5 0.0011703894 -0.0019738119
137.5 0.00048921032 -0.0023814274
142.5 0.00010712811 -0.0045821375
147.5 0.00012888127 -0.0057925192
152.5 -4.1956082e-05 -0.0051111939
157.5 -0.00012311438 -0.0052577238
162.5 -0.000610086 -0.0047420576
167.5 0.0005225698 -0.0030926377
172.5 0.00029437168 -0.0029242618
177.5 0.00082708811 -0.0037469258
182.5 0.0001909542 -0.0033167016
187.5 -1.479558e-05 -0.0034546845
192.5 1.5140286e-05 -0.0023468746
197.5 -0.00038090143 -0.001268329
