2.5 11.261437 0.10398685
7.5 1.6514079 -0.11109485
12.5 0.39817095 -0.076351016
17.5 0.003754875 -0.061195052
22.5 -0.13581906 -0.05946932
27.5 -0.14057709 -0.060750863
32.5 -0.039005679 -0.034987164
37.5 0.029587729 -0.011355874
42.5 0.029654142 0.0030928886
47.5 0.020308723 -0.0029035428
52.5 0.014412235 7.1674206e-05
57.5 0.0064578548 -0.0018877217
62.5 0.0040670265 -0.0081150549
67.5 0.0035836602 -0.005704653
72.5 0.0040257987 -0.0077518429
77.5 0.0023192852 -0.0055790025
82.5 0.0019579302 -0.0038030091
87.5 0.0014808919 -0.0046084757
92.5 0.00068530263 -0.0075185136
97.5 0.0011901425 -0.0043703669
102.5 0.0014363433 -0.0050467091
107.5 0.00081491779 -0.004701215
112.5 -0.00042954731 -0.0052288082
117.5 -0.00043961981 -0.0055242491
122.5 -0.00096502589 -0.0046303117
127.5 -0.00051125053 -0.005148312
132.5 0.00025253818 -0.0031223749
137.5 0.00047071584 -0.0040814878
142.5 -0.00022371408 -0.0042135219
147.5 -0.00043536393 -0.0042382181
152.5 0.00013518754 -0.004900771
157.5 -0.00061817583 -0.002793357
162.5 -0.00057120701 -0.0030915574
167.5 -0.00071803726 -0.0023902063
172.5 -0.00032012516 -0.0029673817
177.5 -0.00011414702 -0.0013983489
182.5 0.0003052879 -0.0018054597
187.5 -0.00044831586 -0.0013821865
192.5 2.099604e-05 -0.0024471979
197.5 -0.00031536286 -0.00078862414
