2.5 11.105395 0.18045449
7.5 1.6270584 -0.057578979
12.5 0.39136245 -0.048969885
17.5 0.001325046 -0.045763785
22.5 -0.13436709 -0.044603545
27.5 -0.14180932 -0.04439653
32.5 -0.038778951 -0.03123832
37.5 0.027754847 -0.016833126
42.5 0.030123685 -0.0056784587
47.5 0.020852837 -7.2877496e-05
52.5 0.012611711 -0.004744389
57.5 0.0067711648 -0.0054676717
62.5 0.005195612 -0.005640488
67.5 0.0025674478 -0.0078894324
72.5 0.0032554832 -0.009404018
77.5 0.0023000879 -0.0058378036
82.5 0.0028832898 -0.00072011485
87.5 0.00092582504 -0.0050855263
92.5 0.00095779 -0.0031315376
97.5 0.00018875639 -4.3798485e-05
102.5 0.0014050937 -0.0033477707
107.5 0.00094819216 -0.0021604713
112.5 0.00039260787 -0.0018370596
117.5 0.00023093272 -0.0034255558
122.5 -3.4219439e-05 -0.0043639116
127.5 -0.00092961379 -0.0048860697
132.5 -0.0003823835 -0.00351568
137.5 0.00036170928 -0.0014869834
142.5 -0.00038009036 -0.0024849069
147.5 -0.00046196624 -0.0049422339
152.5 -0.00076278114 -0.0043960541
157.5 -0.00071338026 -0.0044211984
162.5 -0.00016299341 -0.0020606316
167.5 5.7000626e-06 -0.00163625
172.5 0.00044503008 -0.0016618898
177.5 0.00067760102 -0.0013666867
182.5 -0.00013165626 -0.00048291934
187.5 0.00045203971 -0.0012598522
192.5 -0.00050234821 -0.00033749447
197.5 -2.2210767e-05 -0.0018491239
