2.5 11.310342 0.10747186
7.5 1.6531422 -0.055685348
12.5 0.39841711 -0.065878818
17.5 0.0087569168 -0.050224478
22.5 -0.12908069 -0.054396862
27.5 -0.14039643 -0.053532008
32.5 -0.039910782 -0.037159045
37.5 0.024724561 -0.020973271
42.5 0.025268511 -0.0082070018
47.5 0.019159441 -0.012229357
52.5 0.014245602 -0.012112582
57.5 0.0097426261 -0.0079204104
62.5 0.0032536783 -0.0072959477
67.5 0.0027693365 -0.0047684265
72.5 0.00091604188 -0.0026315326
77.5 0.00090827151 -6.6029257e-05
82.5 0.0015489521 -0.001240062
87.5 0.0024309742 -0.0022541818
92.5 0.0011696192 -0.0013813526
97.5 0.0012158671 -0.0034655137
102.5 0.0010745072 -0.0036553316
107.5 -0.00026738389 -0.0031767068
112.5 -0.00014520624 -0.00357554
117.5 0.00028631479 -0.0044763826
122.5 0.00019654021 -0.0031771338
127.5 -0.00041370669 -0.004269106
132.5 -0.00043359998 -0.0048165224
137.5 -0.00034780476 -0.0036178084
142.5 0.00017822918 -0.0033110373
147.5 0.00049841106 0.0001086122
152.5 0.0004517702 -0.00072198766
157.5 0.00014860897 -7.1468252e-06
162.5 0.0008217682 -0.0017860143
167.5 -0.00052074575 -0.00077684736
172.5 -0.00053507436 -0.0012375512
177.5 -0.000372162 7.5531519e-05
182.5 0.00024057286 -0.0021277728
187.5 -0.00037891903 -0.00070026818
192.5 -0.00053511077 -0.0019863324
197.5 -0.00046291022 -0.0024328923
