2.5 11.12801 -0.14807783
7.5 1.6036136 -0.11341262
12.5 0.3818605 -0.070077679
17.5 0.00059106847 -0.038986056
22.5 -0.13262477 -0.038586013
27.5 -0.13996556 -0.038641563
32.5 -0.040223707 -0.027310883
37.5 0.026377267 -0.011956088
42.5 0.02688648 -0.0093007989
47.5 0.016365877 -0.0069106457
52.5 0.010488412 -0.0038821942
57.5 0.0082799776 0.0010004748
62.5 0.005960569 -0.003031951
67.5 0.0052932865 -0.0046036291
72.5 0.0022302601 -0.0080772204
77.5 0.00099187194 -0.0077420809
82.5 0.00022457922 -0.0057017398
87.5 0.00094124452 -0.0032541645
92.5 -0.00021930132 -0.0052811866
97.5 0.0003445145 -0.0052747753
102.5 0.0015981521 -0.00678569
107.5 0.0014704081 -0.0062769163
112.5 0.0013246781 -0.002947405
117.5 0.0013685174 -0.0016455958
122.5 0.0013008753 -0.0028315061
127.5 -0.00038240476 -0.001494492
132.5 -4.1279282e-06 -5.6175782e-05
137.5 0.00024269222 -0.0018968474
142.5 -0.0007259919 -0.0044675539
147.5 -0.00011188653 -0.0035636804
152.5 0.00080747467 -0.001927108
157.5 -0.00047416298 -0.0028222172
162.5 0.00035491345 -0.0023070818
167.5 0.00026373771 -0.0018172615
172.5 -3.759914e-05 -0.0010877728
177.5 0.00012163791 -0.00013830733
182.5 0.0005750156 -0.00013072416
187.5 0.00046894118 0.00031643882
192.5 -0.00023633165 -0.00011293984
197.5 0.00043551537 -0.00054676058
