2.5 11.15903 -0.24243491
7.5 1.6222873 -0.10925392
12.5 0.38927803 -0.074147489
17.5 0.00083204827 -0.0494209
22.5 -0.13657174 -0.053050339
27.5 -0.14211505 -0.050283409
32.5 -0.03750503 -0.029453917
37.5 0.026145152 -0.0029276836
42.5 0.028426472 0.0018270719
47.5 0.018434964 0.0044347954
52.5 0.012459707 0.0031558282
57.5 0.0082129323 -0.0042239362
62.5 0.005889617 -0.0062725744
67.5 0.0034036194 -0.0075299147
72.5 0.0014727552 -0.0089029567
77.5 0.0011905648 -0.003273661
82.5 0.00051099842 -0.0046624801
87.5 -0.00032632971 -0.0037860263
92.5 -3.6922323e-05 -0.0054308199
97.5 0.00033402556 -0.0049745131
102.5 0.00028577939 -0.0043725022
107.5 -0.00020468023 -0.0051750639
112.5 -0.00014945721 -0.0056195071
117.5 0.000336742 -0.0041114373
122.5 0.00045371839 -0.0012730665
127.5 0.0004474628 -0.0013990257
132.5 -0.00017888994 -0.00091808922
137.5 -0.00095342816 -0.0027225032
142.5 -8.6382284e-05 -0.0029367559
147.5 -2.8452541e-05 -0.0029566119
152.5 0.0010739341 -0.0024769793
157.5 -0.00025068701 -0.002798132
162.5 -0.0010042365 -0.0011851361
167.5 -0.00096577109 -0.0014791631
172.5 -0.00044591674 -0.0010104948
177.5 0.00015248278 -0.00011411321
182.5 0.00018798197 0.00041287047
187.5 -0.0004151442 0.00067155619
192.5 0.00015776261 -0.00089047718
197.5 4.802705e-05 -0.0015984227
