2.5 11.182286 -0.01821364
7.5 1.6203951 -0.095604778
12.5 0.38458154 -0.071101339
17.5 -0.00098167681 -0.054343942
22.5 -0.13286865 -0.05001475
27.5 -0.13962718 -0.047949608
32.5 -0.038217118 -0.034340098
37.5 0.03076027 -0.013047954
42.5 0.030705049 -0.0094184008
47.5 0.020554994 -0.009658591
52.5 0.014783294 -0.0071052947
57.5 0.010551884 -0.0090752053
62.5 0.0068261492 -0.0022700036
67.5 0.0043285535 -0.0013717801
72.5 0.0023009073 -0.0038728356
77.5 0.0015146758 -0.0060404208
82.5 8.8029592e-05 -0.0080472398
87.5 0.00051797193 -0.006338009
92.5 0.00085481924 -0.0048164694
97.5 0.00022566376 -0.002899302
102.5 0.0023118046 -0.0045494097
107.5 0.0021048838 -0.0029052639
112.5 0.00036567138 -0.0035076813
117.5 0.00023245885 -0.0043045668
122.5 0.00047487868 -0.0048546241
127.5 0.00077319946 -0.003533929
132.5 8.3796921e-05 -0.0030693728
137.5 0.00077941662 -0.0033067199
142.5 0.00065952085 -0.0018072528
147.5 0.00065069916 0.00058935199
152.5 0.00078177868 -0.00040800166
157.5 0.00026692432 -0.0016933789
162.5 0.00017794061 -0.0019763064
167.5 9.0902048e-05 -0.0038038181
172.5 -0.00048183421 -0.0028300076
177.5 -0.0001094001 -0.0017043029
182.5 0.00042053524 -0.0015870672
187.5 0.00057819453 -0.0006301793
192.5 2.2451604e-05 -0.00059485163
197.5 0.00029947309 -0.0010443626
