2.5 11.250679 -0.0042924696
7.5 1.6401704 -0.074242828
12.5 0.38675735 -0.068184141
17.5 -0.0054703688 -0.047568614
22.5 -0.13635897 -0.037618738
27.5 -0.13725307 -0.040978843
32.5 -0.034316803 -0.032311401
37.5 0.030331498 -0.016956723
42.5 0.031340055 -0.0060011741
47.5 0.017398602 -0.0072271063
52.5 0.010822521 -0.0047471344
57.5 0.0084488861 -0.00050782161
62.5 0.0061228045 -0.0034920418
67.5 0.005396319 -0.00090140321
72.5 0.0036509302 -0.0031078404
77.5 0.00097183152 -0.006527843
82.5 0.0003306991 -0.0069529095
87.5 -0.00053397383 -0.0061642767
92.5 0.0011223674 -0.0048526637
97.5 0.00074903101 -0.0041062748
102.5 0.00010230957 -0.0013708328
107.5 -0.00057961144 -0.0037441858
112.5 3.495193e-05 -0.0034247142
117.5 -1.5707002e-05 -0.0032407845
122.5 0.00082039929 -0.002429815
127.5 0.00042142376 -0.003187382
132.5 0.0010932518 -0.0051400238
137.5 0.00074346003 -0.0036042844
142.5 -0.00084249641 -0.0052743019
147.5 -0.0012651288 -0.0029844391
152.5 0.00060783762 -0.0016693373
157.5 0.0013252742 -0.0018640236
162.5 0.0012350556 -0.00036992756
167.5 0.00017714929 -0.00051005188
172.5 0.00069021801 -0.00067587081
177.5 0.0004100273 0.00027413167
182.5 0.00038697883 0.00078204132
187.5 -1.2967163e-05 0.00049581513
192.5 0.00065009609 0.0012100698
197.5 4.6132955e-05 0.00017048104
