2.5 11.117674 0.034808748
7.5 1.6110711 -0.069134863
12.5 0.38547556 -0.034406738
17.5 0.0016388004 -0.035698062
22.5 -0.13724838 -0.042431623
27.5 -0.1448923 -0.036511012
32.5 -0.04124095 -0.027483499
37.5 0.026990073 -0.016010001
42.5 0.026666134 -0.0090366354
47.5 0.018321196 -0.0093686227
52.5 0.012578332 -0.0051338457
57.5 0.0067053971 -0.0061238559
62.5 0.0049947984 -0.0050317192
67.5 0.0023239889 -0.0071516073
72.5 0.0017962802 -0.0052601921
77.5 0.0003923218 -0.0074124703
82.5 -0.00040261701 -0.0074730443
87.5 0.00023749441 -0.0056012785
92.5 0.0013194332 -0.0048216857
97.5 0.0026472625 -0.0061737216
102.5 0.00084505972 -0.0029421542
107.5 0.00054131886 -0.0022554015
112.5 9.4476425e-05 -0.0027546533
117.5 0.00011718341 -0.0062749734
122.5 -4.5820734e-05 -0.0058002184
127.5 -0.00019872542 -0.0052943908
132.5 0.00054960263 -0.0034614882
137.5 0.00060806908 -0.0022957518
142.5 -2.4761114e-05 -0.003558048
147.5 9.4153727e-05 -0.0027083776
152.5 0.00037410943 -0.0046062117
157.5 -0.000100916 -0.0036109249
162.5 0.00049360114 -0.00078699284
167.5 0.00034840552 -0.0017234305
172.5 0.00071061266 -0.00099301548
177.5 0.00013034419 -0.00058793617
182.5 -6.9250619e-05 -0.0010806002
187.5 0.00017679479 -0.002275379
192.5 0.00075869629 -0.0016737177
197.5 0.0014555704 -0.00067281038
