2.5 11.063284 -0.013258564
7.5 1.6189177 -0.082504741
12.5 0.38756694 -0.066571067
17.5 -0.0025354825 -0.058817091
22.5 -0.13419492 -0.057568114
27.5 -0.13870129 -0.056616488
32.5 -0.039672636 -0.035991729
37.5 0.025988121 -0.015941863
42.5 0.029530873 -0.005430955
47.5 0.020367348 0.00014678508
52.5 0.014135778 -0.0023082565
57.5 0.008134971 -0.0053260426
62.5 0.0049466559 -0.0053274613
67.5 0.003395457 0.00051763002
72.5 0.0015779951 -0.0014293332
77.5 0.0021762505 -0.0028253831
82.5 0.0013800197 -0.0037895636
87.5 0.001572712 -0.0052772494
92.5 0.00034180586 -0.006006037
97.5 0.00027532149 -0.0049993592
102.5 0.00060706945 -0.0034366225
107.5 0.001854091 -0.0027097606
112.5 0.00065437258 -0.0022797544
117.5 -0.00018032862 -0.0012183815
122.5 0.00032672196 -0.0040130114
127.5 -1.0095946e-05 -0.0043868431
132.5 -0.00014775944 -0.0035970529
137.5 0.00027030655 -0.0032927263
142.5 0.00036033643 -0.0035249279
147.5 0.001040098 -0.00089372729
152.5 0.001018869 -0.00048554646
157.5 0.00082937718 0.0012535445
162.5 -0.00071198747 -0.002025215
167.5 -4.9117389e-05 -0.0023263111
172.5 -0.00017381573 -0.0009225799
177.5 0.00057304951 0.0008455001
182.5 0.00018517124 0.0009009134
187.5 -0.00014563969 -0.00071000796
192.5 0.00025177821 -0.0025951421
197.5 -0.00026176453 -0.0026876152
