2.5 11.224971 0.0084379946
7.5 1.6344501 -0.12308971
12.5 0.39608053 -0.066155246
17.5 -0.002084173 -0.050072701
22.5 -0.13597446 -0.043762724
27.5 -0.14020684 -0.03944606
32.5 -0.039769689 -0.024214152
37.5 0.029207903 -0.01203509
42.5 0.029439779 -0.0068668678
47.5 0.017431684 -0.00023597938
52.5 0.0079414809 -0.0032048179
57.5 0.0069983513 -0.004699348
62.5 0.0042177919 -0.0067955975
67.5 0.0034781996 -0.0057256943
72.5 0.0026146813 -0.0052519739
77.5 0.0005713556 -0.0050685513
82.5 -0.00085897212 -0.003383759
87.5 0.00059985701 -0.0020441078
92.5 -6.1534795e-05 -0.0036166559
97.5 -0.0002046228 -0.0019674691
102.5 0.0011193494 -0.0048709213
107.5 0.0012056296 -0.0038199124
112.5 0.00079318399 -0.0043407343
117.5 0.00032599129 -0.0044668176
122.5 -3.3118893e-05 -0.0045342951
127.5 -8.400285e-05 -0.0028059954
132.5 0.00058398733 -0.003457
137.5 -0.00026752477 -0.0015408962
142.5 0.00033480215 -0.0016429583
147.5 -4.4444993e-05 -0.0010776529
152.5 0.00046129307 -0.0023714341
157.5 -0.00061010254 -0.002121338
162.5 0.00047027859 -0.0023549985
167.5 0.00080201141 -0.00015592904
172.5 0.0010058612 -0.00059432096
177.5 3.210783e-05 -0.0013207228
182.5 0.00025641867 -0.0026916398
187.5 0.00013355883 -0.00012675608
192.5 0.0001067866 0.0011629667
197.5 0.00049816224 0.00074561526
