2.5 11.236236 0.048435833
7.5 1.6253809 -0.043057584
12.5 0.38535779 -0.048814151
17.5 -0.0006147715 -0.043752195
22.5 -0.13526715 -0.036854283
27.5 -0.13949152 -0.035356811
32.5 -0.038279989 -0.018550047
37.5 0.030312408 -0.0080398837
42.5 0.028896359 0.0016925909
47.5 0.020733641 -0.0070574985
52.5 0.013434628 -0.01044619
57.5 0.0090230545 -0.0080654024
62.5 0.0050312001 -0.0075412426
67.5 0.0037457417 -0.0047213784
72.5 0.0028467564 -0.0047720454
77.5 0.0014668741 -0.0051983815
82.5 0.0013348041 -0.0056847117
87.5 0.0008390449 -0.0047870945
92.5 0.00086225861 -0.0044688549
97.5 0.0013443599 -0.0062318005
102.5 0.0003952622 -0.0054509755
107.5 0.0010185467 -0.0084228303
112.5 9.9897897e-06 -0.0091149758
117.5 -0.0012744711 -0.0056350046
122.5 -0.00065642227 -0.002582377
127.5 0.00039746937 -0.0039604186
132.5 0.00051547811 -0.0031093679
137.5 0.00038263497 -0.0030949971
142.5 5.4971215e-05 -0.0039144826
147.5 -0.0001865057 -0.0016503135
152.5 -0.0001906484 -0.0013815567
157.5 0.00025179218 -0.0021216207
162.5 -0.00017341966 -0.0040346526
167.5 -0.00023444638 -0.0011493978
172.5 -0.0002711533 -0.00097155021
177.5 -0.00036681203 -0.0019345748
182.5 0.00040355071 -0.00028154058
187.5 0.0010712286 -0.0014504076
192.5 0.0002149545 -0.0013454036
197.5 -0.00032307145 -0.0018428857
