2.5 11.155136 0.14477655
7.5 1.626003 -0.02977002
12.5 0.37709388 -0.035915674
17.5 -0.00083913285 -0.030220762
22.5 -0.13261583 -0.030358859
27.5 -0.13952995 -0.03146051
32.5 -0.034672017 -0.024886771
37.5 0.032088926 -0.012445955
42.5 0.030665987 -0.0096811466
47.5 0.018870154 -0.0055871234
52.5 0.012375605 -0.0074979339
57.5 0.0080134245 -0.0078490438
62.5 0.0063189764 -0.005250496
67.5 0.0014391713 -0.0049831176
72.5 0.00013269729 -0.0093407143
77.5 -0.00062392365 -0.0065266182
82.5 -0.00042022751 -0.0037168425
87.5 0.0010534659 -0.0035784807
92.5 0.00052735774 -0.003442682
97.5 0.00027771603 -0.0024893993
102.5 0.0005916901 -0.0014814712
107.5 0.00029148734 -0.00055510011
112.5 0.00017287128 -0.0022549136
117.5 7.9112919e-05 -0.003791465
122.5 0.00012229875 -0.0026458577
127.5 3.3850208e-05 -0.0033982902
132.5 -0.00041011184 -0.0024556379
137.5 -0.00016849375 -0.0022953087
142.5 0.0010024872 -0.00088415466
147.5 6.631638e-05 -0.0014094275
152.5 0.00046205663 -0.00072765515
157.5 0.00066178287 -0.0016776762
162.5 0.00029124682 -0.00096459025
167.5 0.00033087931 2.5375337e-05
172.5 6.3056657e-05 -0.00036670528
177.5 -0.00041672755 -0.0026730084
182.5 -0.00057100524 -0.00099914135
187.5 -0.00030760395 -0.00084390673
192.5 4.2177106e-06 -0.0010034443
197.5 0.00028943312 0.00070347496
