2.5 11.169965 0.11323187
7.5 1.6187507 -0.054142898
12.5 0.3955415 -0.064798964
17.5 0.0084467039 -0.055096473
22.5 -0.13057063 -0.048011744
27.5 -0.13853297 -0.045396006
32.5 -0.037629841 -0.03346557
37.5 0.028327268 -0.015181172
42.5 0.026144808 -0.00045320452
47.5 0.018348376 -0.0037627066
52.5 0.012101972 -0.0030147427
57.5 0.0070515907 -0.0051977822
62.5 0.0055163633 -0.0046375419
67.5 0.0029952133 -0.0039219094
72.5 0.0026299541 -0.0078849007
77.5 0.0016400854 -0.0090468157
82.5 0.00043449627 -0.0044213445
87.5 0.00026373194 -0.0040498857
92.5 -0.00015084153 -0.0030259317
97.5 0.00047003915 -0.0030109122
102.5 0.0017702621 -0.00619478
107.5 0.0015223123 -0.0037177529
112.5 0.0011210656 -0.0043990029
117.5 0.00073659271 -0.0033860957
122.5 0.0011408901 -0.0013608721
127.5 -0.00028796636 0.0011331862
132.5 -0.00027984349 -0.0011029783
137.5 -0.00024136663 5.5013335e-05
142.5 -0.00037999324 -0.0018930308
147.5 0.00060223607 -0.002980887
152.5 0.0009711165 -0.0034557228
157.5 0.0012084519 -0.0027467838
162.5 0.0010465161 -0.0007633322
167.5 -0.00039741912 -0.0031837043
172.5 8.4823447e-05 -0.0022548742
177.5 -0.00037007871 -0.0026854375
182.5 -0.00032267575 -0.0026831633
187.5 0.00057794166 -0.0021693237
192.5 7.005425e-05 -0.00074080897
197.5 -0.00012799947 7.5211771e-05
