2.5 11.380103 0.065148248
7.5 1.6662976 -0.073420356
12.5 0.39284212 -0.05371772
17.5 0.0053102509 -0.036686855
22.5 -0.13461103 -0.047956657
27.5 -0.13961652 -0.051924282
32.5 -0.038183642 -0.032519862
37.5 0.031325316 -0.015937786
42.5 0.028761961 -0.0072624297
47.5 0.017334969 -0.0049697993
52.5 0.0098415829 -0.0055581884
57.5 0.0063173782 -0.0062272591
62.5 0.0043413884 -0.0050506433
67.5 0.004178985 -0.0063531726
72.5 0.0025920706 -0.003284712
77.5 0.0012968634 -0.0025983454
82.5 -0.0010216074 -0.0019277618
87.5 -8.0821516e-05 -0.0011268345
92.5 0.0016723674 -0.0010056059
97.5 0.0023029149 -0.0007312654
102.5 0.0016335774 -0.0024100019
107.5 0.0016190375 -0.0010541911
112.5 0.0007021085 -0.0025942256
117.5 -0.00018943869 -0.0047990438
122.5 0.00013173515 -0.0040763804
127.5 0.000539843 -0.0052713498
132.5 0.00054684045 -0.0028344514
137.5 0.0015826515 0.00041127255
142.5 0.00092114082 0.0012562564
147.5 -0.00036879411 0.0022021911
152.5 -0.00042440222 -0.00012399813
157.5 -0.001239294 -0.0011761521
162.5 0.00021289779 -0.0016981691
167.5 0.00012474848 -0.0017000761
172.5 -0.00017100206 -0.0010534278
177.5 -0.00012949367 -0.0021331538
182.5 -0.0004331636 -0.0001392371
187.5 -0.00043891433 -0.0028710201
192.5 6.2538017e-05 -0.0019908715
197.5 -2.9218062e-05 -0.00049917019
