2.5 11.258257 -0.0082583136
7.5 1.6331015 -0.050471272
12.5 0.39344056 -0.048109166
17.5 -0.0027703217 -0.039215332
22.5 -0.13955355 -0.048360313
27.5 -0.14719534 -0.041020858
32.5 -0.039607297 -0.031893398
37.5 0.027809178 -0.011209988
42.5 0.029742683 -0.010859537
47.5 0.018314632 -0.0028461397
52.5 0.011014414 -0.0058747028
57.5 0.0064984355 -0.0075020367
62.5 0.0054154266 -0.00085565519
67.5 0.0033347036 -0.0027899782
72.5 0.0033716614 -0.0038131709
77.5 0.0023348963 -0.0047875024
82.5 0.00211671 -0.0054525974
87.5 0.0004678141 -0.0046190689
92.5 0.00017619612 -0.0026856287
97.5 0.00081439877 -0.0052121229
102.5 0.0007609652 -0.0037206713
107.5 0.0013726373 -0.002780509
112.5 0.00023179444 -0.0011835444
117.5 0.00041021536 -0.0018405667
122.5 0.00048317077 -0.0040905905
127.5 -5.5728212e-05 -0.0049960132
132.5 -0.00029586429 -0.0033176939
137.5 0.00064541177 -0.0032094693
142.5 0.0017372914 -0.0020284568
147.5 0.00093793999 -0.0011281452
152.5 0.0003483076 -0.0016264452
157.5 0.00043574362 -0.00048073436
162.5 -8.7770119e-05 0.0013170234
167.5 -5.3679967e-05 -0.0019687877
172.5 0.00038579185 0.00042214387
177.5 8.5905869e-05 -0.0011407291
182.5 0.00059371747 -0.0013118995
187.5 0.00058678756 -2.0854304e-05
192.5 0.00074213694 -0.00084352745
197.5 0.00031464764 -0.0010605769
