0 5 1390436.6 1.0028063e-06 36549.483 2.6360104e-08
5 10 9424859.4 6.7973678e-06 259961.83 1.8748886e-07
10 15 24853152 1.7924513e-05 1016947.1 7.3343941e-07
15 20 47138525 3.39971e-05 2569874.1 1.8534366e-06
20 25 75809040 5.467476e-05 5087788.1 3.6693987e-06
25 30 1.1037499e+08 7.9604303e-05 8815980.1 6.3582337e-06
30 35 1.5039591e+08 0.00010846807 13977671 1.0080933e-05
35 40 1.9549774e+08 0.00014099627 20550775 1.4821566e-05
40 45 2.4524968e+08 0.00017687821 28694509 2.0694964e-05
45 50 2.9936337e+08 0.00021590592 38301135 2.7623426e-05
50 55 3.5754951e+08 0.00025787074 49479775 3.568565e-05
55 60 4.1954144e+08 0.00030258037 62155791 4.4827806e-05
60 65 4.852141e+08 0.00034994461 76138283 5.4912215e-05
65 70 5.5447864e+08 0.00039989936 91181189 6.5761413e-05
70 75 6.2718147e+08 0.00045233386 1.070194e+08 7.7184198e-05
75 80 7.0302027e+08 0.00050703009 1.2380798e+08 8.9292404e-05
80 85 7.816911e+08 0.00056376882 1.4218736e+08 0.00010254793
85 90 8.6269504e+08 0.00062219023 1.623504e+08 0.00011708985
90 95 9.4582327e+08 0.00068214371 1.846983e+08 0.00013320753
95 100 1.0307229e+09 0.00074337477 2.0910102e+08 0.00015080719
100 105 1.1171918e+09 0.00080573758 2.3566518e+08 0.00016996571
105 110 1.2050439e+09 0.00086909803 2.643163e+08 0.00019062938
110 115 1.2939098e+09 0.00093318962 2.9479154e+08 0.00021260864
115 120 1.3836552e+09 0.00099791552 3.273973e+08 0.00023612446
120 125 1.4740166e+09 0.0010630857 3.6181833e+08 0.00026094949
125 130 1.5648113e+09 0.0011285684 3.9825573e+08 0.00028722875
130 135 1.6559962e+09 0.0011943324 4.3596926e+08 0.00031442839
135 140 1.7476378e+09 0.0012604259 4.7457817e+08 0.00034227379
140 145 1.8397101e+09 0.00132683 5.1422804e+08 0.00037086994
145 150 1.9321289e+09 0.001393484 5.5360758e+08 0.00039927114
150 155 2.0251173e+09 0.0014605488 5.9321967e+08 0.00042784004
155 160 2.1183415e+09 0.0015277837 6.3247985e+08 0.00045615515
160 165 2.2119002e+09 0.0015952597 6.710985e+08 0.00048400757
165 170 2.3056295e+09 0.0016628589 7.0946141e+08 0.00051167555
170 175 2.3994529e+09 0.0017305259 7.4717645e+08 0.00053887628
175 180 2.4933181e+09 0.0017982231 7.8457552e+08 0.00056584912
180 185 2.5869718e+09 0.0018657678 8.2143837e+08 0.00059243522
185 190 2.6803745e+09 0.0019331313 8.5781015e+08 0.00061866716
190 195 2.7736437e+09 0.0020003987 8.9370302e+08 0.00064455371
195 200 2.8664484e+09 0.002067331 9.2919379e+08 0.00067015025
