0 5 1365079.5 1.003748e-06 34914.482 2.5672746e-08
5 10 9233826.2 6.7896661e-06 253439.5 1.8635499e-07
10 15 24371492 1.7920447e-05 989866.08 7.2785214e-07
15 20 46209831 3.3978257e-05 2499787 1.8381025e-06
20 25 74309237 5.4639853e-05 4935795.5 3.6293084e-06
25 30 1.0817103e+08 7.9538555e-05 8614184.3 6.3340411e-06
30 35 1.4737158e+08 0.00010836286 13632800 1.0024248e-05
35 40 1.9153454e+08 0.00014083604 20062928 1.4752344e-05
40 45 2.4029714e+08 0.00017669137 27973379 2.0568928e-05
45 50 2.9332913e+08 0.00021568598 37586091 2.763719e-05
50 55 3.5033586e+08 0.00025760324 48558678 3.5705373e-05
55 60 4.110936e+08 0.00030227862 61040941 4.4883626e-05
60 65 4.7543345e+08 0.00034958795 74817839 5.501383e-05
65 70 5.4326145e+08 0.00039946213 89321949 6.5678755e-05
70 75 6.1452351e+08 0.00045186138 1.0471277e+08 7.6995684e-05
75 80 6.888767e+08 0.00050653355 1.2123131e+08 8.9141827e-05
80 85 7.6598113e+08 0.00056322872 1.3917015e+08 0.00010233232
85 90 8.454659e+08 0.00062167416 1.5881237e+08 0.00011677531
90 95 9.2693697e+08 0.00068158013 1.8041842e+08 0.00013266232
95 100 1.0102624e+09 0.00074284965 2.0419091e+08 0.00015014232
100 105 1.0951137e+09 0.0008052411 2.2988339e+08 0.00016903409
105 110 1.1812189e+09 0.00086855453 2.576026e+08 0.00018941613
110 115 1.2684787e+09 0.00093271704 2.8731064e+08 0.00021126056
115 120 1.3565413e+09 0.00099746976 3.1891227e+08 0.00023449735
120 125 1.4452804e+09 0.0010627199 3.5240467e+08 0.00025912444
125 130 1.5344563e+09 0.0011282913 3.8732517e+08 0.00028480161
130 135 1.6240703e+09 0.0011941848 4.236582e+08 0.00031151742
135 140 1.7141094e+09 0.0012603909 4.6097453e+08 0.00033895625
140 145 1.8045625e+09 0.0013269014 4.9895636e+08 0.00036688443
145 150 1.8954884e+09 0.0013937596 5.3686209e+08 0.00039475665
150 155 1.9868509e+09 0.0014609387 5.7495975e+08 0.00042277
155 160 2.0786896e+09 0.001528468 6.1268083e+08 0.00045050645
160 165 2.1707431e+09 0.0015961553 6.4967596e+08 0.0004777091
165 170 2.2630467e+09 0.0016640265 6.8613211e+08 0.00050451544
170 175 2.3554261e+09 0.0017319534 7.222534e+08 0.00053107556
175 180 2.4478192e+09 0.0017998904 7.5821795e+08 0.00055752042
180 185 2.5400155e+09 0.0018676826 7.9366865e+08 0.00058358745
185 190 2.6321e+09 0.0019353927 8.2922181e+08 0.00060972982
190 195 2.7239804e+09 0.0020029527 8.6393741e+08 0.00063525633
195 200 2.8155114e+09 0.0020702558 8.9834275e+08 0.0006605547
