0 5 116704 9.4687467e-07 3728.6453 3.025226e-08
5 10 803048 6.5155077e-06 19519.96 1.5837466e-07
10 15 2142711 1.7384826e-05 43258.774 3.5097886e-07
15 20 4112494 3.3366606e-05 98433.31 7.9863593e-07
20 25 6676000 5.4165541e-05 254585.65 2.0655736e-06
25 30 9764271 7.9222142e-05 531258.29 4.3103494e-06
30 35 13326836 0.00010812691 902764.91 7.324558e-06
35 40 17343364 0.0001407149 1399688.4 1.1356333e-05
40 45 21759599 0.0001765459 2036547.5 1.6523471e-05
45 50 26553057 0.00021543749 2813494.7 2.2827211e-05
50 55 31709018 0.00025727024 3730036.3 3.0263546e-05
55 60 37160450 0.00030150028 4794850.9 3.890289e-05
60 65 42882774 0.0003479282 6014277.2 4.8796671e-05
65 70 48890436 0.0003966712 7307209.9 5.9286845e-05
70 75 55107595 0.00044711394 8755419.6 7.1036854e-05
75 80 61586440 0.00049967987 10279725 8.3404264e-05
80 85 68262795 0.00055384829 11872399 9.6326376e-05
85 90 75068334 0.00060906485 13596004 0.0001103108
90 95 82041249 0.0006656394 15412803 0.00012505135
95 100 89101672 0.00072292394 17418400 0.00014132371
100 105 96302436 0.00078134714 19425568 0.00015760881
105 110 1.0361794e+08 0.00084070125 21619206 0.00017540683
110 115 1.1096058e+08 0.00090027563 23810987 0.00019318978
115 120 1.183237e+08 0.00096001609 26199271 0.00021256706
120 125 1.2569779e+08 0.0010198456 28717968 0.00023300243
125 130 1.331646e+08 0.0010804273 31272729 0.00025373042
130 135 1.4060136e+08 0.0011407653 33923827 0.00027524003
135 140 1.4801332e+08 0.001200902 36584701 0.00029682896
140 145 1.5543271e+08 0.001261099 39199163 0.00031804132
145 150 1.6283672e+08 0.0013211712 41853035 0.00033957344
150 155 1.7023502e+08 0.0013811972 44480255 0.00036088931
155 160 1.7768636e+08 0.0014416534 46851046 0.00038012466
160 165 1.8510538e+08 0.0015018474 49251661 0.00039960198
165 170 1.925452e+08 0.0015622101 51529032 0.00041807938
170 175 1.9995183e+08 0.0016223036 53852417 0.00043693009
175 180 2.0733718e+08 0.0016822245 56042565 0.0004546998
180 185 2.1458863e+08 0.0017410589 58128571 0.00047162455
185 190 2.2189293e+08 0.0018003221 60206750 0.0004884858
190 195 2.2913559e+08 0.0018590852 62274851 0.00050526527
195 200 2.3626721e+08 0.0019169474 64427585 0.00052273143
