0 5 116384 9.5464695e-07 4319.4156 3.5430274e-08
5 10 797310 6.5399845e-06 17694.361 1.4513909e-07
10 15 2127057 1.7447316e-05 58226.61 4.7760737e-07
15 20 4081390 3.3477854e-05 111839.48 9.1737027e-07
20 25 6617790 5.4282831e-05 236844.26 1.9427297e-06
25 30 9673122 7.9344381e-05 504212.5 4.1358342e-06
30 35 13206641 0.00010832829 893854.98 7.3319007e-06
35 40 17188021 0.0001409858 1409806.8 1.1564027e-05
40 45 21577506 0.00017699083 2046897 1.6789799e-05
45 50 26341120 0.00021606466 2832085.7 2.3230358e-05
50 55 31462773 0.00025807534 3738416.4 3.0664592e-05
55 60 36880554 0.00030251502 4797393.2 3.9350914e-05
60 65 42555225 0.00034906186 5923829.4 4.8590576e-05
65 70 48497620 0.00039780472 7239388 5.9381527e-05
70 75 54669188 0.00044842739 8649967.9 7.0951896e-05
75 80 61074406 0.00050096659 10183782 8.3533098e-05
80 85 67658144 0.0005549701 11824523 9.6991379e-05
85 90 74423031 0.00061045951 13553960 0.00011117719
90 95 81300177 0.00066686972 15350088 0.00012591005
95 100 88301870 0.00072430154 17257934 0.00014155927
100 105 95402116 0.00078254175 19226516 0.00015770668
105 110 1.0262355e+08 0.00084177603 21361953 0.00017522274
110 115 1.0986809e+08 0.00090119978 23641721 0.00019392268
115 120 1.1720512e+08 0.00096138225 25903946 0.00021247872
120 125 1.2453607e+08 0.0010215148 28187043 0.00023120596
125 130 1.3189577e+08 0.0010818832 30672782 0.00025159539
130 135 1.3918991e+08 0.0011417138 33162459 0.00027201712
135 140 1.4653668e+08 0.0012019762 35696106 0.00029279952
140 145 1.5394886e+08 0.001262775 38258983 0.00031382167
145 150 1.6134417e+08 0.0013234355 40740553 0.0003341769
150 155 1.6870848e+08 0.0013838417 43176801 0.00035416038
155 160 1.7603504e+08 0.0014439383 45517557 0.00037336057
160 165 1.8341804e+08 0.0015044978 47967367 0.00039345529
165 170 1.9071454e+08 0.0015643478 50112399 0.00041105005
170 175 1.9804485e+08 0.0016244751 52445681 0.00043018894
175 180 2.053286e+08 0.0016842205 54530994 0.00044729384
180 185 2.1260335e+08 0.0017438921 56570673 0.00046402444
185 190 2.1979903e+08 0.0018029151 58417655 0.00047917442
190 195 2.2698303e+08 0.0018618423 60471373 0.00049602017
195 200 2.3408108e+08 0.0019200645 62336730 0.00051132087
