0 5 116575 9.5248603e-07 4226.0598 3.4529383e-08
5 10 796516 6.5080022e-06 17621.798 1.4398041e-07
10 15 2128539 1.739141e-05 53264.138 4.351992e-07
15 20 4079296 3.3330238e-05 124359.27 1.0160881e-06
20 25 6619000 5.4081107e-05 256672.32 2.0971631e-06
25 30 9673487 7.9038054e-05 531361.26 4.3415327e-06
30 35 13204081 0.00010788508 909083.6 7.4277455e-06
35 40 17185869 0.00014041862 1423125.3 1.1627767e-05
40 45 21562142 0.00017617533 2074064.8 1.6946324e-05
45 50 26332143 0.00021514903 2871210.7 2.3459473e-05
50 55 31418399 0.00025670672 3775283.7 3.0846279e-05
55 60 36805622 0.00030072349 4852540.2 3.9648096e-05
60 65 42493793 0.00034719918 6106385.1 4.9892743e-05
65 70 48447056 0.00039584082 7376810.4 6.0272862e-05
70 75 54623314 0.00044630447 8841564.2 7.2240758e-05
75 80 61034925 0.00049869108 10393415 8.492029e-05
80 85 67588984 0.00055224159 12082540 9.8721425e-05
85 90 74298744 0.00060706425 13729470 0.00011217781
90 95 81216361 0.00066358524 15670664 0.0001280385
95 100 88200643 0.00072065091 17630866 0.0001440545
100 105 95286439 0.00077854602 19762995 0.00016147524
105 110 1.0249588e+08 0.00083745134 22005476 0.00017979763
110 115 1.0971399e+08 0.00089642756 24372225 0.00019913535
115 120 1.1696371e+08 0.00095566202 26744934 0.00021852178
120 125 1.2425803e+08 0.0010152609 29256447 0.00023904231
125 130 1.3155708e+08 0.0010748984 31850619 0.00026023821
130 135 1.3887877e+08 0.0011347209 34489366 0.00028179832
135 140 1.4622418e+08 0.0011947372 37081331 0.00030297619
140 145 1.5353372e+08 0.0012544604 39785138 0.00032506788
145 150 1.6088117e+08 0.0013144934 42469435 0.00034700016
150 155 1.6821486e+08 0.0013744139 44945835 0.00036723379
155 160 1.7548559e+08 0.0014338201 47418214 0.00038743458
160 165 1.8284102e+08 0.0014939183 49824882 0.00040709847
165 170 1.9009271e+08 0.0015531688 52085754 0.00042557111
170 175 1.9743745e+08 0.0016131796 54309641 0.00044374158
175 180 2.0472458e+08 0.0016727197 56415309 0.00046094612
180 185 2.1201211e+08 0.0017322631 58470999 0.00047774231
185 190 2.19188e+08 0.0017908943 60349288 0.00049308903
190 195 2.2631526e+08 0.0018491282 62518319 0.00051081128
195 200 2.3338176e+08 0.0019068657 64409317 0.00052626184
