0 5 117444 9.6267344e-07 7149.4319 5.8602978e-08
5 10 793819 6.5068328e-06 21993.388 1.8027699e-07
10 15 2112725 1.7317737e-05 64285.722 5.2694184e-07
15 20 4062159 3.3296998e-05 138673.32 1.1366874e-06
20 25 6571383 5.3864786e-05 275429.74 2.2576624e-06
25 30 9621678 7.8867664e-05 522678.35 4.2843276e-06
30 35 13151608 0.00010780205 901521.37 7.3896554e-06
35 40 17104041 0.00014019964 1377905.4 1.1294514e-05
40 45 21467491 0.00017596628 2020910 1.6565141e-05
45 50 26204565 0.00021479547 2826259.6 2.3166488e-05
50 55 31255340 0.00025619602 3778788.6 3.0974247e-05
55 60 36637097 0.0003003096 4801009 3.9353257e-05
60 65 42302742 0.00034675016 5991540.8 4.9111893e-05
65 70 48237076 0.00039539314 7344734 6.0203845e-05
70 75 54378823 0.00044573626 8748001.6 7.170625e-05
75 80 60739186 0.00049787134 10188854 8.3516733e-05
80 85 67271273 0.00055141402 11818906 9.687806e-05
85 90 73970027 0.00060632285 13537279 0.00011096335
90 95 80876085 0.00066293092 15386766 0.00012612335
95 100 87899061 0.00072049736 17324388 0.00014200579
100 105 94992373 0.00077864033 19404460 0.00015905587
105 110 1.0217224e+08 0.00083749277 21657338 0.00017752243
110 115 1.0939007e+08 0.00089665644 23918715 0.00019605864
115 120 1.1661965e+08 0.00095591638 26204113 0.00021479176
120 125 1.239264e+08 0.0010158088 28665890 0.00023497063
125 130 1.3122046e+08 0.0010755973 31149879 0.00025533157
130 135 1.3853119e+08 0.0011355224 33801148 0.00027706368
135 140 1.4586592e+08 0.0011956443 36388578 0.00029827252
140 145 1.5316796e+08 0.0012554981 39048585 0.00032007625
145 150 1.6047589e+08 0.0013154003 41702942 0.00034183368
150 155 1.6780181e+08 0.00137545 44264986 0.00036283442
155 160 1.7510776e+08 0.0014353359 46828086 0.00038384383
160 165 1.8239296e+08 0.0014950518 49173068 0.00040306535
165 170 1.8969912e+08 0.0015549394 51520304 0.00042230534
170 175 1.9699997e+08 0.0016147835 53816794 0.00044112938
175 180 2.0427491e+08 0.0016744153 55848274 0.00045778116
180 185 2.1148032e+08 0.0017334771 57957377 0.00047506921
185 190 2.1868545e+08 0.0017925366 60017583 0.00049195645
190 195 2.2573829e+08 0.0018503479 61891358 0.00050731554
195 200 2.3283982e+08 0.0019085582 63840233 0.00052329022
