0 5 117868 9.6399643e-07 5901.4051 4.8265292e-08
5 10 798353 6.529418e-06 23509.896 1.9227828e-07
10 15 2130775 1.7426778e-05 48879.985 3.9977034e-07
15 20 4083887 3.340052e-05 115560.19 9.4512176e-07
20 25 6627963 5.4207526e-05 260254.74 2.1285221e-06
25 30 9688278 7.9236649e-05 531856.76 4.3498491e-06
30 35 13234983 0.00010824377 898340.28 7.347175e-06
35 40 17220180 0.00014083714 1411057.8 1.1540492e-05
40 45 21612017 0.00017675626 2062768 1.6870575e-05
45 50 26378354 0.00021573828 2831943.3 2.316136e-05
50 55 31507231 0.00025768536 3738165.1 3.0572995e-05
55 60 36925993 0.0003020033 4737076.1 3.8742699e-05
60 65 42625422 0.00034861671 5983211.8 4.8934357e-05
65 70 48591969 0.00039741477 7259010.6 5.9368618e-05
70 75 54793160 0.0004481319 8677924.3 7.097336e-05
75 80 61192027 0.00050046574 10128170 8.2834356e-05
80 85 67788575 0.00055441633 11728127 9.5919779e-05
85 90 74565190 0.00060983962 13461161 0.00011009358
90 95 81489019 0.00066646692 15377951 0.00012577027
95 100 88576534 0.00072443295 17211088 0.00014076278
100 105 95701793 0.00078270766 19274193 0.00015763612
105 110 1.0293709e+08 0.00084188232 21470480 0.00017559868
110 115 1.1020943e+08 0.00090135998 23653813 0.00019345531
115 120 1.175435e+08 0.00096134246 25912115 0.00021192509
120 125 1.2494128e+08 0.001021846 28397897 0.00023225533
125 130 1.3230743e+08 0.0010820909 30892014 0.00025265375
130 135 1.3971935e+08 0.0011427101 33505375 0.0002740274
135 140 1.4709316e+08 0.0012030176 36179950 0.00029590171
140 145 1.5448336e+08 0.0012634592 38758373 0.00031698962
145 150 1.6183966e+08 0.0013236235 41275315 0.00033757471
150 155 1.6923469e+08 0.0013841045 43874459 0.0003588321
155 160 1.7663376e+08 0.0014446187 46248715 0.00037825021
160 165 1.8402481e+08 0.0015050672 48713922 0.00039841218
165 170 1.9130738e+08 0.0015646285 50976575 0.00041691754
170 175 1.9870319e+08 0.0016251159 53201711 0.00043511606
175 180 2.060157e+08 0.0016849221 55361150 0.00045277727
180 185 2.133085e+08 0.0017445671 57477464 0.00047008578
185 190 2.2051017e+08 0.0018034668 59670479 0.00048802159
190 195 2.2764344e+08 0.0018618069 61568889 0.00050354794
195 200 2.3472712e+08 0.0019197417 63600323 0.00052016225
