0 5 142243 9.2843154e-07 7858.3286 5.1291945e-08
5 10 975498 6.3671542e-06 20509.178 1.3386506e-07
10 15 2616502 1.707812e-05 11250.371 7.343208e-08
15 20 5064744 3.3057993e-05 32797.605 2.1407261e-07
20 25 8305773 5.4212451e-05 81888.048 5.344899e-07
25 30 12251582 7.9967064e-05 168585.34 1.1003701e-06
30 35 16959908 0.00011069869 332263.4 2.16871e-06
35 40 22347883 0.00014586644 540496.51 3.5278643e-06
40 45 28397887 0.0001853553 788204.75 5.144676e-06
45 50 35142508 0.00022937799 1029273.7 6.7181525e-06
50 55 42510280 0.00027746803 1318994.3 8.609182e-06
55 60 50448255 0.00032927983 1706650.2 1.1139443e-05
60 65 58953602 0.00038479492 2156727 1.4077131e-05
65 70 68046942 0.00044414788 2553260.1 1.6665334e-05
70 75 77656106 0.00050686767 3045220.7 1.9876401e-05
75 80 87808244 0.0005731315 3491500.4 2.2789305e-05
80 85 98427769 0.00064244599 4095427.4 2.6731185e-05
85 90 1.0954742e+08 0.00071502483 4610228.7 3.0091335e-05
90 95 1.2112678e+08 0.00079060426 5037061.5 3.2877307e-05
95 100 1.3305947e+08 0.00086848992 5598610.5 3.6542583e-05
100 105 1.4551977e+08 0.00094981931 6117060.1 3.9926545e-05
105 110 1.5835606e+08 0.0010336028 6522179.1 4.2570789e-05
110 115 1.7152058e+08 0.0011195287 6783857.1 4.4278783e-05
115 120 1.85065e+08 0.0012079342 7178485.6 4.6854555e-05
120 125 1.9889918e+08 0.001298231 7457720.2 4.8677141e-05
125 130 2.130766e+08 0.0013907681 7778165.9 5.0768716e-05
130 135 2.2762932e+08 0.0014857549 7935072 5.1792855e-05
135 140 2.4242296e+08 0.0015823142 7968589.8 5.2011628e-05
140 145 2.5742552e+08 0.0016802372 8021536.9 5.2357219e-05
145 150 2.7267007e+08 0.0017797396 8200352.2 5.3524361e-05
150 155 2.8814548e+08 0.0018807488 8032557.3 5.242915e-05
155 160 3.0388072e+08 0.001983454 7948521.1 5.1880639e-05
160 165 3.1969342e+08 0.0020866647 7886933.6 5.1478652e-05
165 170 3.3571736e+08 0.0021912543 7711447 5.0333237e-05
170 175 3.5185188e+08 0.0022965656 7455558.6 4.8663033e-05
175 180 3.681261e+08 0.0024027888 6905302.2 4.5071465e-05
180 185 3.8448562e+08 0.0025095687 6661487.7 4.3480068e-05
185 190 4.0099034e+08 0.0026172963 6086322.1 3.9725915e-05
190 195 4.1751107e+08 0.0027251285 5512509.9 3.5980597e-05
195 200 4.3413582e+08 0.0028336395 4889650.7 3.1915145e-05
