0 5 117051 9.6033391e-07 7749.8055 6.3582549e-08
5 10 794602 6.5192373e-06 22066.933 1.8104607e-07
10 15 2118283 1.7379253e-05 64844.571 5.3201118e-07
15 20 4061778 3.3324475e-05 123923.18 1.0167161e-06
20 25 6588052 5.4051052e-05 258254.39 2.1188238e-06
25 30 9625167 7.8968776e-05 526604.01 4.320473e-06
30 35 13144693 0.0001078444 907157.29 7.4426866e-06
35 40 17118097 0.00014044381 1425095.8 1.1692064e-05
40 45 21500500 0.00017639883 2075570.4 1.7028822e-05
45 50 26238333 0.00021526993 2808419.5 2.3041413e-05
50 55 31306457 0.00025685088 3742409.9 3.070425e-05
55 60 36698343 0.0003010881 4789052.9 3.9291333e-05
60 65 42362398 0.0003475583 5919000.5 4.8561882e-05
65 70 48296794 0.0003962465 7197457.1 5.9050859e-05
70 75 54468879 0.00044688479 8582166.7 7.0411579e-05
75 80 60865101 0.00049936199 10049073 8.244667e-05
80 85 67458826 0.00055345958 11634877 9.5457255e-05
85 90 74191625 0.0006086982 13308596 0.00010918913
90 95 81057882 0.00066503176 15108563 0.00012395678
95 100 88113464 0.00072291862 17102424 0.00014031522
100 105 95198822 0.00078104977 19158724 0.00015718594
105 110 1.0242862e+08 0.00084036596 21378110 0.00017539469
110 115 1.0968839e+08 0.00089992804 23589105 0.00019353459
115 120 1.1698474e+08 0.00095979031 26024563 0.00021351607
120 125 1.2429821e+08 0.001019793 28548328 0.00023422207
125 130 1.3163572e+08 0.0010799929 31142716 0.00025550748
130 135 1.3901978e+08 0.0011405747 33667381 0.00027622085
135 140 1.4632418e+08 0.0012005029 36340266 0.00029815029
140 145 1.5369705e+08 0.001260993 39057257 0.00032044158
145 150 1.6105079e+08 0.001321326 41742635 0.00034247352
150 155 1.6838885e+08 0.0013815305 44426501 0.00036449304
155 160 1.7567748e+08 0.0014413294 46928887 0.00038502364
160 165 1.8300141e+08 0.0015014178 49364040 0.00040500262
165 170 1.9028989e+08 0.0015612155 51741759 0.00042451039
170 175 1.9757644e+08 0.0016209973 53967332 0.00044276989
175 180 2.0487811e+08 0.0016809031 56274295 0.00046169715
180 185 2.1212553e+08 0.001740364 58417691 0.00047928245
185 190 2.1928698e+08 0.0017991194 60610224 0.00049727087
190 195 2.264071e+08 0.0018575357 62664399 0.00051412416
195 200 2.3344809e+08 0.0019153029 64877002 0.00053227726
