0 5 140260 9.2829474e-07 8365.4972 5.5366085e-08
5 10 958776 6.3455491e-06 20202.947 1.3371089e-07
10 15 2578343 1.7064468e-05 26937.596 1.782834e-07
15 20 4998159 3.3079743e-05 36738.702 2.4315089e-07
20 25 8172496 5.4088728e-05 66166.93 4.3791825e-07
25 30 12094524 8.0046221e-05 151892.44 1.0052827e-06
30 35 16742215 0.00011080643 296333.02 1.9612461e-06
35 40 22058269 0.00014599013 468103.3 3.0980881e-06
40 45 28029425 0.00018550954 713554.64 4.7225796e-06
45 50 34681221 0.00022953369 1025052.6 6.7841931e-06
50 55 41927650 0.00027749335 1288489.7 8.5277213e-06
55 60 49778005 0.00032945002 1667437.8 1.1035746e-05
60 65 58195220 0.0003851584 2031702.9 1.3446593e-05
65 70 67187849 0.00044467508 2400145.3 1.5885087e-05
70 75 76680560 0.0005075015 2833882.9 1.875573e-05
75 80 86706353 0.00057385606 3272039.5 2.1655619e-05
80 85 97176395 0.00064315084 3768857.9 2.4943754e-05
85 90 1.081623e+08 0.00071585982 4110457.1 2.720459e-05
90 95 1.1961309e+08 0.00079164553 4470834.2 2.9589704e-05
95 100 1.3148734e+08 0.00087023391 4919952.6 3.2562142e-05
100 105 1.437497e+08 0.00095139095 5302495.7 3.509396e-05
105 110 1.5646208e+08 0.0010355263 5530836.8 3.660521e-05
110 115 1.6950221e+08 0.001121831 5760666.6 3.8126312e-05
115 120 1.8288474e+08 0.0012104017 6030734.6 3.9913726e-05
120 125 1.9657376e+08 0.0013010009 6255558.4 4.1401696e-05
125 130 2.1058334e+08 0.0013937217 6338149.3 4.1948315e-05
130 135 2.2492618e+08 0.0014886482 6337021.4 4.194085e-05
135 140 2.3953633e+08 0.0015853437 6395096.1 4.2325211e-05
140 145 2.5437001e+08 0.0016835188 6454738.7 4.2719949e-05
145 150 2.6942959e+08 0.0017831889 6192860.5 4.0986738e-05
150 155 2.8467823e+08 0.0018841102 6116310.8 4.0480102e-05
155 160 3.0021021e+08 0.0019869069 6064340.8 4.0136145e-05
160 165 3.158951e+08 0.0020907155 5828533.8 3.8575483e-05
165 170 3.3166963e+08 0.0021951175 5303226.2 3.5098795e-05
170 175 3.4763326e+08 0.0023007709 4949508.2 3.2757753e-05
175 180 3.6363132e+08 0.0024066522 4159965.6 2.7532255e-05
180 185 3.7970008e+08 0.0025130015 3630167.3 2.4025847e-05
185 190 3.9595695e+08 0.0026205957 3086506.5 2.042769e-05
190 195 4.1220659e+08 0.0027281421 2576069.7 1.7049422e-05
195 200 4.2857343e+08 0.0028364642 1806593.1 1.1956729e-05
