0 5 117118 9.5718738e-07 3714.7926 3.0360428e-08
5 10 800278 6.5405489e-06 25275.886 2.0657593e-07
10 15 2133136 1.7433792e-05 43547.421 3.5590636e-07
15 20 4091026 3.3435326e-05 127761.17 1.0441724e-06
20 25 6628511 5.41738e-05 258467.71 2.1124168e-06
25 30 9680543 7.9117588e-05 508612 4.1568075e-06
30 35 13225273 0.00010808812 911532.12 7.4498117e-06
35 40 17212952 0.00014067881 1404755.5 1.148085e-05
40 45 21596715 0.00017650663 2047176 1.6731254e-05
45 50 26371435 0.00021552968 2816628.3 2.301987e-05
50 55 31478070 0.00025726542 3745241.2 3.060928e-05
55 60 36875914 0.00030138117 4810246.9 3.9313407e-05
60 65 42579123 0.00034799262 5960453.2 4.8713867e-05
65 70 48503952 0.00039641533 7262436.2 5.9354773e-05
70 75 54704542 0.0004470918 8703080.2 7.1128935e-05
75 80 61078871 0.00049918821 10241062 8.3698622e-05
80 85 67649750 0.00055289099 11865165 9.6972166e-05
85 90 74404628 0.00060809757 13614784 0.00011127154
90 95 81286109 0.00066433885 15427310 0.00012608503
95 100 88294537 0.00072161766 17369275 0.00014195641
100 105 95410863 0.00077977829 19439575 0.00015887666
105 110 1.026147e+08 0.00083865417 21647636 0.0001769228
110 115 1.0987016e+08 0.00089795189 23882629 0.00019518905
115 120 1.1714813e+08 0.00095743365 26229645 0.00021437085
120 125 1.2450245e+08 0.0010175394 28578824 0.00023357033
125 130 1.3190735e+08 0.0010780585 31038671 0.00025367428
130 135 1.3929494e+08 0.0011384361 33485525 0.00027367204
135 140 1.4665202e+08 0.0011985644 35877231 0.00029321908
140 145 1.5405434e+08 0.0012590624 38517558 0.00031479807
145 150 1.6137671e+08 0.001318907 41147787 0.00033629453
150 155 1.6871591e+08 0.0013788892 43461502 0.00035520417
155 160 1.7607037e+08 0.001438996 45925071 0.00037533854
160 165 1.8341679e+08 0.0014990372 48138606 0.00039342941
165 170 1.9077889e+08 0.0015592065 50418287 0.00041206089
170 175 1.9808288e+08 0.0016189009 52562766 0.00042958739
175 180 2.0537221e+08 0.0016784754 54669981 0.00044680934
180 185 2.12612e+08 0.0017376451 56643740 0.00046294057
185 190 2.1985566e+08 0.0017968465 58726569 0.0004799632
190 195 2.2699424e+08 0.001855189 60783212 0.00049677183
195 200 2.3406597e+08 0.0019129852 62622102 0.0005118008
