0 5 115990 9.5288917e-07 4256.7814 3.4970609e-08
5 10 793508 6.5188825e-06 19865.767 1.6320264e-07
10 15 2117004 1.739176e-05 55887.303 4.5912929e-07
15 20 4068029 3.3419957e-05 118983.63 9.7748261e-07
20 25 6597478 5.4200063e-05 272152.45 2.2358059e-06
25 30 9642097 7.9212431e-05 502861.06 4.1311394e-06
30 35 13157814 0.000108095 903842.72 7.425312e-06
35 40 17140781 0.00014081614 1378752.8 1.1326827e-05
40 45 21511788 0.00017672515 2018960 1.6586301e-05
45 50 26260408 0.00021573634 2816401.6 2.31375e-05
50 55 31350858 0.00025755577 3724463 3.059747e-05
55 60 36724759 0.00030170381 4740532.8 3.8944757e-05
60 65 42411924 0.00034842541 5906479.6 4.8523325e-05
65 70 48306670 0.00039685234 7194772.2 5.9106997e-05
70 75 54471805 0.00044750059 8617723.4 7.0796925e-05
75 80 60871877 0.00050007891 10188138 8.3698309e-05
80 85 67413170 0.0005538174 11823435 9.7132711e-05
85 90 74155638 0.00060920859 13568413 0.00011146818
90 95 81033320 0.00066571061 15363349 0.00012621406
95 100 87994911 0.00072290196 17328183 0.0001423557
100 105 95090122 0.00078119103 19368539 0.00015911778
105 110 1.0223091e+08 0.00083985452 21553979 0.00017707175
110 115 1.0943415e+08 0.00089903111 23823336 0.00019571514
115 120 1.1671054e+08 0.00095880857 26175079 0.00021503535
120 125 1.2398915e+08 0.0010186043 28589347 0.0002348692
125 130 1.3133348e+08 0.00107894 31079844 0.00025532932
130 135 1.3868525e+08 0.0011393368 33553053 0.00027564739
135 140 1.4605428e+08 0.0011998753 36127573 0.00029679777
140 145 1.5335475e+08 0.0012598507 38713304 0.00031804024
145 150 1.6066776e+08 0.001319929 41308441 0.00033936
150 155 1.6799828e+08 0.0013801513 43874440 0.00036044037
155 160 1.7538294e+08 0.0014408182 46203787 0.00037957659
160 165 1.8273143e+08 0.001501188 48560821 0.00039894026
165 170 1.9004804e+08 0.001561296 50762853 0.00041703054
170 175 1.9741704e+08 0.0016218343 52927852 0.0004348166
175 180 2.0469594e+08 0.0016816325 54964328 0.00045154679
180 185 2.1194794e+08 0.0017412095 56982470 0.00046812638
185 190 2.1918781e+08 0.0018006871 59084204 0.00048539269
190 195 2.2629789e+08 0.0018590983 61102892 0.00050197676
195 200 2.3329105e+08 0.001916549 63071602 0.00051815024
