0 5 116730 9.5189082e-07 5741.8453 4.6822667e-08
5 10 799731 6.5215163e-06 21959.336 1.7907042e-07
10 15 2133285 1.7396166e-05 54058.435 4.4082693e-07
15 20 4102101 3.3451146e-05 113629.86 9.2661031e-07
20 25 6649204 5.4221847e-05 263492.49 2.1486857e-06
25 30 9727946 7.9327872e-05 526617.28 4.294373e-06
30 35 13281599 0.00010830662 889922.61 7.2569961e-06
35 40 17289126 0.00014098655 1422190.6 1.1597449e-05
40 45 21695103 0.0001769157 2083420.6 1.698954e-05
45 50 26475264 0.00021589618 2823608.7 2.3025505e-05
50 55 31570004 0.00025744193 3792532.2 3.0926724e-05
55 60 37003091 0.00030174679 4822859.6 3.9328671e-05
60 65 42702134 0.00034822042 6023539.5 4.9119781e-05
65 70 48688669 0.00039703844 7270156.2 5.9285487e-05
70 75 54910478 0.00044777504 8729651 7.1187138e-05
75 80 61319308 0.00050003672 10275069 8.3789461e-05
80 85 67914911 0.00055382147 11966381 9.75815e-05
85 90 74684206 0.00060902262 13585341 0.00011078353
90 95 81637705 0.00066572588 15525382 0.00012660386
95 100 88649437 0.00072290401 17471576 0.00014247436
100 105 95762729 0.00078091033 19665219 0.00016036273
105 110 1.0296285e+08 0.00083962469 21744717 0.00017732028
110 115 1.1026429e+08 0.00089916527 24129339 0.00019676601
115 120 1.175946e+08 0.00095894132 26517750 0.00021624263
120 125 1.2493131e+08 0.0010187696 29014364 0.00023660162
125 130 1.322736e+08 0.0010786432 31567133 0.00025741852
130 135 1.3964698e+08 0.0011387705 34196719 0.00027886185
135 140 1.4701969e+08 0.0011988923 36797379 0.00030006928
140 145 1.543813e+08 0.0012589235 39431304 0.00032154799
145 150 1.6174889e+08 0.0013190036 41979333 0.00034232624
150 155 1.6915373e+08 0.0013793873 44534575 0.00036316331
155 160 1.7651124e+08 0.0014393851 47028077 0.00038349691
160 165 1.8387619e+08 0.0014994436 49325444 0.00040223111
165 170 1.9123539e+08 0.0015594553 51640416 0.00042110886
170 175 1.9860467e+08 0.0016195491 53899850 0.00043953373
175 180 2.0590805e+08 0.0016791055 56011223 0.00045675121
180 185 2.1314358e+08 0.0017381086 58196721 0.00047457315
185 190 2.2035907e+08 0.0017969483 60233109 0.00049117916
190 195 2.2757056e+08 0.0018557554 62197856 0.00050720096
195 200 2.3468545e+08 0.0019137748 64120830 0.00052288212
