0 5 116462 9.4913773e-07 5198.2892 4.2364827e-08
5 10 798686 6.5091019e-06 20687.976 1.6860211e-07
10 15 2132681 1.7380845e-05 55683.57 4.5380792e-07
15 20 4100905 3.3421405e-05 111335.51 9.0735807e-07
20 25 6645995 5.4163286e-05 269617.92 2.1973223e-06
25 30 9721365 7.9226824e-05 551203.97 4.4921819e-06
30 35 13285010 0.00010826969 932005.58 7.5956249e-06
35 40 17286225 0.00014087864 1436442.7 1.1706668e-05
40 45 21696134 0.00017681836 2052248.4 1.6725338e-05
45 50 26478286 0.00021579176 2790046.5 2.2738218e-05
50 55 31599515 0.00025752857 3689797.2 3.0070974e-05
55 60 37025384 0.00030174812 4779654.8 3.8953055e-05
60 65 42769989 0.00034856529 5989613.3 4.881393e-05
65 70 48740177 0.00039722091 7253854.3 5.9117196e-05
70 75 54976082 0.00044804206 8688883.9 7.0812347e-05
75 80 61402856 0.00050041874 10249585 8.353169e-05
80 85 68018485 0.00055433455 11953890 9.742137e-05
85 90 74798570 0.00060959064 13620415 0.00011100316
90 95 81762284 0.00066634326 15488530 0.00012622786
95 100 88812061 0.00072379728 17451238 0.00014222346
100 105 95936592 0.00078186052 19472659 0.00015869756
105 110 1.0319173e+08 0.00084098817 21688080 0.00017675272
110 115 1.1052707e+08 0.00090076948 24053396 0.00019602948
115 120 1.1788901e+08 0.0009607675 26458431 0.00021562995
120 125 1.2526656e+08 0.0010208928 28888358 0.00023543328
125 130 1.3261661e+08 0.001080794 31432486 0.00025616732
130 135 1.400138e+08 0.0011410793 33974329 0.00027688274
135 140 1.4744755e+08 0.0012016626 36626593 0.00029849807
140 145 1.5489813e+08 0.0012623831 39143052 0.00031900661
145 150 1.6232232e+08 0.0013228885 41777221 0.00034047446
150 155 1.6970703e+08 0.0013830722 44202452 0.00036023952
155 160 1.770769e+08 0.0014431348 46683370 0.00038045841
160 165 1.8450274e+08 0.0015036537 49106409 0.00040020561
165 170 1.9193358e+08 0.0015642132 51338272 0.00041839476
170 175 1.9933949e+08 0.0016245697 53420865 0.0004353674
175 180 2.0666379e+08 0.001684261 55458655 0.00045197491
180 185 2.1401635e+08 0.0017441826 57605014 0.00046946723
185 190 2.2124466e+08 0.0018030916 59676122 0.00048634627
190 195 2.2848064e+08 0.0018620631 61649287 0.0005024271
195 200 2.3560827e+08 0.0019201516 63692524 0.000519079
