0 5 116459 9.5373635e-07 3731.6516 3.0560213e-08
5 10 792862 6.4931118e-06 20192.043 1.6536194e-07
10 15 2120803 1.7368232e-05 54735.371 4.4825315e-07
15 20 4080472 3.3416863e-05 115039.46 9.4211107e-07
20 25 6610049 5.4132734e-05 254550.71 2.0846329e-06
25 30 9663250 7.9136802e-05 515269.69 4.2197806e-06
30 35 13191581 0.00010803193 905198.72 7.4130889e-06
35 40 17173014 0.00014063772 1400481.7 1.1469189e-05
40 45 21559168 0.00017655795 2042459.5 1.6726641e-05
45 50 26321771 0.0002155611 2803434.6 2.2958616e-05
50 55 31421127 0.00025732207 3666565.2 3.002719e-05
55 60 36842210 0.00030171781 4705287.9 3.8533768e-05
60 65 42522075 0.00034823284 5909992.3 4.8399647e-05
65 70 48472981 0.00039696755 7157253.4 5.8614043e-05
70 75 54646372 0.00044752429 8566880 7.0158124e-05
75 80 61062444 0.00050006846 10044611 8.2259942e-05
80 85 67679992 0.0005542626 11677419 9.5631757e-05
85 90 74439721 0.00060962114 13351984 0.00010934554
90 95 81338624 0.00066611943 15184429 0.00012435227
95 100 88387067 0.00072384237 17137933 0.00014035042
100 105 95528919 0.00078233029 19200667 0.0001572431
105 110 1.0275439e+08 0.00084150302 21290434 0.00017435716
110 115 1.1005659e+08 0.00090130409 23586789 0.00019316307
115 120 1.173842e+08 0.00096131322 25941902 0.00021245018
120 125 1.2470617e+08 0.0010212762 28408539 0.00023265061
125 130 1.3204325e+08 0.0010813629 30830218 0.00025248285
130 135 1.394428e+08 0.0011419612 33420169 0.00027369315
135 140 1.4676514e+08 0.0012019273 35982641 0.00029467841
140 145 1.5413052e+08 0.0012622458 38589245 0.00031602509
145 150 1.6151211e+08 0.001322697 41142461 0.00033693455
150 155 1.6886901e+08 0.001382946 43757137 0.00035834733
155 160 1.7620939e+08 0.0014430598 46330613 0.00037942271
160 165 1.8360681e+08 0.0015036406 48667356 0.00039855938
165 170 1.9096531e+08 0.0015639029 51008500 0.00041773208
170 175 1.9824733e+08 0.0016235386 53046602 0.00043442304
175 180 2.0550321e+08 0.0016829603 55286547 0.00045276698
180 185 2.1273988e+08 0.0017422248 57264469 0.0004689651
185 190 2.200251e+08 0.0018018868 59278173 0.00048545624
190 195 2.27186e+08 0.0018605307 61353302 0.00050245043
195 200 2.3435903e+08 0.0019192739 63268127 0.00051813181
