0 5 116507 9.5564323e-07 2765.4009 2.2683072e-08
5 10 796942 6.5368795e-06 14082.817 1.1551364e-07
10 15 2124235 1.7423938e-05 53209.218 4.3644612e-07
15 20 4081258 3.3476328e-05 109397.92 8.9733134e-07
20 25 6608925 5.4209399e-05 249447.7 2.0460831e-06
25 30 9660568 7.9240358e-05 529677.33 4.3446535e-06
30 35 13193590 0.00010821981 885834.99 7.2660201e-06
35 40 17175325 0.0001408798 1403569.7 1.1512715e-05
40 45 21560308 0.00017684742 2050537.8 1.6819441e-05
45 50 26306838 0.00021578061 2802935.1 2.2990944e-05
50 55 31421873 0.00025773645 3676328 3.0154909e-05
55 60 36849736 0.00030225824 4759188.1 3.9037018e-05
60 65 42538283 0.00034891828 5953884 4.8836455e-05
65 70 48462016 0.00039750742 7184741.6 5.8932508e-05
70 75 54683211 0.00044853648 8581025.9 7.0385464e-05
75 80 61059817 0.0005008403 10050240 8.2436626e-05
80 85 67635242 0.00055477491 11645922 9.5525134e-05
85 90 74437665 0.00061057147 13334426 0.000109375
90 95 81326874 0.00066707989 15212388 0.0001247789
95 100 88359351 0.00072476345 17162764 0.00014077677
100 105 95465641 0.00078305246 19232294 0.000157752
105 110 1.0267387e+08 0.00084217762 21356160 0.00017517291
110 115 1.0994769e+08 0.00090184081 23682704 0.00019425627
115 120 1.1724875e+08 0.00096172743 26105372 0.00021412809
120 125 1.2460103e+08 0.0010220342 28418437 0.0002331009
125 130 1.3194335e+08 0.0010822592 30977919 0.00025409494
130 135 1.3928143e+08 0.0011424494 33568917 0.00027534747
135 140 1.4661661e+08 0.0012026159 36239468 0.00029725255
140 145 1.5394576e+08 0.0012627329 38741355 0.00031777415
145 150 1.6125838e+08 0.0013227144 41369416 0.0003393307
150 155 1.6864496e+08 0.0013833024 43785999 0.00035915261
155 160 1.7602525e+08 0.0014438389 46212620 0.00037905686
160 165 1.8333526e+08 0.0015037989 48488924 0.00039772813
165 170 1.9066172e+08 0.0015638939 50767454 0.00041641767
170 175 1.9801623e+08 0.0016242189 52931686 0.00043416968
175 180 2.0531421e+08 0.0016840803 55083658 0.00045182113
180 185 2.1252369e+08 0.0017432156 57204733 0.00046921915
185 190 2.1973199e+08 0.0018023414 59257267 0.00048605496
190 195 2.2686518e+08 0.001860851 61331545 0.00050306913
195 200 2.3396473e+08 0.0019190847 63308641 0.00051928617
