0 5 142209 9.3402783e-07 5805.9522 3.8133458e-08
5 10 967883 6.3570495e-06 18101.471 1.1889035e-07
10 15 2602205 1.7091266e-05 34486.261 2.2650554e-07
15 20 5042074 3.3116311e-05 35068.173 2.3032754e-07
20 25 8254405 5.4214881e-05 74489.523 4.8924672e-07
25 30 12202570 8.0146404e-05 212368.85 1.3948373e-06
30 35 16870835 0.00011080754 356271.51 2.3399891e-06
35 40 22259888 0.00014620281 495810.86 3.2564827e-06
40 45 28314087 0.00018596675 722635.99 4.7462687e-06
45 50 35013788 0.00022997034 1005159 6.6018781e-06
50 55 42346120 0.00027812905 1310676.9 8.6085176e-06
55 60 50273452 0.00033019572 1667887.4 1.0954674e-05
60 65 58833055 0.00038641514 2097062.7 1.3773495e-05
65 70 67886139 0.00044587574 2509555.3 1.6482744e-05
70 75 77501134 0.00050902697 2871033.5 1.885693e-05
75 80 87638351 0.00057560814 3262650.6 2.1429069e-05
80 85 98256256 0.00064534648 3785016.3 2.4859963e-05
85 90 1.0938375e+08 0.00071843182 4179316.7 2.7449726e-05
90 95 1.2091518e+08 0.00079417013 4549168.7 2.9878911e-05
95 100 1.3290628e+08 0.00087292765 4998592.6 3.2830725e-05
100 105 1.4535364e+08 0.00095468177 5397285.5 3.5449337e-05
105 110 1.5818502e+08 0.0010389582 5661401.8 3.7184052e-05
110 115 1.7135905e+08 0.0011254852 5965388.5 3.9180635e-05
115 120 1.8493086e+08 0.0012146247 6189431 4.0652144e-05
120 125 1.9881507e+08 0.0013058162 6342166.1 4.1655307e-05
125 130 2.1302436e+08 0.0013991427 6624750.3 4.3511319e-05
130 135 2.2745993e+08 0.0014939554 6716146.3 4.4111607e-05
135 140 2.4225071e+08 0.0015911012 6772428.1 4.4481266e-05
140 145 2.5735452e+08 0.0016903029 6723816.4 4.4161985e-05
145 150 2.7257238e+08 0.0017902537 6624817.7 4.3511761e-05
150 155 2.8800118e+08 0.0018915899 6459240.1 4.2424249e-05
155 160 3.036895e+08 0.0019946307 6292167.3 4.1326916e-05
160 165 3.1953168e+08 0.0020986821 6089744.2 3.9997402e-05
165 170 3.3554868e+08 0.0022038817 5633905 3.7003453e-05
170 175 3.5158751e+08 0.0023092246 5141522.6 3.3769489e-05
175 180 3.6783052e+08 0.0024159085 4527656.6 2.9737621e-05
180 185 3.8420072e+08 0.0025234279 4060614.7 2.6670092e-05
185 190 4.006418e+08 0.0026314129 3430669 2.2532612e-05
190 195 4.1717579e+08 0.002740008 2611874.3 1.7154774e-05
195 200 4.3369232e+08 0.0028484885 1767727.9 1.1610426e-05
