0 5 116770 9.5133543e-07 3054.6891 2.488682e-08
5 10 799462 6.513287e-06 17801.048 1.450267e-07
10 15 2132431 1.7373102e-05 54167.527 4.413076e-07
15 20 4093465 3.3349818e-05 114874.91 9.3589595e-07
20 25 6633880 5.4046802e-05 263982.97 2.1506924e-06
25 30 9699762 7.9024812e-05 516861.27 4.2109141e-06
30 35 13247505 0.00010792859 905063.9 7.373635e-06
35 40 17227630 0.00014035501 1408625.3 1.1476194e-05
40 45 21640007 0.00017630304 2063377.1 1.6810514e-05
45 50 26407267 0.00021514232 2854040 2.3252115e-05
50 55 31505118 0.00025667496 3778129.6 3.0780754e-05
55 60 36908513 0.00030069689 4871853 3.9691414e-05
60 65 42612474 0.00034716756 6033976.8 4.9159338e-05
65 70 48568451 0.00039569143 7322294.9 5.9655379e-05
70 75 54756199 0.00044610356 8701758.7 7.0893992e-05
75 80 61172155 0.00049837491 10232211 8.3362719e-05
80 85 67804567 0.00055240976 11814799 9.6256207e-05
85 90 74558125 0.00060743159 13597064 0.00011077647
90 95 81499307 0.000663982 15433681 0.00012573955
95 100 88548116 0.00072140927 17360966 0.00014144131
100 105 95721877 0.00077985453 19387089 0.00015794832
105 110 1.029191e+08 0.00083849093 21563570 0.00017568029
110 115 1.1018094e+08 0.0008976538 23888344 0.00019462043
115 120 1.1748513e+08 0.00095716168 26332276 0.00021453137
120 125 1.2486168e+08 0.0010172591 28872775 0.00023522903
125 130 1.3223573e+08 0.0010773361 31426752 0.0002560365
130 135 1.3959257e+08 0.0011372729 34004798 0.00027704007
135 140 1.4697629e+08 0.0011974287 36582257 0.00029803886
140 145 1.5435035e+08 0.0012575058 39247334 0.00031975147
145 150 1.6168821e+08 0.001317288 41886466 0.00034125272
150 155 1.6901344e+08 0.0013769673 44413626 0.00036184171
155 160 1.7634947e+08 0.0014367346 46916546 0.00038223321
160 165 1.8373535e+08 0.001496908 49263377 0.00040135305
165 170 1.9110118e+08 0.0015569181 51370971 0.00041852381
170 175 1.9846544e+08 0.0016169154 53675010 0.00043729502
175 180 2.0574344e+08 0.0016762098 55769926 0.00045436248
180 185 2.1298446e+08 0.0017352031 57900211 0.0004717181
185 190 2.202151e+08 0.0017941117 59911778 0.00048810651
190 195 2.2731312e+08 0.0018519399 61824381 0.00050368865
195 200 2.3442381e+08 0.0019098713 63684041 0.00051883947
