0 5 138104 9.2228723e-07 6887.1747 4.5993985e-08
5 10 949163 6.3387079e-06 20983.461 1.4013191e-07
10 15 2552217 1.7044236e-05 42806.782 2.8587259e-07
15 20 4960534 3.3127478e-05 49884.117 3.3313651e-07
20 25 8101078 5.4100683e-05 91635.291 6.1195953e-07
25 30 11994853 8.0104123e-05 174932.58 1.1682361e-06
30 35 16578724 0.00011071617 291079.9 1.9438921e-06
35 40 21838760 0.00014584378 490995.85 3.2789724e-06
40 45 27782283 0.00018553586 746892.55 4.9879038e-06
45 50 34348378 0.00022938561 1010110.7 6.7457296e-06
50 55 41536141 0.00027738699 1326162.7 8.8563902e-06
55 60 49325993 0.00032940924 1635847.2 1.0924528e-05
60 65 57695980 0.00038530575 2014238.3 1.3451502e-05
65 70 66559914 0.00044450095 2508305.2 1.6750984e-05
70 75 75966177 0.00050731793 2907233.9 1.9415113e-05
75 80 85889111 0.00057358534 3438945.6 2.2965994e-05
80 85 96322912 0.00064326444 3832090.2 2.5591495e-05
85 90 1.0720455e+08 0.00071593428 4376844.7 2.9229479e-05
90 95 1.1855235e+08 0.00079171722 4799676 3.2053235e-05
95 100 1.3028807e+08 0.00087009082 5154911.4 3.442557e-05
100 105 1.4243646e+08 0.00095122027 5688462.2 3.7988734e-05
105 110 1.5495764e+08 0.0010348394 6121299.3 4.087931e-05
110 115 1.678961e+08 0.0011212451 6397941.1 4.2726781e-05
115 120 1.8117728e+08 0.0012099396 6645170.3 4.4377829e-05
120 125 1.9476001e+08 0.0013006479 6762541 4.5161655e-05
125 130 2.0867144e+08 0.0013935512 7040038.9 4.7014843e-05
130 135 2.2287039e+08 0.0014883748 7193625.1 4.8040525e-05
135 140 2.3733101e+08 0.0015849458 7275914.7 4.8590072e-05
140 145 2.5204761e+08 0.0016832263 7458449.8 4.9809079e-05
145 150 2.6696139e+08 0.0017828237 7390705.3 4.9356667e-05
150 155 2.8212959e+08 0.0018841201 7220811.8 4.8222083e-05
155 160 2.97535e+08 0.0019870006 7213791.2 4.8175198e-05
160 165 3.130097e+08 0.0020903439 7025565.6 4.6918188e-05
165 170 3.287095e+08 0.0021951904 6795713.3 4.5383187e-05
170 175 3.44519e+08 0.0023007696 6450832 4.3079998e-05
175 180 3.6040119e+08 0.0024068341 5975298.4 3.9904285e-05
180 185 3.7643124e+08 0.0025138861 5512724.5 3.6815121e-05
185 190 3.9244992e+08 0.0026208622 5079133.8 3.3919512e-05
190 195 4.0862858e+08 0.0027289066 4363837.4 2.9142614e-05
195 200 4.2481835e+08 0.0028370253 3752151.4 2.5057648e-05
