0 5 115550 9.4962026e-07 4669.3299 3.837378e-08
5 10 791538 6.5050673e-06 18529.626 1.5228133e-07
10 15 2112657 1.736237e-05 50071.269 4.1149884e-07
15 20 4056673 3.3338805e-05 115499.86 9.4920823e-07
20 25 6578958 5.4067606e-05 255639.05 2.1009089e-06
25 30 9625559 7.9105373e-05 518819.18 4.2637924e-06
30 35 13144344 0.00010802367 906867.61 7.4528764e-06
35 40 17100043 0.00014053265 1390859.3 1.1430448e-05
40 45 21472415 0.00017646595 1982823.8 1.6295367e-05
45 50 26189468 0.00021523193 2739457.5 2.2513582e-05
50 55 31264016 0.0002569359 3667848.1 3.014334e-05
55 60 36644097 0.00030115082 4708735.4 3.8697625e-05
60 65 42307760 0.00034769629 5873693.1 4.8271554e-05
65 70 48208484 0.00039618999 7152154.9 5.8778288e-05
70 75 54346796 0.00044663625 8490512.2 6.9777261e-05
75 80 60702291 0.00049886738 10027901 8.2411924e-05
80 85 67250650 0.00055268351 11678132 9.5973957e-05
85 90 73930296 0.0006075786 13368725 0.0001098677
90 95 80810115 0.00066411876 15182577 0.00012477441
95 100 87791362 0.00072149248 17142638 0.0001408827
100 105 94832888 0.00077936159 19164564 0.00015749942
105 110 1.0201933e+08 0.00083842168 21293507 0.00017499564
110 115 1.092181e+08 0.00089758307 23570872 0.00019371162
115 120 1.1649119e+08 0.00095735524 25926851 0.00021307368
120 125 1.237885e+08 0.0010173264 28360160 0.00023307125
125 130 1.3106146e+08 0.0010770976 30810734 0.00025321071
130 135 1.3835776e+08 0.0011370604 33370690 0.0002742491
135 140 1.4566538e+08 0.0011971164 35931633 0.0002952956
140 145 1.5291998e+08 0.0012567366 38516271 0.00031653684
145 150 1.6018556e+08 0.001316447 41088638 0.00033767722
150 155 1.6743442e+08 0.00137602 43563881 0.00035801942
155 160 1.7476176e+08 0.0014362381 45981521 0.00037788822
160 165 1.8203231e+08 0.0014959894 48166020 0.00039584101
165 170 1.8933973e+08 0.0015560436 50475817 0.00041482352
170 175 1.9655874e+08 0.0016153714 52662654 0.00043279553
175 180 2.0376787e+08 0.0016746179 54828749 0.00045059707
180 185 2.1086486e+08 0.0017329428 56830597 0.00046704878
185 190 2.1802242e+08 0.0017917655 58772112 0.00048300466
190 195 2.2512061e+08 0.0018501004 60798578 0.00049965869
195 200 2.3212839e+08 0.0019076921 62823369 0.00051629895
