0 5 137546 9.234508e-07 5641.26 3.7874064e-08
5 10 944626 6.341992e-06 21175.148 1.4216486e-07
10 15 2547038 1.7100201e-05 31107.826 2.0885047e-07
15 20 4935109 3.3133136e-05 54264.748 3.6432048e-07
20 25 8090309 5.4316391e-05 96668.034 6.4900595e-07
25 30 11952549 8.0246542e-05 193370.1 1.2982404e-06
30 35 16530563 0.00011098223 308189.38 2.0691094e-06
35 40 21801260 0.00014636842 480063.65 3.223032e-06
40 45 27716594 0.00018608255 705385.41 4.7357881e-06
45 50 34263521 0.00023003705 988873.59 6.6390597e-06
50 55 41449717 0.00027828344 1339976.1 8.9962778e-06
55 60 49203007 0.00033033717 1662149.7 1.1159274e-05
60 65 57513286 0.00038613038 2011652.8 1.3505753e-05
65 70 66355297 0.00044549352 2448726.9 1.6440164e-05
70 75 75773425 0.00050872457 2889340.7 1.9398339e-05
75 80 85669977 0.00057516764 3364666.4 2.2589562e-05
80 85 96059904 0.00064492312 3824153.9 2.5674451e-05
85 90 1.0691134e+08 0.00071777706 4231472.2 2.8409088e-05
90 95 1.1821117e+08 0.00079364138 4696797.2 3.1533168e-05
95 100 1.2994884e+08 0.00087244526 5111443.4 3.4317003e-05
100 105 1.4206678e+08 0.00095380225 5404713.9 3.628595e-05
105 110 1.5451539e+08 0.0010373792 5797408.4 3.8922407e-05
110 115 1.6746827e+08 0.0011243417 6127768.1 4.1140363e-05
115 120 1.8071581e+08 0.0012132825 6328803.1 4.2490064e-05
120 125 1.9427452e+08 0.0013043125 6613860.7 4.4403871e-05
125 130 2.0814949e+08 0.0013974656 6669830.7 4.4779641e-05
130 135 2.2228917e+08 0.0014923961 6951937.3 4.6673636e-05
135 140 2.3670581e+08 0.001589186 7052816.9 4.7350918e-05
140 145 2.5140564e+08 0.001687877 7057388.7 4.7381612e-05
145 150 2.6629397e+08 0.0017878337 6970028.7 4.6795098e-05
150 155 2.8143168e+08 0.0018894647 6786159.5 4.5560645e-05
155 160 2.9669711e+08 0.0019919531 6539702.8 4.3905993e-05
160 165 3.1214762e+08 0.0020956841 6372244 4.2781715e-05
165 170 3.2774361e+08 0.0022003919 6003397 4.0305365e-05
170 175 3.4347062e+08 0.0023059792 5772785.8 3.8757097e-05
175 180 3.5939619e+08 0.0024128997 5265380 3.5350496e-05
180 185 3.7540138e+08 0.0025203547 4717893.9 3.1674806e-05
185 190 3.9143131e+08 0.0026279757 4136956.1 2.7774529e-05
190 195 4.0752791e+08 0.0027360445 3303943.5 2.2181883e-05
195 200 4.2377654e+08 0.0028451339 2576110.6 1.7295388e-05
