0 5 141366 9.2609566e-07 6632.7417 4.3451418e-08
5 10 963821 6.314039e-06 16267.669 1.065703e-07
10 15 2601991 1.7045772e-05 22604.706 1.4808455e-07
15 20 5049797 3.308147e-05 29510.815 1.9332681e-07
20 25 8272289 5.4192174e-05 101857.19 6.6727146e-07
25 30 12229200 8.0114094e-05 180326.19 1.1813258e-06
30 35 16909693 0.00011077623 325388.16 2.1316339e-06
35 40 22285402 0.00014599277 505286.57 3.3101573e-06
40 45 28346408 0.00018569872 740850.12 4.8533458e-06
45 50 35054824 0.00022964589 986198.54 6.4606354e-06
50 55 42413071 0.00027785013 1310471.9 8.5849661e-06
55 60 50346301 0.00032982111 1715269.8 1.1236817e-05
60 65 58852402 0.000385545 2142199 1.4033652e-05
65 70 67903739 0.00044484075 2541726.3 1.6650975e-05
70 75 77551034 0.00050804066 3041437.9 1.992461e-05
75 80 87717848 0.00057464396 3501135.2 2.293611e-05
80 85 98362262 0.00064437604 3889670.9 2.5481426e-05
85 90 1.0942929e+08 0.00071687669 4446922.1 2.9132007e-05
90 95 1.2105098e+08 0.00079301096 4907826.5 3.2151414e-05
95 100 1.3303914e+08 0.000871546 5362747.3 3.5131623e-05
100 105 1.4545167e+08 0.00095286106 5774695.3 3.7830314e-05
105 110 1.5826375e+08 0.0010367937 6136889 4.0203064e-05
110 115 1.7147073e+08 0.0011233132 6463192.9 4.2340696e-05
115 120 1.8511519e+08 0.0012126988 6671580.1 4.3705851e-05
120 125 1.9904702e+08 0.0013039669 6934548.5 4.542857e-05
125 130 2.1330217e+08 0.0013973531 6972595.5 4.5677818e-05
130 135 2.2782666e+08 0.0014925037 7070845.9 4.6321461e-05
135 140 2.4266798e+08 0.00158973 7217037 4.7279166e-05
140 145 2.5767494e+08 0.0016880413 7275085.9 4.7659448e-05
145 150 2.7305752e+08 0.0017888133 7314990.7 4.7920866e-05
150 155 2.8859804e+08 0.00189062 7070580 4.6319719e-05
155 160 3.0430514e+08 0.001993518 6824909.2 4.4710317e-05
160 165 3.2026969e+08 0.0020981025 6662590.9 4.3646962e-05
165 170 3.3624936e+08 0.0022027862 6248513.9 4.0934323e-05
170 175 3.5250046e+08 0.002309248 6060435.3 3.9702211e-05
175 180 3.688507e+08 0.0024163591 5743113.8 3.7623422e-05
180 185 3.8529331e+08 0.0025240755 5198279.7 3.4054188e-05
185 190 4.0179436e+08 0.0026321747 4617998.7 3.0252738e-05
190 195 4.1836943e+08 0.0027407588 3892243 2.5498276e-05
195 200 4.3504146e+08 0.0028499781 3325493.8 2.1785475e-05
