0 5 140794 9.2898778e-07 7801.4136 5.1475333e-08
5 10 963478 6.3572261e-06 19726.508 1.3015956e-07
10 15 2583532 1.7046676e-05 21636.443 1.4276171e-07
15 20 5005728 3.3028823e-05 27217.252 1.7958503e-07
20 25 8202179 5.4119665e-05 89685.093 5.917607e-07
25 30 12124101 7.9997313e-05 229359.96 1.5133642e-06
30 35 16782135 0.00011073198 386184.84 2.5481271e-06
35 40 22123367 0.00014597453 531316.38 3.5057348e-06
40 45 28105679 0.00018544705 707167.46 4.6660364e-06
45 50 34742713 0.00022923957 996889.08 6.5776793e-06
50 55 42035360 0.00027735795 1325670.1 8.7470438e-06
55 60 49881180 0.00032912629 1674994.8 1.105196e-05
60 65 58330272 0.00038487514 2071008.2 1.3664938e-05
65 70 67297840 0.000444045 2517476.7 1.6610829e-05
70 75 76865919 0.00050717715 2943761.6 1.9423545e-05
75 80 86890141 0.00057331903 3454345.1 2.279248e-05
80 85 97458421 0.00064305072 3963804.8 2.6154e-05
85 90 1.0848007e+08 0.0007157738 4397970.7 2.9018715e-05
90 95 1.1993644e+08 0.00079136533 4791223.5 3.1613479e-05
95 100 1.3181792e+08 0.00086976174 5256551.6 3.4683809e-05
100 105 1.4421061e+08 0.00095153129 5687343.4 3.7526262e-05
105 110 1.5692207e+08 0.0010354041 6058512 3.9975309e-05
110 115 1.700136e+08 0.0011217847 6430286.3 4.2428352e-05
115 120 1.8349777e+08 0.001210756 6692881 4.4161006e-05
120 125 1.9730536e+08 0.0013018614 7002149.6 4.6201624e-05
125 130 2.1148028e+08 0.0013953904 7197174.4 4.7488438e-05
130 135 2.2586958e+08 0.001490334 7519620.4 4.9616003e-05
135 140 2.4057129e+08 0.0015873389 7755477 5.1172233e-05
140 145 2.5548653e+08 0.0016857527 7721201.3 5.0946075e-05
145 150 2.706792e+08 0.0017859971 7760910.4 5.1208084e-05
150 155 2.8611782e+08 0.0018878642 7792148.2 5.1414197e-05
155 160 3.0168986e+08 0.0019906118 7912416.9 5.2207755e-05
160 165 3.1740584e+08 0.0020943091 7958261.4 5.2510246e-05
165 170 3.3337571e+08 0.0021996816 7771936.8 5.1280838e-05
170 175 3.4945359e+08 0.0023057667 7628969.3 5.033751e-05
175 180 3.6559166e+08 0.002412249 7373995.7 4.8655141e-05
180 185 3.8189686e+08 0.002519834 6820874.7 4.5005535e-05
185 190 3.9829434e+08 0.002628028 6279223.1 4.1431606e-05
190 195 4.1477691e+08 0.0027367834 5711756.4 3.7687344e-05
195 200 4.312998e+08 0.0028458048 5036000.5 3.3228567e-05
