0 5 116931 9.5275972e-07 3169.3666 2.582416e-08
5 10 795679 6.4832329e-06 20492.949 1.6697758e-07
10 15 2126762 1.7328965e-05 53774.896 4.3816058e-07
15 20 4076829 3.321821e-05 119343.14 9.7241395e-07
20 25 6602582 5.3798173e-05 234032.49 1.9069086e-06
25 30 9651189 7.8638378e-05 510725.14 4.1614144e-06
30 35 13189324 0.00010746728 882869.17 7.1936628e-06
35 40 17183995 0.00014001606 1356963.1 1.1056604e-05
40 45 21551977 0.0001756066 2012177.9 1.6395327e-05
45 50 26306991 0.0002143507 2827266 2.3036706e-05
50 55 31394353 0.00025580278 3733828.4 3.0423423e-05
55 60 36799706 0.00029984587 4781762.5 3.8962043e-05
60 65 42491734 0.0003462248 5959715.3 4.8560063e-05
65 70 48449176 0.00039476634 7325406.3 5.9687782e-05
70 75 54605984 0.00044493233 8655510.4 7.0525538e-05
75 80 61035276 0.00049731853 10243382 8.3463599e-05
80 85 67612781 0.00055091237 11781167 9.5993545e-05
85 90 74377084 0.00060602825 13504857 0.00011003826
90 95 81306690 0.00066249104 15366093 0.00012520371
95 100 88338264 0.00071978466 17331716 0.0001412197
100 105 95504570 0.00077817608 19454861 0.00015851919
105 110 1.0272812e+08 0.0008370339 21631538 0.00017625487
110 115 1.1000892e+08 0.0008963583 24009381 0.00019562966
115 120 1.1736329e+08 0.00095628206 26495762 0.00021588881
120 125 1.2468709e+08 0.0010159567 28978392 0.00023611741
125 130 1.3204173e+08 0.0010758827 31514618 0.00025678271
130 135 1.394355e+08 0.0011361275 34233857 0.00027893921
135 140 1.4681111e+08 0.0011962244 36914696 0.00030078282
140 145 1.541878e+08 0.00125633 39734850 0.00032376157
145 150 1.6159167e+08 0.0013166571 42352378 0.00034508932
150 155 1.6892802e+08 0.0013764341 45047726 0.00036705116
155 160 1.7628902e+08 0.0014364119 47704385 0.00038869775
160 165 1.8365256e+08 0.0014964103 50269150 0.00040959558
165 170 1.910008e+08 0.0015562842 52649071 0.00042898731
170 175 1.9839703e+08 0.0016165491 55077817 0.00044877685
175 180 2.0577608e+08 0.001676674 57377310 0.00046751323
180 185 2.130486e+08 0.0017359308 59697953 0.00048642195
185 190 2.202601e+08 0.0017946905 61781398 0.00050339797
190 195 2.2741788e+08 0.0018530125 63952105 0.000521085
195 200 2.3452626e+08 0.0019109318 66028279 0.00053800177
