0 5 117681 9.5868819e-07 3201.6681 2.6082387e-08
5 10 800284 6.5195131e-06 15186.391 1.2371592e-07
10 15 2131926 1.7367734e-05 58642.043 4.7772737e-07
15 20 4093809 3.3350212e-05 119322.9 9.7206394e-07
20 25 6639705 5.4090352e-05 260433.15 2.1216185e-06
25 30 9695226 7.8982152e-05 522153.07 4.2537197e-06
30 35 13240761 0.00010786585 866867 7.0619315e-06
35 40 17244104 0.00014047908 1389380.5 1.1318587e-05
40 45 21630550 0.00017621326 2049916.3 1.6699642e-05
45 50 26425544 0.00021527568 2845022.8 2.3176976e-05
50 55 31505492 0.00025665947 3760791.5 3.0637286e-05
55 60 36930979 0.0003008582 4806329.3 3.9154758e-05
60 65 42605500 0.00034708568 5984725.1 4.8754559e-05
65 70 48546466 0.00039548375 7293019.2 5.9412576e-05
70 75 54743532 0.00044596815 8677798.1 7.0693676e-05
75 80 61162690 0.00049826181 10298635 8.3897824e-05
80 85 67738052 0.000551828 11872323 9.6717868e-05
85 90 74477243 0.00060672881 13636699 0.00011109136
90 95 81371991 0.00066289687 15396157 0.00012542478
95 100 88417418 0.00072029244 17273031 0.00014071473
100 105 95534450 0.00077827133 19366571 0.00015776976
105 110 1.0274212e+08 0.00083698865 21516061 0.00017528058
110 115 1.0998789e+08 0.0008960163 23694144 0.00019302433
115 120 1.1733614e+08 0.00095587882 26023230 0.00021199823
120 125 1.2467579e+08 0.0010156712 28569144 0.00023273852
125 130 1.3202818e+08 0.0010755675 31102028 0.00025337265
130 135 1.3938495e+08 0.0011354994 33628836 0.00027395729
135 140 1.4674647e+08 0.00119547 36408186 0.00029659927
140 145 1.5413315e+08 0.0012556456 39103849 0.00031855948
145 150 1.6147314e+08 0.0013154408 41846524 0.00034090268
150 155 1.6883073e+08 0.0013753794 44274889 0.00036068536
155 160 1.7612396e+08 0.0014347937 46778901 0.00038108429
160 165 1.835039e+08 0.0014949144 49256850 0.00040127089
165 170 1.9083173e+08 0.0015546106 51598013 0.00042034318
170 175 1.9816141e+08 0.0016143218 53858054 0.0004387546
175 180 2.0543507e+08 0.0016735767 55911329 0.0004554816
180 185 2.1278642e+08 0.0017334645 57977447 0.00047231324
185 190 2.2003756e+08 0.0017925359 60103901 0.00048963639
190 195 2.2716175e+08 0.001850573 62111598 0.00050599209
195 200 2.3426359e+08 0.0019084282 64183554 0.00052287128
