0 5 141983 9.27997e-07 7166.645 4.6840996e-08
5 10 972209 6.3543314e-06 23929.744 1.5640415e-07
10 15 2616882 1.7103869e-05 41166.334 2.6906203e-07
15 20 5062089 3.3085675e-05 55744.391 3.6434381e-07
20 25 8288693 5.4174671e-05 124842.25 8.1596551e-07
25 30 12239158 7.9994802e-05 217981.43 1.4247206e-06
30 35 16937887 0.00011070557 347372.56 2.2704175e-06
35 40 22328762 0.00014594018 535871.15 3.5024391e-06
40 45 28388617 0.00018554722 764747.95 4.9983717e-06
45 50 35126039 0.00022958283 1066922.6 6.9733771e-06
50 55 42466215 0.00027755802 1335562.9 8.7292026e-06
55 60 50444744 0.00032970547 1730293.4 1.1309151e-05
60 65 58999734 0.00038562065 2173867.6 1.4208339e-05
65 70 68047384 0.00044475584 2565343.2 1.6767013e-05
70 75 77702287 0.00050786002 2928640.4 1.9141513e-05
75 80 87857609 0.00057423493 3445451.2 2.2519375e-05
80 85 98521845 0.00064393608 3958113.1 2.5870119e-05
85 90 1.0963985e+08 0.00071660304 4386884.7 2.8672559e-05
90 95 1.2127869e+08 0.00079267417 4897924.1 3.2012698e-05
95 100 1.3335339e+08 0.00087159412 5299855.1 3.4639708e-05
100 105 1.4580844e+08 0.00095299998 5846258.2 3.8210983e-05
105 110 1.5868218e+08 0.0010371424 6202079.7 4.0536623e-05
110 115 1.7190145e+08 0.0011235432 6523392.7 4.2636716e-05
115 120 1.855354e+08 0.0012126543 6639952.4 4.3398547e-05
120 125 1.9952203e+08 0.0013040706 7003162.3 4.5772477e-05
125 130 2.1374578e+08 0.0013970365 7149163.1 4.6726734e-05
130 135 2.2826017e+08 0.0014919022 7357932.6 4.8091246e-05
135 140 2.4306734e+08 0.0015886815 7474529.9 4.8853323e-05
140 145 2.5816741e+08 0.0016873751 7656398.4 5.004201e-05
145 150 2.7350522e+08 0.0017876226 7614880.2 4.9770648e-05
150 155 2.8900808e+08 0.0018889489 7416528.3 4.8474226e-05
155 160 3.0470416e+08 0.0019915381 7410049.8 4.8431882e-05
160 165 3.2063595e+08 0.0020956678 7180540.3 4.6931815e-05
165 170 3.3676055e+08 0.0022010577 6850153.4 4.4772415e-05
170 175 3.5294407e+08 0.0023068328 6532797.3 4.2698184e-05
175 180 3.6934947e+08 0.002414058 6115727.6 3.9972228e-05
180 185 3.857119e+08 0.0025210024 5724089 3.7412489e-05
185 190 4.022019e+08 0.0026287806 5173814.4 3.3815909e-05
190 195 4.1887883e+08 0.0027377805 4392836.5 2.8711459e-05
195 200 4.3559491e+08 0.0028470364 3768508.9 2.4630871e-05
