0 5 138657 9.2359507e-07 4722.1526 3.1454286e-08
5 10 950515 6.3313859e-06 25504.751 1.6988729e-07
10 15 2558035 1.7039086e-05 31432.646 2.0937303e-07
15 20 4961969 3.3051704e-05 34301.931 2.2848536e-07
20 25 8140852 5.4226262e-05 85646.893 5.7049444e-07
25 30 12020671 8.0069758e-05 205205.48 1.3668749e-06
30 35 16622306 0.00011072128 330658.11 2.2025156e-06
35 40 21907853 0.00014592833 465264.24 3.0991278e-06
40 45 27870218 0.00018564368 723388.89 4.8184975e-06
45 50 34471941 0.0002296178 1013679.7 6.7521261e-06
50 55 41668777 0.00027755596 1355678.7 9.0301839e-06
55 60 49469943 0.00032951957 1661645.1 1.1068228e-05
60 65 57844021 0.00038529936 2020219.1 1.3456691e-05
65 70 66783557 0.00044484566 2437629.3 1.6237063e-05
70 75 76245943 0.00050787466 2831773.1 1.8862457e-05
75 80 86218658 0.00057430297 3292560.7 2.1931766e-05
80 85 96682596 0.00064400333 3763401.1 2.5068036e-05
85 90 1.0763636e+08 0.00071696643 4099017.2 2.7303577e-05
90 95 1.1901646e+08 0.00079276935 4641582.5 3.0917607e-05
95 100 1.308781e+08 0.00087177976 5111844.9 3.4050028e-05
100 105 1.4311942e+08 0.00095331927 5532368.6 3.6851139e-05
105 110 1.5577487e+08 0.0010376173 5918757.7 3.9424879e-05
110 115 1.6872288e+08 0.001123864 6092749.3 4.0583838e-05
115 120 1.8202932e+08 0.0012124984 6402801.4 4.2649097e-05
120 125 1.9573735e+08 0.0013038076 6705946.4 4.4668347e-05
125 130 2.0977496e+08 0.0013973122 7066486.5 4.7069907e-05
130 135 2.2409058e+08 0.0014926687 7194778.1 4.7924458e-05
135 140 2.3867637e+08 0.0015898246 7107810.8 4.7345169e-05
140 145 2.534601e+08 0.0016882992 7243886 4.8251566e-05
145 150 2.6850431e+08 0.0017885088 7178380.5 4.7815233e-05
150 155 2.8384202e+08 0.0018906733 7093275 4.7248345e-05
155 160 2.9922848e+08 0.0019931626 6956341.5 4.6336231e-05
160 165 3.1492955e+08 0.0020977475 6875242 4.5796026e-05
165 170 3.3076055e+08 0.0022031979 6609785.6 4.4027819e-05
170 175 3.4670889e+08 0.0023094299 6415863.6 4.2736104e-05
175 180 3.6274217e+08 0.0024162277 5889284.3 3.9228557e-05
180 185 3.7893144e+08 0.0025240645 5344898.9 3.5602402e-05
185 190 3.9519186e+08 0.0026323752 4953662.7 3.2996376e-05
190 195 4.11493e+08 0.0027409572 4194875.6 2.794209e-05
195 200 4.2790352e+08 0.0028502678 3574941.1 2.3812703e-05
