0 5 139177 9.2489495e-07 8175.9587 5.4332993e-08
5 10 953997 6.3397473e-06 18029.64 1.1981522e-07
10 15 2573322 1.7100904e-05 23254.339 1.5453574e-07
15 20 4984853 3.3126633e-05 35950.482 2.3890743e-07
20 25 8163404 5.4249561e-05 87051.378 5.784963e-07
25 30 12058783 8.013614e-05 173818.63 1.1551045e-06
30 35 16691520 0.0001109228 304950.42 2.0265353e-06
35 40 21995957 0.00014617322 490184.69 3.257502e-06
40 45 27982048 0.00018595353 764914.53 5.0832076e-06
45 50 34598804 0.00022992491 977096.76 6.4932558e-06
50 55 41837808 0.00027803141 1342258.2 8.9199207e-06
55 60 49647596 0.00032993103 1691827 1.1242966e-05
60 65 58059865 0.00038583441 2103253.8 1.3977086e-05
65 70 67017918 0.00044536478 2556468.3 1.6988904e-05
70 75 76500187 0.0005083788 2918549.3 1.9395098e-05
75 80 86466750 0.00057461118 3386588.5 2.2505433e-05
80 85 96923302 0.00064409976 3888667.5 2.5841978e-05
85 90 1.0787341e+08 0.00071686826 4331608.9 2.8785526e-05
90 95 1.1924683e+08 0.00079244983 4805621.6 3.1935558e-05
95 100 1.3107159e+08 0.00087103077 5238968 3.4815344e-05
100 105 1.4327668e+08 0.00095213923 5656654.3 3.7591061e-05
105 110 1.5593674e+08 0.0010362711 5931815.6 3.9419633e-05
110 115 1.6891627e+08 0.001122526 6286983.8 4.1779889e-05
115 120 1.8230004e+08 0.0012114673 6564375 4.362328e-05
120 125 1.9598972e+08 0.0013024415 6819672.7 4.5319851e-05
125 130 2.1001401e+08 0.0013956393 6857147.8 4.556889e-05
130 135 2.2431357e+08 0.0014906665 7117495.7 4.7299021e-05
135 140 2.3881976e+08 0.0015870668 7160003.6 4.7581505e-05
140 145 2.5361053e+08 0.0016853582 7142927.4 4.7468026e-05
145 150 2.6866235e+08 0.0017853844 7259909.9 4.8245428e-05
150 155 2.8391351e+08 0.0018867354 7218053.2 4.7967272e-05
155 160 2.9935748e+08 0.0019893677 6945759.9 4.6157758e-05
160 165 3.149653e+08 0.0020930888 6652911 4.4211643e-05
165 170 3.3078631e+08 0.0021982266 6517630.4 4.3312641e-05
170 175 3.467128e+08 0.0023040654 5920691.7 3.934571e-05
175 180 3.6281621e+08 0.00241108 5427863.7 3.6070642e-05
180 185 3.7897483e+08 0.0025184615 5151799.2 3.4236067e-05
185 190 3.9519511e+08 0.0026262527 4350047.5 2.8908059e-05
190 195 4.115229e+08 0.0027347583 3871784.7 2.5729784e-05
195 200 4.2786525e+08 0.0028433607 2923966.1 1.9431095e-05
