0 5 138800 9.2124931e-07 6163.6213 4.0909452e-08
5 10 954677 6.3364231e-06 16689.498 1.1077225e-07
10 15 2566100 1.7031829e-05 36577.561 2.4277416e-07
15 20 4968977 3.2980307e-05 58748.635 3.8992896e-07
20 25 8133447 5.3983663e-05 109424.94 7.2627991e-07
25 30 12037322 7.989463e-05 195225.79 1.295761e-06
30 35 16638138 0.00011043136 342041.33 2.2702114e-06
35 40 21936122 0.00014559537 510307.24 3.3870331e-06
40 45 27891906 0.00018512535 685888.82 4.5524107e-06
45 50 34494501 0.00022894838 979287.54 6.4997693e-06
50 55 41724326 0.00027693449 1291758.1 8.5737124e-06
55 60 49532096 0.00032875655 1631628 1.0829512e-05
60 65 57916902 0.00038440855 1969197.6 1.3070043e-05
65 70 66867104 0.00044381321 2387119.5 1.5843892e-05
70 75 76362331 0.00050683534 2769213.8 1.8379945e-05
75 80 86308525 0.00057285064 3210937 2.1311769e-05
80 85 96752794 0.00064217179 3648102.5 2.4213342e-05
85 90 1.0769183e+08 0.00071477686 4118400.6 2.7334825e-05
90 95 1.1908843e+08 0.00079041886 4596664 3.0509175e-05
95 100 1.3090329e+08 0.00086883692 4899490.2 3.2519106e-05
100 105 1.4311271e+08 0.00094987379 5313978.6 3.5270167e-05
105 110 1.5576482e+08 0.001033849 5755035 3.8197565e-05
110 115 1.6877205e+08 0.0011201811 5965200.5 3.9592485e-05
115 120 1.8206435e+08 0.0012084053 6320747.2 4.1952334e-05
120 125 1.957694e+08 0.001299369 6585215.7 4.3707676e-05
125 130 2.0978198e+08 0.0013923739 6767254.9 4.4915914e-05
130 135 2.2404341e+08 0.0014870305 7059217 4.6853738e-05
135 140 2.3860189e+08 0.0015836587 7160164.5 4.7523751e-05
140 145 2.5345318e+08 0.0016822303 7008263 4.6515544e-05
145 150 2.6849169e+08 0.0017820446 7065164.8 4.6893215e-05
150 155 2.837567e+08 0.0018833621 6963206.6 4.6216493e-05
155 160 2.9918513e+08 0.0019857644 6955717.3 4.6166785e-05
160 165 3.1477225e+08 0.0020892199 6764779.2 4.4899483e-05
165 170 3.3057306e+08 0.0021940937 6487863.8 4.3061528e-05
170 175 3.4650648e+08 0.0022998477 6213524.2 4.1240669e-05
175 180 3.6255886e+08 0.0024063912 5875284.2 3.8995688e-05
180 185 3.7866434e+08 0.0025132872 5397987.9 3.5827757e-05
185 190 3.94885e+08 0.0026209477 4892217.7 3.2470837e-05
190 195 4.1116817e+08 0.002729023 4418459.9 2.9326391e-05
195 200 4.2758993e+08 0.0028380182 3694106 2.4518679e-05
