0 5 118965 9.6574969e-07 7129.7222 5.7878595e-08
5 10 807976 6.5590936e-06 29311.488 2.3794865e-07
10 15 2145595 1.7417793e-05 60703.499 4.9278683e-07
15 20 4118066 3.3430177e-05 136518.13 1.1082448e-06
20 25 6666736 5.4120104e-05 289234.45 2.3479854e-06
25 30 9742519 7.9089099e-05 545371.6 4.4272891e-06
30 35 13312697 0.00010807156 937439.84 7.6100721e-06
35 40 17320909 0.00014060995 1429344.2 1.1603318e-05
40 45 21728650 0.00017639169 2069337.2 1.6798737e-05
45 50 26520269 0.00021528972 2872065.9 2.3315233e-05
50 55 31626149 0.0002567389 3792139.8 3.078433e-05
55 60 37053138 0.00030079483 4838516.8 3.9278746e-05
60 65 42781446 0.00034729684 6072282.8 4.9294374e-05
65 70 48747459 0.00039572852 7349534.2 5.9663013e-05
70 75 54962539 0.00044618211 8759172.9 7.1106363e-05
75 80 61400597 0.00049844582 10397305 8.4404603e-05
80 85 67992400 0.00055195763 11954154 9.7042998e-05
85 90 74786570 0.00060711223 13708115 0.00011128154
90 95 81704021 0.00066326762 15534264 0.00012610609
95 100 88775181 0.00072067081 17443143 0.00014160224
100 105 95950581 0.00077892022 19574086 0.00015890108
105 110 1.0315685e+08 0.00083742024 21714927 0.00017628029
110 115 1.1049196e+08 0.00089696613 24079213 0.00019547339
115 120 1.1783515e+08 0.00095657766 26496393 0.0002150959
120 125 1.2520109e+08 0.0010163739 29017527 0.00023556229
125 130 1.3254529e+08 0.0010759935 31521332 0.00025588801
130 135 1.3997918e+08 0.0011363414 34198898 0.0002776243
135 140 1.4734744e+08 0.0011961564 36757311 0.00029839333
140 145 1.5473098e+08 0.0012560955 39534377 0.00032093735
145 150 1.6214995e+08 0.0013163221 42142529 0.00034211015
150 155 1.6952705e+08 0.001376209 44760490 0.00036336258
155 160 1.7694218e+08 0.0014364045 47330837 0.00038422848
160 165 1.843177e+08 0.0014962784 49813099 0.00040437931
165 170 1.9171259e+08 0.0015563096 52193889 0.0004237064
170 175 1.9906236e+08 0.0016159746 54344563 0.00044116542
175 180 2.0645196e+08 0.0016759628 56669422 0.00046003847
180 185 2.1378603e+08 0.0017355003 58746523 0.00047690023
185 190 2.2109631e+08 0.0017948447 60817696 0.00049371387
190 195 2.2827273e+08 0.0018531024 62802125 0.00050982333
195 200 2.3543564e+08 0.0019112504 64893720 0.00052680276
