0 5 140102 9.2315223e-07 4827.5182 3.1809212e-08
5 10 960768 6.3306385e-06 20217.189 1.3321397e-07
10 15 2585325 1.7035078e-05 34724.098 2.2880208e-07
15 20 5013890 3.3037242e-05 21313.814 1.4043979e-07
20 25 8211269 5.4105233e-05 73704.032 4.8564647e-07
25 30 12134649 7.9956948e-05 184141.99 1.2133381e-06
30 35 16773968 0.00011052609 336409.98 2.2166538e-06
35 40 22142789 0.00014590202 500004.75 3.2946032e-06
40 45 28134696 0.00018538356 767828.31 5.0593312e-06
45 50 34780486 0.00022917362 956574.65 6.303008e-06
50 55 42052673 0.00027709111 1317429.8 8.6807342e-06
55 60 49923297 0.00032895178 1700995 1.1208101e-05
60 65 58382853 0.00038469302 2049141.4 1.3502087e-05
65 70 67387861 0.00044402831 2436537.4 1.6054696e-05
70 75 76952193 0.00050704907 2896641.9 1.908639e-05
75 80 86953483 0.00057294901 3389321.9 2.2332729e-05
80 85 97511241 0.00064251559 3850166 2.5369297e-05
85 90 1.0849027e+08 0.00071485799 4261027.1 2.807652e-05
90 95 1.1997118e+08 0.00079050737 4740321.5 3.123466e-05
95 100 1.3188315e+08 0.00086899704 5101068.9 3.3611677e-05
100 105 1.4416214e+08 0.00094990509 5506673.8 3.6284266e-05
105 110 1.56853e+08 0.001033527 5971728.6 3.9348578e-05
110 115 1.6995927e+08 0.0011198861 6311592.1 4.1587988e-05
115 120 1.8337384e+08 0.0012082766 6553065.7 4.3179093e-05
120 125 1.971705e+08 0.0012991848 6852027.4 4.5148994e-05
125 130 2.1127388e+08 0.001392114 7052698.8 4.6471247e-05
130 135 2.2564266e+08 0.0014867919 7336049 4.8338282e-05
135 140 2.4026803e+08 0.0015831606 7354601.7 4.8460529e-05
140 145 2.5516639e+08 0.0016813281 7396414.8 4.8736041e-05
145 150 2.7030158e+08 0.001781056 7488961.1 4.9345842e-05
150 155 2.8570882e+08 0.0018825765 7245050.6 4.7738681e-05
155 160 3.0123134e+08 0.0019848566 7257994.8 4.7823972e-05
160 165 3.1693088e+08 0.0020883032 7065086.4 4.655287e-05
165 170 3.3278565e+08 0.0021927725 6814416.7 4.4901172e-05
170 175 3.4888288e+08 0.0022988394 6543710.8 4.3117452e-05
175 180 3.6498539e+08 0.0024049412 6194861.7 4.0818835e-05
180 185 3.8124939e+08 0.0025121071 5734067.7 3.7782597e-05
185 190 3.975629e+08 0.0026195992 5076253.7 3.3448166e-05
190 195 4.1392581e+08 0.0027274167 4408105.3 2.904564e-05
195 200 4.304319e+08 0.0028361777 3770021.8 2.4841216e-05
