0 5 114303 9.4162981e-07 4368.046 3.5984028e-08
5 10 786583 6.4798824e-06 19279.542 1.5882516e-07
10 15 2111027 1.7390672e-05 61619.188 5.0761979e-07
15 20 4049706 3.3361538e-05 122134.78 1.0061481e-06
20 25 6558437 5.4028501e-05 255961.06 2.108611e-06
25 30 9585360 7.8964338e-05 515117.46 4.2435453e-06
30 35 13109278 0.00010799443 866599.72 7.1390614e-06
35 40 17063758 0.00014057149 1394922.8 1.1491395e-05
40 45 21423514 0.00017648723 1983165.1 1.6337344e-05
45 50 26149605 0.00021542083 2728852.4 2.2480326e-05
50 55 31217289 0.00025716849 3650534.2 3.0073155e-05
55 60 36567075 0.00030124011 4714053.8 3.8834445e-05
60 65 42199073 0.00034763659 5918660.9 4.8758016e-05
65 70 48094132 0.00039620017 7170279.2 5.9068866e-05
70 75 54209225 0.0004465764 8577162.1 7.0658788e-05
75 80 60547330 0.0004987898 10119863 8.3367578e-05
80 85 67044984 0.00055231757 11738926 9.6705442e-05
85 90 73765106 0.00060767804 13521938 0.00011139393
90 95 80575055 0.0006637785 15336569 0.00012634288
95 100 87499997 0.00072082627 17326230 0.00014273374
100 105 94523732 0.0007786879 19360581 0.00015949276
105 110 1.0164209e+08 0.00083732906 21681180 0.00017860988
110 115 1.0882361e+08 0.0008964905 23827706 0.000196293
115 120 1.1601945e+08 0.00095576998 26202274 0.00021585472
120 125 1.2325817e+08 0.0010154026 28726556 0.0002366498
125 130 1.3055697e+08 0.0010755302 31191570 0.00025695662
130 135 1.378398e+08 0.0011355263 33751675 0.0002780468
135 140 1.4508749e+08 0.0011952329 36383756 0.00029972992
140 145 1.5230492e+08 0.0012546902 38976046 0.00032108524
145 150 1.5960912e+08 0.0013148623 41598940 0.00034269269
150 155 1.668813e+08 0.0013747706 44087631 0.00036319456
155 160 1.7416122e+08 0.0014347427 46583941 0.00038375919
160 165 1.814392e+08 0.0014946988 48845416 0.00040238926
165 170 1.8868898e+08 0.0015544226 51289354 0.00042252246
170 175 1.9593543e+08 0.0016141189 53350112 0.00043949901
175 180 2.0315614e+08 0.0016736033 55384908 0.00045626169
180 185 2.103468e+08 0.0017328401 57631502 0.00047476917
185 190 2.1742813e+08 0.0017911762 59637655 0.00049129588
190 195 2.2450515e+08 0.0018494768 61744849 0.00050865498
195 200 2.3153731e+08 0.0019074078 63814914 0.0005257082
