0 5 139226 9.2206838e-07 6141.293 4.0672662e-08
5 10 959482 6.3544741e-06 24985.897 1.6547704e-07
10 15 2587392 1.7135825e-05 37964.142 2.5142958e-07
15 20 5007957 3.3166785e-05 56436.649 3.7376962e-07
20 25 8189932 5.4240424e-05 98906.893 6.550423e-07
25 30 12086183 8.0044583e-05 204115.53 1.3518199e-06
30 35 16721491 0.00011074338 328070.67 2.1727522e-06
35 40 22044752 0.00014599837 452422.67 2.9963127e-06
40 45 28052279 0.00018578512 689134.49 4.5640119e-06
45 50 34674775 0.0002296447 956158.92 6.3324659e-06
50 55 41940514 0.00027776437 1344777.3 8.9062143e-06
55 60 49783754 0.00032970871 1688135.6 1.1180214e-05
60 65 58211763 0.00038552588 2181261 1.4446094e-05
65 70 67195069 0.00044502067 2593123 1.717378e-05
70 75 76660482 0.00050770837 3041615.4 2.0144063e-05
75 80 86666155 0.00057397412 3388001 2.2438112e-05
80 85 97185215 0.00064363993 3902280.3 2.584409e-05
85 90 1.0815279e+08 0.0007162762 4383723.7 2.9032602e-05
90 95 1.1959891e+08 0.00079208172 4822105.7 3.1935925e-05
95 100 1.3140974e+08 0.00087030268 5363841.5 3.5523743e-05
100 105 1.4370542e+08 0.00095173478 5808825.8 3.8470792e-05
105 110 1.5631348e+08 0.0010352356 6153926.4 4.0756331e-05
110 115 1.6940809e+08 0.0011219589 6480210.3 4.2917249e-05
115 120 1.8279202e+08 0.0012105982 6746948 4.4683805e-05
120 125 1.9651473e+08 0.0013014812 7008861.2 4.6418408e-05
125 130 2.1046485e+08 0.0013938703 7195368.5 4.7653611e-05
130 135 2.2477327e+08 0.0014886323 7305150.3 4.8380677e-05
135 140 2.3935017e+08 0.0015851725 7371896.3 4.8822723e-05
140 145 2.541636e+08 0.0016832791 7409909.4 4.9074477e-05
145 150 2.6928911e+08 0.0017834526 7399060.3 4.9002626e-05
150 155 2.8452781e+08 0.0018843757 7323338.8 4.8501136e-05
155 160 3.0001602e+08 0.0019869513 7067237.4 4.6805023e-05
160 165 3.1562281e+08 0.0020903122 6870497.8 4.5502053e-05
165 170 3.3138179e+08 0.0021946811 6601185.7 4.3718448e-05
170 175 3.4729419e+08 0.002300066 6127395.1 4.0580619e-05
175 180 3.6336784e+08 0.0024065188 5763087.9 3.8167879e-05
180 185 3.7949254e+08 0.0025133098 5216395 3.4547231e-05
185 190 3.9576627e+08 0.0026210877 4578043.7 3.0319548e-05
190 195 4.1210419e+08 0.0027292908 3865886 2.5603057e-05
195 200 4.2847241e+08 0.0028376945 3326684.6 2.2032025e-05
