2.5	4.4096117425799966	0.002311298134119326	0.0	0.0	0.0	0.0
7.5	0.5055422442020002	0.0005315435540257108	0.0	0.0	0.0	0.0
12.5	-0.0320593716604	0.0002655271311436715	0.0	0.0	0.0	0.0
17.5	-0.15851739881799992	0.0001727558991278762	0.0	0.0	0.0	0.0
22.5	-0.10632383271800012	0.00015607848218431155	0.0	0.0	0.0	0.0
27.5	0.015085958255800003	0.00018699754935605712	0.0	0.0	0.0	0.0
32.5	0.035651139027200004	0.0001373215307705262	0.0	0.0	0.0	0.0
37.5	0.0183026394924	0.00011495966025921679	0.0	0.0	0.0	0.0
42.5	0.0067523459166799965	0.00010484322074319842	0.0	0.0	0.0	0.0
47.5	0.0018540349422199996	8.75864436834616e-05	0.0	0.0	0.0	0.0
52.5	0.0003143345183723998	8.044363614542363e-05	0.0	0.0	0.0	0.0
57.5	0.00010569040613730392	7.614930516502092e-05	0.0	0.0	0.0	0.0
62.5	0.0002857720985932	6.725613585775764e-05	0.0	0.0	0.0	0.0
67.5	0.0004807020374699997	6.086081659085438e-05	0.0	0.0	0.0	0.0
72.5	0.0005172565771199998	5.886268997663521e-05	0.0	0.0	0.0	0.0
77.5	0.00030011514871960027	5.412683436692435e-05	0.0	0.0	0.0	0.0
82.5	-3.2327506853528194e-05	5.162272157699252e-05	0.0	0.0	0.0	0.0
87.5	-0.00019634184083920013	5.030501946050315e-05	0.0	0.0	0.0	0.0
92.5	-2.9361382515523395e-05	4.584572841670909e-05	0.0	0.0	0.0	0.0
97.5	0.00028501250002000003	4.528767017469595e-05	0.0	0.0	0.0	0.0
102.5	0.00041454800683800004	4.265341492139925e-05	0.0	0.0	0.0	0.0
107.5	0.0002457585712	3.75139608692821e-05	0.0	0.0	0.0	0.0
112.5	-2.7127144242811986e-05	3.7171517860381835e-05	0.0	0.0	0.0	0.0
117.5	-0.00016122733483200005	3.9608845399377426e-05	0.0	0.0	0.0	0.0
122.5	-0.00010904991022740005	3.459246300211595e-05	0.0	0.0	0.0	0.0
127.5	3.328825872284395e-06	3.63400622382044e-05	0.0	0.0	0.0	0.0
132.5	6.637457655241998e-05	3.257722948502567e-05	0.0	0.0	0.0	0.0
137.5	6.184624289307996e-05	2.922530227555984e-05	0.0	0.0	0.0	0.0
142.5	2.4022936027778007e-05	3.2072318966194576e-05	0.0	0.0	0.0	0.0
147.5	-1.621062278152661e-05	2.8545789323927002e-05	0.0	0.0	0.0	0.0
152.5	-3.738275860570503e-05	2.766898808442568e-05	0.0	0.0	0.0	0.0
157.5	-3.701190686304801e-05	2.7036876349143538e-05	0.0	0.0	0.0	0.0
162.5	-2.846797729082299e-05	2.5525332458604815e-05	0.0	0.0	0.0	0.0
167.5	-2.3953704885076e-05	2.5370224738091122e-05	0.0	0.0	0.0	0.0
172.5	-2.7609418051511986e-05	2.5978547173816315e-05	0.0	0.0	0.0	0.0
177.5	-3.053689804767263e-05	2.4482950540693388e-05	0.0	0.0	0.0	0.0
182.5	-2.5930349346380004e-05	2.4208037799772653e-05	0.0	0.0	0.0	0.0
187.5	-1.59913198149272e-05	2.2673575926570253e-05	0.0	0.0	0.0	0.0
192.5	-1.0107407835262206e-05	2.1256017101845525e-05	0.0	0.0	0.0	0.0
197.5	-1.2466781614930003e-05	2.1267191955294225e-05	0.0	0.0	0.0	0.0
