2.5	13.099440565600007	0.018706176455913628	2.3385562964e-310	0.0	0.0	0.0
7.5	2.0249576003399987	0.003624572747270735	8.00164e-319	0.0	7.9903e-319	0.0
12.5	0.5325763005499997	0.0015453702743462318	7.9721e-319	0.0	7.96286e-319	0.0
17.5	0.05131965556940001	0.0008419255501836327	7.94462e-319	0.0	7.9359e-319	0.0
22.5	-0.14081594521400012	0.0005569908683833454	7.91676e-319	0.0	7.9086e-319	0.0
27.5	-0.19481260603200012	0.0004459566120743668	7.89023e-319	0.0	7.8845e-319	0.0
32.5	-0.14047985403399993	0.0004172951903217969	7.86745e-319	0.0	7.85722e-319	0.0
37.5	0.005483214502819998	0.0004705002158726879	7.844e-319	0.0	7.8339e-319	0.0
42.5	0.03677832705780001	0.0003804884242643636	7.8198e-319	0.0	7.80984e-319	0.0
47.5	0.015944457527200015	0.0003447218486475552	7.798e-319	0.0	7.7916e-319	0.0
52.5	0.00533206483876	0.00030359470818606065	7.7781e-319	0.0	7.77076e-319	0.0
57.5	0.0013000848070200005	0.000277512211795487	7.7592e-319	0.0	7.75145e-319	0.0
62.5	0.00010382630946561994	0.00026574079302083974	7.73835e-319	0.0	7.7311e-319	0.0
67.5	-0.00021880714403985988	0.00023748146410923214	7.7209e-319	0.0	7.7149e-319	0.0
72.5	-0.0005758097872714837	0.00021442207531299494	7.7033e-319	0.0	7.6981e-319	0.0
77.5	-0.0009888591833600003	0.0001952038615520857	7.68534e-319	0.0	7.68144e-319	0.0
82.5	-0.001121928418764001	0.0001910013925694222	7.67076e-319	0.0	7.6665e-319	0.0
87.5	-0.0007430684877099996	0.0001883807067185813	7.65555e-319	0.0	7.64927e-319	0.0
92.5	6.5215512384974e-05	0.00017498906360304017	7.6402e-319	0.0	7.63455e-319	0.0
97.5	0.0009234181914719996	0.00016531374868817672	7.62813e-319	0.0	7.6216e-319	0.0
102.5	0.0013290505063000009	0.00015428372747978243	7.61162e-319	0.0	7.60846e-319	0.0
107.5	0.0011115016256359983	0.0001517350855367651	7.59843e-319	0.0	7.59517e-319	0.0
112.5	0.00046806757638799963	0.00014009187864418588	7.5878e-319	0.0	7.5821e-319	0.0
117.5	-0.00019765105156385998	0.0001374172437684269	7.57645e-319	0.0	7.57116e-319	0.0
122.5	-0.0005845789703660009	0.0001382618323290705	7.56484e-319	0.0	7.55935e-319	0.0
127.5	-0.0005946546174239997	0.00013017513047952037	7.5539e-319	0.0	7.54833e-319	0.0
132.5	-0.000383394866926	0.00012568871144130397	7.5427e-319	0.0	7.5407e-319	0.0
137.5	-0.00013035167724836	0.00012382496514446757	7.53164e-319	0.0	7.5301e-319	0.0
142.5	3.053788713588002e-05	0.00012110644641764755	7.5209e-319	0.0	7.521e-319	0.0
147.5	7.836254459807995e-05	0.00011329873385277866	7.51553e-319	0.0	7.51133e-319	0.0
152.5	6.456064271870004e-05	0.00010170707641376008	7.50654e-319	0.0	7.5024e-319	0.0
157.5	3.333337272405997e-05	0.00010275904777334571	7.49675e-319	0.0	7.49527e-319	0.0
162.5	1.0120215570220006e-05	0.00010368559111597338	7.4897e-319	0.0	7.48687e-319	0.0
167.5	-5.164426353163996e-06	9.666739476614505e-05	7.48253e-319	0.0	7.48e-319	0.0
172.5	-1.497558353119999e-05	9.741717751345063e-05	7.47536e-319	0.0	7.47235e-319	0.0
177.5	-2.3201317446234006e-05	9.34272890571445e-05	7.46973e-319	0.0	7.46647e-319	0.0
182.5	-1.9741642634064018e-05	8.711165165749773e-05	7.4612e-319	0.0	7.4604e-319	0.0
187.5	-5.720100243780008e-06	8.375088742078133e-05	7.45634e-319	0.0	7.4534e-319	0.0
192.5	4.687440407867995e-06	8.436335240326674e-05	7.44923e-319	0.0	7.44903e-319	0.0
197.5	2.0670732250200004e-06	7.935800900771766e-05	7.44364e-319	0.0	7.44557e-319	0.0
