0 5 302986 1.1554661e-05 -3085.9556 -1.1768587e-07
5 10 453068 1.7278181e-05 -11718.281 -4.4688787e-07
10 15 648962 2.4748786e-05 4852.3288 1.850482e-07
15 20 908674 3.4653152e-05 2247.9576 8.5728011e-08
20 25 1289308 4.9168993e-05 23580.082 8.9924897e-07
25 30 1899672 7.2445808e-05 63168.519 2.4089919e-06
30 35 2944982 0.0001123097 155362.19 5.9248855e-06
35 40 4021976 0.0001533819 335084.33 1.2778761e-05
40 45 5019602 0.00019142732 492791.89 1.879309e-05
45 50 6090246 0.00023225735 707563.33 2.6983604e-05
50 55 7237584 0.00027601219 893440.34 3.4072202e-05
55 60 8442742 0.00032197204 1200058.3 4.5765372e-05
60 65 9711996 0.00037037625 1545614.6 5.8943489e-05
65 70 11074544 0.00042233833 1837136.3 7.0060949e-05
70 75 12477008 0.00047582263 2276894.8 8.683156e-05
75 80 13924574 0.00053102694 2617046.6 9.9803574e-05
80 85 15444126 0.00058897651 3056055.2 0.00011654559
85 90 16993266 0.00064805445 3522488 0.00013433345
90 95 18591348 0.00070899883 4079358.8 0.00015557025
95 100 20204310 0.00077051068 4624017.7 0.00017634134
100 105 21820626 0.00083215044 5245020.4 0.00020002387
105 110 23466320 0.00089491055 5844129.3 0.00022287146
110 115 25122124 0.00095805622 6506964 0.00024814929
115 120 26765530 0.0010207291 7151149.9 0.00027271594
120 125 28449042 0.0010849314 7985768.3 0.00030454491
125 130 30131250 0.001149084 8691805.5 0.00033147032
130 135 31891384 0.0012162084 9459923 0.00036076321
135 140 33617620 0.0012820401 10138310 0.00038663415
140 145 35290486 0.0013458364 10965279 0.0004181714
145 150 36973782 0.0014100305 11776465 0.00044910676
150 155 38703614 0.0014759993 12559284 0.00047896032
155 160 40467482 0.0015432661 13203657 0.00050353408
160 165 42216040 0.0016099491 14032979 0.00053516108
165 170 43918558 0.0016748762 14767111 0.00056315788
170 175 45607610 0.0017392898 15601766 0.00059498825
175 180 47333002 0.0018050893 16305147 0.00062181238
180 185 49061906 0.0018710227 17020141 0.00064907934
185 190 50820980 0.0019381067 17786740 0.00067831432
190 195 52487896 0.0020016761 18399573 0.00070168529
195 200 54159278 0.0020654159 19148203 0.00073023501
