0 5 303474 1.1803496e-05 1512.4242 5.8825112e-08
5 10 447648 1.7411084e-05 -18125.656 -7.049899e-07
10 15 637898 2.4810779e-05 -29273.318 -1.1385736e-06
15 20 887356 3.4513344e-05 -20842.442 -8.1065816e-07
20 25 1259134 4.8973496e-05 -2028.7709 -7.8908204e-08
25 30 1866538 7.2598223e-05 33637.486 1.3083161e-06
30 35 2880486 0.00011203531 143564.21 5.5838706e-06
35 40 3921374 0.00015252022 341620.33 1.3287182e-05
40 45 4922856 0.00019147245 526346.14 2.0472015e-05
45 50 5956300 0.00023166782 675106.24 2.6257978e-05
50 55 7065970 0.00027482798 930027.94 3.6173052e-05
55 60 8246794 0.00032075564 1240095 4.8232983e-05
60 65 9490614 0.0003691335 1513251.6 5.8857295e-05
65 70 10827054 0.00042111379 1840619.2 7.1590122e-05
70 75 12202166 0.0004745982 2196004 8.5412665e-05
75 80 13600094 0.00052897003 2595528.4 0.000100952
80 85 15078944 0.00058648929 2961389.1 0.000115182
85 90 16612222 0.0006461255 3406221.4 0.00013248357
90 95 18140310 0.00070555985 3879027.4 0.00015087317
95 100 19739472 0.0007677586 4463884.1 0.00017362092
100 105 21384104 0.00083172588 5057774.2 0.00019672004
105 110 22991140 0.00089423088 5578929.4 0.00021699015
110 115 24629676 0.00095796106 6216428.8 0.00024178543
115 120 26241562 0.0010206547 6890763.9 0.00026801341
120 125 27906654 0.0010854178 7508559.9 0.00029204233
125 130 29598602 0.0011512254 8270470.7 0.00032167654
130 135 31246446 0.0012153176 8885742.7 0.00034560729
135 140 32900428 0.0012796485 9656205.3 0.00037557411
140 145 34643550 0.0013474465 10503541 0.00040853087
145 150 36306588 0.0014121297 11363134 0.00044196439
150 155 38023368 0.0014789032 12106963 0.0004708953
155 160 39705346 0.001544323 12804306 0.0004980182
160 165 41391008 0.0016098861 13546926 0.00052690208
165 170 43084630 0.0016757589 14040542 0.00054610107
170 175 44881092 0.0017456315 14866962 0.00057824432
175 180 46616384 0.001813125 15603601 0.00060689559
180 185 48311166 0.0018790428 16331264 0.00063519777
185 190 49962132 0.0019432565 17087876 0.00066462586
190 195 51562204 0.0020054906 17730604 0.0006896245
195 200 53284340 0.0020724724 18515508 0.00072015303
