0 5 307432 1.1786144e-05 -5451.1618 -2.0898338e-07
5 10 456398 1.7497114e-05 -4609.6566 -1.7672226e-07
10 15 647488 2.4823008e-05 -12341.006 -4.7312209e-07
15 20 902776 3.4610086e-05 -10946.847 -4.1967369e-07
20 25 1272848 4.8797685e-05 2226.0909 8.5342542e-08
25 30 1896860 7.2720684e-05 57215.04 2.193476e-06
30 35 2933428 0.00011246001 185779.85 7.1223168e-06
35 40 3998722 0.00015330061 351284.83 1.3467348e-05
40 45 5003780 0.00019183192 504650.16 1.9346976e-05
45 50 6059390 0.00023230127 738971.2 2.8330236e-05
50 55 7209406 0.0002763899 1005695.3 3.8555744e-05
55 60 8412184 0.00032250128 1253312.5 4.8048746e-05
60 65 9685006 0.00037129797 1523259.4 5.8397807e-05
65 70 11004086 0.00042186807 1905464.3 7.3050551e-05
70 75 12407874 0.00047568565 2326526.1 8.9192968e-05
75 80 13849656 0.00053095983 2702557.9 0.00010360905
80 85 15324436 0.00058749906 3153895.3 0.00012091215
85 90 16867074 0.00064663979 3604424.6 0.00013818427
90 95 18441566 0.00070700173 4138750 0.00015866892
95 100 20016902 0.00076739602 4729844.4 0.00018132995
100 105 21680720 0.00083118248 5348927.9 0.000205064
105 110 23311608 0.00089370648 5897913.1 0.00022611066
110 115 24936498 0.00095600055 6391847.6 0.00024504683
115 120 26556644 0.0010181127 7117973.2 0.0002728846
120 125 28232600 0.0010823645 7850884.9 0.00030098253
125 130 29894856 0.0011460911 8585752.9 0.00032915546
130 135 31589850 0.0012110728 9302562.3 0.00035663607
135 140 33308496 0.0012769612 10013535 0.00038389292
140 145 35041106 0.001343385 10801638 0.00041410673
145 150 36800286 0.0014108274 11630688 0.00044589037
150 155 38525418 0.0014769644 12339754 0.00047307412
155 160 40255696 0.0015432988 13038437 0.00049985979
160 165 41975792 0.0016092428 13752874 0.00052724947
165 170 43705828 0.0016755679 14463810 0.00055450491
170 175 45371936 0.0017394421 15154501 0.00058098418
175 180 47097176 0.0018055834 15797862 0.00060564898
180 185 48856380 0.0018730267 16504513 0.00063274017
185 190 50576056 0.0019389546 17190520 0.00065903987
190 195 52251422 0.0020031838 17924216 0.00068716786
195 200 53962046 0.0020687646 18576816 0.00071218687
