0 5 359424 1.118561e-05 7782.7199 2.422055e-07
5 10 533694 1.6609055e-05 -12103.519 -3.7667279e-07
10 15 770608 2.3982039e-05 -7892.6844 -2.456277e-07
15 20 1083546 3.3720962e-05 -28845.41 -8.9769606e-07
20 25 1580442 4.9184828e-05 -52227.331 -1.6253632e-06
25 30 2364740 7.3592913e-05 -57670.423 -1.7947573e-06
30 35 3710038 0.00011545984 7622.544 2.3722067e-07
35 40 5158102 0.00016052494 172210.07 5.3593378e-06
40 45 6518066 0.00020284829 226166.1 7.0385e-06
45 50 7987448 0.00024857683 264899.44 8.2439174e-06
50 55 9600506 0.0002987767 379597.11 1.1813416e-05
55 60 11353334 0.00035332634 421296.14 1.3111128e-05
60 65 13284904 0.0004134386 584013 1.8175029e-05
65 70 15299702 0.00047614099 695826.14 2.1654758e-05
70 75 17465028 0.00054352795 909939.81 2.8318175e-05
75 80 19738788 0.00061428948 1085800.4 3.379112e-05
80 85 22195284 0.00069073793 1251505.3 3.8948011e-05
85 90 24685778 0.00076824442 1394245.6 4.3390223e-05
90 95 27330176 0.00085054055 1534431 4.7752924e-05
95 100 30069930 0.00093580425 1827812.4 5.6883225e-05
100 105 32950530 0.0010254512 2104220 6.5485288e-05
105 110 35828440 0.0011150145 2250999.1 7.005319e-05
110 115 38824616 0.0012082582 2459701 7.6548188e-05
115 120 41891376 0.0013036987 2749874 8.5578642e-05
120 125 45086692 0.0014031399 2940772.3 9.1519575e-05
125 130 48404138 0.0015063819 3135798.6 9.7588974e-05
130 135 51814048 0.0016125015 3484668.8 0.00010844614
135 140 55192838 0.0017176526 3589939.2 0.00011172226
140 145 58645370 0.0018250986 3814235.8 0.00011870257
145 150 62179810 0.0019350937 4009203 0.00012477013
150 155 65778908 0.0020471009 4085336.9 0.00012713949
155 160 69431586 0.0021607757 4379697.1 0.00013630026
160 165 73161124 0.0022768424 4833024.4 0.00015040822
165 170 76865790 0.002392135 4998007 0.00015554264
170 175 80579614 0.0025077127 5176510.3 0.00016109783
175 180 84452132 0.0026282291 5292620.2 0.00016471128
180 185 88346426 0.0027494231 5652110.1 0.00017589893
185 190 92146710 0.0028676915 6097337.9 0.00018975484
190 195 96070762 0.0029898117 6405362.8 0.00019934086
195 200 99958860 0.0031108129 6526877.7 0.00020312252
