0 5 355520 1.1005587e-05 10155.241 3.1436879e-07
5 10 532596 1.6487207e-05 272.08749 8.4228247e-09
10 15 771346 2.3878026e-05 -8182.4932 -2.5329979e-07
15 20 1099792 3.4045502e-05 -18431.621 -5.7057496e-07
20 25 1593028 4.9314268e-05 -39585.299 -1.2254148e-06
25 30 2397348 7.4213048e-05 -56303.837 -1.742959e-06
30 35 3760874 0.00011642278 -24765.852 -7.6665939e-07
35 40 5218072 0.00016153225 91295.103 2.8261595e-06
40 45 6596930 0.00020421661 208191.38 6.4448369e-06
45 50 8107028 0.00025096367 266574.1 8.2521503e-06
50 55 9769338 0.00030242265 343674.31 1.0638888e-05
55 60 11571626 0.00035821484 494875.59 1.5319522e-05
60 65 13478154 0.00041723391 608280.44 1.8830118e-05
65 70 15549288 0.00048134858 746053.58 2.3095066e-05
70 75 17709418 0.00054821823 788599.74 2.4412138e-05
75 80 20046242 0.00062055768 1010530.4 3.1282292e-05
80 85 22474616 0.00069573118 1224625 3.7909871e-05
85 90 25069534 0.00077606026 1447440.1 4.4807404e-05
90 95 27734672 0.0008585631 1694913.2 5.2468258e-05
95 100 30556814 0.0009459262 1866476.5 5.7779224e-05
100 105 33389508 0.001033616 2054239.7 6.3591681e-05
105 110 36392628 0.0011265815 2299710.2 7.1190542e-05
110 115 39398676 0.0012196376 2588148.4 8.0119523e-05
115 120 42527848 0.0013165052 2903103.1 8.9869361e-05
120 125 45779330 0.0014171591 3082338 9.5417812e-05
125 130 49109598 0.0015202519 3077207.3 9.5258983e-05
130 135 52513480 0.0016256236 3179016.3 9.8410613e-05
135 140 56000454 0.0017335674 3564878 0.00011035547
140 145 59489058 0.0018415617 3982445.9 0.00012328183
145 150 63056708 0.001952003 4391545.5 0.00013594604
150 155 66704912 0.0020649379 4824876 0.00014936036
155 160 70382936 0.002178796 4985928.9 0.00015434596
160 165 74136820 0.0022950024 5144786.7 0.00015926361
165 170 77927094 0.0024123353 5405469.1 0.00016733338
170 175 81660320 0.0025279022 5660931.5 0.00017524155
175 180 85518602 0.0026473403 5939346.8 0.00018386026
180 185 89368220 0.0027665103 6068265.9 0.00018785112
185 190 93258594 0.0028869419 6344626.2 0.00019640621
190 195 97218608 0.0030095294 6608113 0.0002045628
195 200 1.011332e+08 0.0031307108 6783551.9 0.00020999373
