0 5 301556 1.179132e-05 -8320.1778 -3.2533219e-07
5 10 445548 1.7421636e-05 -12665.107 -4.9522585e-07
10 15 634162 2.4796744e-05 118.03312 4.6152828e-09
15 20 878700 3.4358569e-05 -14054.655 -5.4955936e-07
20 25 1239932 4.8483315e-05 -10685.219 -4.1780907e-07
25 30 1850016 7.233857e-05 39032.243 1.5262228e-06
30 35 2860806 0.00011186207 162073.06 6.3373147e-06
35 40 3907080 0.00015277305 323923.11 1.2665909e-05
40 45 4911168 0.00019203449 501970.22 1.9627834e-05
45 50 5954768 0.00023284091 702800.59 2.7480622e-05
50 55 7028436 0.00027482304 978277.36 3.8252202e-05
55 60 8183672 0.0003199946 1198234 4.6852856e-05
60 65 9404462 0.00036772943 1456425.3 5.6948549e-05
65 70 10731976 0.00041963734 1833678.9 7.1699762e-05
70 75 12102172 0.00047321419 2239044 8.7550184e-05
75 80 13526282 0.00052889916 2656183.4 0.000103861
80 85 14963006 0.00058507735 3018519.6 0.00011802892
85 90 16420778 0.00064207856 3465641.1 0.00013551208
90 95 17964424 0.00070243757 4009891.7 0.00015679315
95 100 19568930 0.00076517631 4534932.6 0.00017732308
100 105 21132042 0.00082629648 5032178.9 0.0001967662
105 110 22733024 0.00088889743 5547391.9 0.00021691186
110 115 24361246 0.0009525635 6100778.8 0.00023855016
115 120 25992358 0.0010163426 6854812.1 0.00026803406
120 125 27658518 0.0010814921 7612146 0.00029764703
125 130 29307916 0.0011459862 8295703.9 0.00032437523
130 135 30916526 0.0012088854 9025086.6 0.00035289525
135 140 32586060 0.0012741668 9651122.4 0.00037737425
140 145 34296118 0.0013410328 10361571 0.00040515391
145 150 35989350 0.0014072409 11170319 0.00043677724
150 155 37651844 0.001472247 12002007 0.00046929758
155 160 39317248 0.001537367 12722493 0.00049746973
160 165 41023258 0.0016040747 13367689 0.00052269792
165 170 42667448 0.0016683651 13843757 0.00054131293
170 175 44332260 0.0017334619 14566339 0.00056956705
175 180 46005280 0.0017988797 15305163 0.00059845623
180 185 47686806 0.00186463 16137732 0.00063101102
185 190 49376354 0.001930694 16852999 0.00065897908
190 195 51022482 0.0019950603 17479120 0.00068346142
195 200 52670832 0.0020595134 18252668 0.00071370835
