0 5 303846 1.1546493e-05 -7617.6594 -2.894797e-07
5 10 454868 1.72855e-05 -20078.255 -7.6299645e-07
10 15 645360 2.4524412e-05 -12943.69 -4.9187491e-07
15 20 904018 3.4353709e-05 -6492.1717 -2.4670989e-07
20 25 1284444 4.8810329e-05 13427.785 5.1027106e-07
25 30 1909576 7.2566054e-05 41351.018 1.5713856e-06
30 35 2957420 0.00011238531 189328.11 7.194683e-06
35 40 4034484 0.00015331497 393499.34 1.4953421e-05
40 45 5055962 0.00019213229 559500.52 2.1261654e-05
45 50 6119886 0.00023256261 756750.76 2.8757387e-05
50 55 7243568 0.0002752638 1013965.6 3.8531844e-05
55 60 8445908 0.00032095408 1250366.9 4.7515362e-05
60 65 9743748 0.00037027348 1586074.6 6.0272633e-05
65 70 11104936 0.00042200016 1854355.5 7.0467614e-05
70 75 12491856 0.0004747047 2256884.1 8.5764156e-05
75 80 13951546 0.00053017457 2618824.5 9.9518301e-05
80 85 15446868 0.00058699851 3077396.8 0.00011694457
85 90 16983024 0.00064537418 3554951.3 0.00013509218
90 95 18568732 0.00070563288 4066005.9 0.00015451284
95 100 20172210 0.00076656686 4660730.1 0.00017711303
100 105 21773610 0.00082742188 5273309.2 0.00020039173
105 110 23414172 0.0008897651 5899443.5 0.00022418554
110 115 25056968 0.00095219321 6540382.3 0.00024854195
115 120 26739764 0.0010161414 7260316.9 0.00027590028
120 125 28407758 0.001079527 7998786.8 0.00030396297
125 130 30091670 0.0011435176 8718936.2 0.00033132946
130 135 31758132 0.001206845 9466251.2 0.00035972828
135 140 33440066 0.0012707604 10174633 0.0003866476
140 145 35148152 0.0013356696 10936647 0.00041560499
145 150 36859784 0.0014007136 11719543 0.00044535593
150 155 38553626 0.0014650815 12535728 0.00047637187
155 160 40320814 0.0015322367 13407180 0.00050948803
160 165 42062578 0.0015984257 14106792 0.00053607409
165 170 43779378 0.001663666 14850375 0.00056433111
170 175 45438068 0.0017266981 15421829 0.00058604698
175 180 47104736 0.0017900334 16026262 0.00060901614
180 185 48823902 0.0018553637 16756020 0.00063674775
185 190 50501104 0.0019190992 17473838 0.00066402567
190 195 52251586 0.0019856195 18172917 0.00069059145
195 200 53919974 0.0020490202 19115995 0.00072642948
