0 5 300358 1.1653792e-05 -2022.4928 -7.847206e-08
5 10 448068 1.7384892e-05 -4820.7355 -1.8704296e-07
10 15 628058 2.4368445e-05 -14065.478 -5.4573596e-07
15 20 878554 3.4087608e-05 -8854.2562 -3.4354225e-07
20 25 1259154 4.8854764e-05 7808.1489 3.0295363e-07
25 30 1875438 7.2766382e-05 43123.275 1.673169e-06
30 35 2894254 0.00011229611 174539.74 6.772085e-06
35 40 3961820 0.00015371732 329088.92 1.2768543e-05
40 45 4951780 0.00019212745 524773.99 2.036106e-05
45 50 5970414 0.00023165011 666696.66 2.5867613e-05
50 55 7079512 0.00027468275 890805.08 3.4562946e-05
55 60 8267148 0.00032076264 1184879 4.5972917e-05
60 65 9526072 0.00036960848 1524543.9 5.9151804e-05
65 70 10838656 0.00042053632 1837516.6 7.1295045e-05
70 75 12227674 0.00047442976 2225325.6 8.6341906e-05
75 80 13660406 0.00053001929 2628160.8 0.00010197178
80 85 15117054 0.00058653676 2964599.3 0.00011502549
85 90 16607472 0.00064436449 3486871.5 0.00013528948
90 95 18131260 0.00070348697 3986661.3 0.00015468116
95 100 19709320 0.00076471518 4580108.2 0.0001777067
100 105 21304830 0.00082662045 5176236.6 0.00020083629
105 110 22874466 0.00088752181 5776671.3 0.00022413296
110 115 24502662 0.00095069529 6404425.5 0.00024848962
115 120 26151434 0.0010146671 7064446.8 0.00027409823
120 125 27776480 0.0010777184 7716610 0.00029940195
125 130 29400516 0.0011407304 8439292 0.00032744177
130 135 31071342 0.0012055579 9239165.3 0.0003584766
135 140 32775162 0.0012716656 9994208.5 0.00038777203
140 145 34439542 0.001336243 10777512 0.00041816395
145 150 36118302 0.0014013783 11498693 0.00044614554
150 155 37805652 0.001466847 12216537 0.00047399763
155 160 39511182 0.001533021 12972254 0.00050331922
160 165 41177938 0.0015976906 13757450 0.00053378458
165 170 42871534 0.0016634015 14424098 0.00055965029
170 175 44602518 0.0017305631 15135709 0.00058726058
175 180 46261516 0.0017949317 15748614 0.00061104108
180 185 47922142 0.0018593635 16517023 0.00064085509
185 190 49619540 0.001925222 17247306 0.00066918983
190 195 51285708 0.0019898687 17861117 0.00069300551
195 200 52894644 0.0020522949 18455685 0.00071607455
