0 5 310734 1.1811011e-05 -9196.8049 -3.495709e-07
5 10 456410 1.7348161e-05 -19963.481 -7.5881265e-07
10 15 647656 2.4617429e-05 -20068.17 -7.6279188e-07
15 20 903426 3.4339256e-05 -16894.68 -6.4216741e-07
20 25 1284438 4.8821537e-05 2626.113 9.9818655e-08
25 30 1903922 7.2368147e-05 58094.127 2.20816e-06
30 35 2944788 0.0001119315 192224.11 7.3064456e-06
35 40 4036508 0.00015342782 377654.49 1.4354662e-05
40 45 5053052 0.0001920667 510321.25 1.939733e-05
45 50 6095968 0.00023170797 682212.12 2.5930908e-05
50 55 7231268 0.00027486077 913951.29 3.4739323e-05
55 60 8434254 0.00032058631 1168291.5 4.4406806e-05
60 65 9734068 0.00036999229 1490473.7 5.6652962e-05
65 70 11101266 0.00042195954 1876300.1 7.1318237e-05
70 75 12527776 0.00047618124 2156926.2 8.1984848e-05
75 80 14008964 0.00053248125 2631806.1 0.00010003505
80 85 15529844 0.00059028996 3094519.5 0.0001176228
85 90 17098758 0.00064992444 3526425.1 0.00013403955
90 95 18671382 0.00070969993 4003213.3 0.00015216229
95 100 20269322 0.00077043769 4488868 0.00017062204
100 105 21981636 0.00083552281 5006310.3 0.00019029004
105 110 23660764 0.00089934653 5604765.6 0.00021303735
110 115 25350786 0.00096358433 6299136.9 0.00023943043
115 120 27059320 0.0010285258 7019720.3 0.00026681983
120 125 28758108 0.0010930968 7714541.7 0.00029323002
125 130 30453170 0.0011575261 8328663.6 0.00031657282
130 135 32151070 0.0012220634 9155479.9 0.00034800014
135 140 33901884 0.0012886119 9938686.4 0.00037776984
140 145 35654914 0.0013552446 10618390 0.00040360542
145 150 37407130 0.0014218464 11475551 0.00043618612
150 155 39125016 0.0014871433 12105089 0.00046011488
155 160 40885788 0.0015540703 12865090 0.00048900256
160 165 42633420 0.0016204979 13661917 0.00051928998
165 170 44377808 0.0016868022 14461978 0.00054970035
170 175 46206690 0.001756318 15154325 0.00057601646
175 180 47965774 0.0018231809 15774905 0.00059960475
180 185 49710578 0.0018895009 16458096 0.00062557284
185 190 51399434 0.0019536944 17125599 0.00065094465
190 195 53076974 0.0020174578 17858697 0.00067880975
195 200 54817836 0.002083628 18574009 0.00070599879
