0 5 354378 1.0939659e-05 9500.6972 2.9328679e-07
5 10 534014 1.6485027e-05 -2768.9178 -8.5476571e-08
10 15 776554 2.3972244e-05 -19416.058 -5.9937425e-07
15 20 1108644 3.4223872e-05 -36580.239 -1.129233e-06
20 25 1591170 4.9119463e-05 -42562.174 -1.3138955e-06
25 30 2398786 7.4050592e-05 -34122.454 -1.0533611e-06
30 35 3776502 0.00011658072 30635.995 9.4573403e-07
35 40 5225892 0.00016132343 119130.27 3.6775548e-06
40 45 6602820 0.00020382924 249983.26 7.7169902e-06
45 50 8106164 0.00025023751 322412.5 9.9528829e-06
50 55 9731016 0.00030039674 375315.32 1.1585995e-05
55 60 11533456 0.00035603811 488634.63 1.5084165e-05
60 65 13494936 0.00041658906 559913.6 1.7284549e-05
65 70 15558824 0.00048030134 701452.24 2.165385e-05
70 75 17735772 0.00054750378 873620.04 2.6968675e-05
75 80 20043426 0.00061874113 1093636.2 3.3760582e-05
80 85 22484336 0.00069409209 1235280.8 3.8133152e-05
85 90 25051422 0.00077333811 1409372.4 4.3507366e-05
90 95 27726374 0.00085591395 1647759.2 5.0866372e-05
95 100 30504550 0.00094167632 1848796.4 5.7072398e-05
100 105 33401740 0.0010311127 2194078.8 6.7731275e-05
105 110 36320458 0.0011212136 2244262.2 6.9280438e-05
110 115 39338288 0.0012143741 2394719.3 7.3925052e-05
115 120 42458446 0.0013106934 2542263.6 7.8479751e-05
120 125 45742928 0.0014120855 2755025.9 8.5047727e-05
125 130 49070712 0.0015148143 3054186.2 9.4282815e-05
130 135 52438472 0.0016187771 3451005.5 0.00010653264
135 140 55888016 0.0017252646 3588910.6 0.00011078977
140 145 59416208 0.00183418 3920984.9 0.00012104091
145 150 62917476 0.0019422643 4144863.7 0.00012795206
150 155 66614958 0.0020564056 4227083.8 0.0001304902
155 160 70284372 0.0021696805 4443741.4 0.00013717842
160 165 74046486 0.0022858171 4769836.5 0.00014724499
165 170 77834584 0.0024027558 5090900.3 0.00015715624
170 175 81668312 0.0025211031 5309734.5 0.00016391165
175 180 85479442 0.0026387528 5450034.3 0.00016824271
180 185 89278322 0.0027560243 5656097.6 0.00017460389
185 190 93212696 0.0028774786 5810983 0.00017938521
190 195 97169450 0.0029996237 6196338.2 0.00019128114
195 200 1.0126018e+08 0.0031259045 6286784.6 0.00019407322
