0 5 304768 1.1727687e-05 -6534.6985 -2.5145978e-07
5 10 454142 1.7475703e-05 -19602.001 -7.5429875e-07
10 15 641552 2.4687371e-05 -19477.447 -7.4950585e-07
15 20 890322 3.4260215e-05 -15372.556 -5.9154674e-07
20 25 1264230 4.8648458e-05 -8624.6056 -3.3188088e-07
25 30 1872050 7.2037798e-05 37233.782 1.4327821e-06
30 35 2894486 0.00011138185 162396.77 6.2491416e-06
35 40 3963494 0.00015251803 330956.23 1.2735428e-05
40 45 4988054 0.00019194382 522355.69 2.0100614e-05
45 50 6039864 0.00023241821 752846.11 2.8970047e-05
50 55 7169128 0.00027587308 965969.52 3.7171185e-05
55 60 8332582 0.0003206436 1171616 4.5084607e-05
60 65 9572788 0.0003683676 1528115.2 5.8802947e-05
65 70 10902964 0.00041955371 1830920 7.0455087e-05
70 75 12306316 0.00047355568 2207012.6 8.4927394e-05
75 80 13765934 0.0005297228 2656467.8 0.00010222274
80 85 15275030 0.00058779387 3036793.7 0.00011685795
85 90 16769876 0.0006453166 3463023.8 0.00013325959
90 95 18362362 0.00070659658 3953930.3 0.00015215001
95 100 19974980 0.00076865125 4458991.2 0.00017158511
100 105 21554910 0.00082944806 5019725.7 0.00019316257
105 110 23156442 0.00089107614 5618414.6 0.00021620054
110 115 24830404 0.00095549137 6255882.8 0.00024073076
115 120 26490114 0.0010193582 6931148 0.00026671544
120 125 28161672 0.0010836809 7624309 0.00029338876
125 130 29874796 0.0011496031 8387703.2 0.00032276471
130 135 31513884 0.0012126764 9053641.3 0.00034839047
135 140 33196858 0.0012774384 9751940.4 0.00037526151
140 145 34921474 0.0013438028 10556590 0.00040622501
145 150 36612452 0.0014088728 11385084 0.00043810603
150 155 38325046 0.0014747747 12107236 0.00046589493
155 160 40058180 0.0015414669 12798413 0.00049249191
160 165 41780034 0.001607725 13649906 0.00052525798
165 170 43462322 0.0016724607 14239817 0.00054795815
170 175 45198956 0.0017392875 15062999 0.00057963476
175 180 46937880 0.0018062026 15593331 0.0006000423
180 185 48610792 0.0018705774 16368721 0.00062987986
185 190 50323066 0.0019364669 17161358 0.00066038112
190 195 52017892 0.002001685 17907506 0.00068909342
195 200 53686366 0.002065889 18531320 0.00071309818
