0 5 301734 1.1795919e-05 -6909.055 -2.70101e-07
5 10 445318 1.7409159e-05 -8446.9838 -3.3022443e-07
10 15 632914 2.4742994e-05 -14755.613 -5.7685254e-07
15 20 886714 3.4664992e-05 -20889.948 -8.1666681e-07
20 25 1254706 4.9051186e-05 -17655.206 -6.9020856e-07
25 30 1857018 7.2597832e-05 19984.469 7.812682e-07
30 35 2863390 0.00011194071 147670.69 5.7730036e-06
35 40 3931154 0.00015368363 349568.74 1.3665959e-05
40 45 4929976 0.00019273134 553171.36 2.1625553e-05
45 50 5944694 0.00023240049 662262.71 2.5890345e-05
50 55 7053440 0.00027574555 895585.22 3.5011802e-05
55 60 8244820 0.00032232109 1144355.1 4.4737152e-05
60 65 9514612 0.00037196204 1465347.3 5.7285947e-05
65 70 10844000 0.00042393283 1768812.7 6.9149555e-05
70 75 12215506 0.00047755017 2202105 8.6088583e-05
75 80 13633648 0.00053299068 2577233.7 0.00010075378
80 85 15081896 0.00058960815 3037979.7 0.00011876608
85 90 16620236 0.00064974766 3456562.3 0.00013513005
90 95 18141274 0.00070921077 3854630 0.00015069202
95 100 19754338 0.00077227152 4369213 0.000170809
100 105 21391150 0.00083626067 4996332.3 0.00019532546
105 110 23031292 0.00090038 5684835.2 0.00022224163
110 115 24679422 0.00096481162 6301636.4 0.00024635471
115 120 26288622 0.0010277213 6963937.1 0.00027224655
120 125 27933564 0.0010920283 7558540.8 0.00029549184
125 130 29599898 0.0011571716 8211139.9 0.0003210044
130 135 31261904 0.0012221456 9010439.8 0.00035225205
135 140 32993854 0.0012898541 9935898 0.0003884317
140 145 34687156 0.0013560517 10601234 0.00041444221
145 150 36335558 0.0014204939 11203830 0.00043799996
150 155 37984016 0.0014849383 12006648 0.00046938511
155 160 39752062 0.0015540579 12769171 0.00049919503
160 165 41467858 0.0016211349 13486010 0.00052721894
165 170 43128624 0.0016860605 14312946 0.000559547
170 175 44781258 0.0017506681 14948317 0.00058438604
175 180 46496486 0.0018177229 15574361 0.00060886047
180 185 48132048 0.0018816632 16191652 0.00063299269
185 190 49861922 0.0019492904 17082106 0.00066780389
190 195 51542458 0.0020149889 17769284 0.0006946683
195 200 53230288 0.0020809726 18417245 0.00071999952
