0 5 351498 1.1070467e-05 8354.6417 2.6313034e-07
5 10 523156 1.6476854e-05 -4674.2432 -1.4721579e-07
10 15 755856 2.3805766e-05 -11605.542 -3.6551778e-07
15 20 1078266 3.3960103e-05 -28686.27 -9.0347716e-07
20 25 1551968 4.8879399e-05 -26792.832 -8.4384313e-07
25 30 2349460 7.3996495e-05 -43471.557 -1.3691413e-06
30 35 3672300 0.00011565948 10416.953 3.2808304e-07
35 40 5103712 0.00016074196 145829.94 4.5929297e-06
40 45 6442198 0.00020289772 239402.52 7.540008e-06
45 50 7890794 0.0002485214 283238.54 8.9206281e-06
50 55 9486162 0.00029876769 352136.66 1.1090582e-05
55 60 11228624 0.00035364672 398532.39 1.255182e-05
60 65 13131562 0.00041357996 598524.95 1.8850608e-05
65 70 15165970 0.00047765385 749999.55 2.3621316e-05
70 75 17293364 0.00054465636 966177.82 3.0429874e-05
75 80 19538572 0.00061536942 1150605.6 3.6238447e-05
80 85 21946272 0.00069120019 1350115.5 4.2522031e-05
85 90 24387212 0.00076807786 1433539.2 4.5149472e-05
90 95 27011374 0.00085072612 1691339.5 5.326892e-05
95 100 29631382 0.00093324356 1811462.9 5.705222e-05
100 105 32434190 0.0010215183 2009256.5 6.328175e-05
105 110 35350954 0.0011133821 2398797.3 7.5550377e-05
110 115 38327116 0.0012071166 2571891.4 8.1001997e-05
115 120 41387948 0.0013035179 2722673 8.5750879e-05
120 125 44519554 0.0014021481 2929209.6 9.2255772e-05
125 130 47742786 0.0015036642 3182445.2 0.00010023145
130 135 51021584 0.0016069303 3326471.7 0.00010476758
135 140 54295092 0.0017100298 3513397.3 0.00011065483
140 145 57817906 0.0018209812 3927092.9 0.00012368421
145 150 61311672 0.0019310177 4127335.5 0.00012999088
150 155 64847546 0.0020423804 4544796.9 0.00014313887
155 160 68428390 0.0021551595 4715658.6 0.00014852017
160 165 72003052 0.0022677439 4860710.2 0.00015308859
165 170 75696752 0.0023840773 5214050.3 0.00016421707
170 175 79441298 0.0025020122 5340246.1 0.00016819163
175 180 83198874 0.0026203575 5418145.5 0.00017064508
180 185 86975928 0.0027393162 5596644.6 0.00017626692
185 190 90784846 0.0028592785 5979502.5 0.00018832507
190 195 94601628 0.0029794884 6244179.9 0.00019666112
195 200 98454558 0.0031008369 6470556.3 0.00020379087
