0 5 304748 1.1664605e-05 -10774.312 -4.1240008e-07
5 10 452628 1.7324895e-05 -20033.221 -7.6679622e-07
10 15 643988 2.4649434e-05 -14238.576 -5.4499906e-07
15 20 900838 3.4480685e-05 3059.9019 1.1712152e-07
20 25 1279976 4.8992659e-05 16820.665 6.4383168e-07
25 30 1902978 7.2838829e-05 80692.319 3.088598e-06
30 35 2934394 0.00011231755 188332.12 7.2086441e-06
35 40 4012480 0.00015358262 338307.46 1.2949135e-05
40 45 5016984 0.00019203125 516541.33 1.9771256e-05
45 50 6067184 0.00023222895 695325.79 2.6614452e-05
50 55 7200590 0.00027561146 957649.1 3.66552e-05
55 60 8405566 0.0003217334 1221928 4.6770799e-05
60 65 9676604 0.00037038395 1540566.9 5.8967097e-05
65 70 11018128 0.00042173243 1785923.1 6.835841e-05
70 75 12386182 0.00047409638 2195795.4 8.4046777e-05
75 80 13847372 0.00053002523 2561279.9 9.8036144e-05
80 85 15376768 0.00058856475 3048590.6 0.00011668856
85 90 16919440 0.00064761242 3527012.1 0.00013500073
90 95 18490106 0.0007077316 4016276.4 0.00015372793
95 100 20111644 0.00076979796 4658314.5 0.00017830273
100 105 21705468 0.00083080354 5181212.8 0.00019831731
105 110 23385800 0.00089512032 5800981.6 0.00022203972
110 115 25010062 0.00095729095 6439414.1 0.00024647651
115 120 26671770 0.0010208949 7102096.1 0.00027184148
120 125 28326284 0.0010842234 7715398.7 0.0002953164
125 130 30017872 0.0011489711 8370765.4 0.00032040136
130 135 31681742 0.0012126577 9215420.1 0.00035273156
135 140 33413326 0.0012789362 10019130 0.00038349456
140 145 35138792 0.0013449806 10824118 0.00041430647
145 150 36848194 0.00141041 11562960 0.00044258654
150 155 38584798 0.0014768807 12383177 0.00047398135
155 160 40259070 0.0015409655 13098405 0.00050135761
160 165 41957184 0.0016059629 13680665 0.00052364433
165 170 43694518 0.0016724615 14440884 0.00055274262
170 175 45433196 0.0017390116 15100862 0.00057800409
175 180 47143908 0.0018044912 15816781 0.0006054068
180 185 48868280 0.0018704937 16491447 0.00063123045
185 190 50627676 0.0019378367 17369808 0.00066485081
190 195 52344834 0.002003563 17943120 0.00068679504
195 200 54045166 0.0020686453 18529671 0.00070924601
