0 5 362222 1.1040879e-05 3792.3679 1.1559506e-07
5 10 540616 1.6478501e-05 -5601.8654 -1.7075031e-07
10 15 776772 2.3676766e-05 -37190.108 -1.1335907e-06
15 20 1104094 3.3653859e-05 -46370.575 -1.4134202e-06
20 25 1595838 4.8642694e-05 -58899.198 -1.7953048e-06
25 30 2415186 7.3617218e-05 -28947.628 -8.8235186e-07
30 35 3782810 0.00011530373 69864.146 2.1295271e-06
35 40 5241698 0.00015977205 131486.44 4.0078344e-06
40 45 6631834 0.00020214475 193088.91 5.8855376e-06
45 50 8136110 0.00024799654 250184.7 7.625873e-06
50 55 9783768 0.00029821876 373974.64 1.1399111e-05
55 60 11585216 0.00035312865 472393.13 1.4399002e-05
60 65 13517910 0.00041203904 611981.39 1.8653788e-05
65 70 15584906 0.00047504309 770675.97 2.3490953e-05
70 75 17803560 0.00054266982 915463.76 2.7904225e-05
75 80 20137824 0.00061382046 1163994.2 3.5479674e-05
80 85 22596010 0.00068874836 1376932.9 4.1970255e-05
85 90 25176284 0.00076739762 1455676.4 4.4370431e-05
90 95 27839420 0.00084857259 1706082.4 5.2003051e-05
95 100 30595950 0.00093259431 1807418.9 5.5091886e-05
100 105 33474722 0.0010203421 2040325.2 6.2191095e-05
105 110 36491816 0.001112306 2320164.1 7.0720858e-05
110 115 39526970 0.0012048205 2588489 7.8899661e-05
115 120 42667784 0.0013005555 2747051.7 8.3732807e-05
120 125 45843024 0.0013973399 2916741.9 8.890513e-05
125 130 49164746 0.0014985893 3105877.9 9.4670179e-05
130 135 52648266 0.0016047703 3625347.1 0.0001105041
135 140 56137164 0.0017111153 4004636.9 0.00012206523
140 145 59620888 0.0018173026 4179117.9 0.00012738358
145 150 63135752 0.0019244391 4477024.4 0.00013646406
150 155 66834998 0.0020371957 4668184.8 0.00014229081
155 160 70463074 0.002147783 4604997.9 0.00014036481
160 165 74143536 0.0022599671 4842902.5 0.00014761638
165 170 78000748 0.0023775386 5079306.3 0.00015482219
170 175 81848614 0.0024948253 5402050.1 0.00016465974
175 180 85731832 0.0026131896 5914439.4 0.00018027786
180 185 89566288 0.0027300675 6108719.9 0.00018619972
185 190 93427246 0.0028477533 6127351 0.00018676762
190 195 97394660 0.0029686839 6321568.5 0.00019268756
195 200 1.0140669e+08 0.0030909746 6605703.2 0.00020134826
