0 5 305238 1.167888e-05 176.90504 6.7686619e-09
5 10 454070 1.7373424e-05 -15596.099 -5.9673101e-07
10 15 643740 2.4630493e-05 -16149.798 -6.1791637e-07
15 20 898844 3.4391169e-05 -9494.5215 -3.6327515e-07
20 25 1273342 4.8720045e-05 -3842.837 -1.4703292e-07
25 30 1885362 7.2136881e-05 13808.018 5.2831622e-07
30 35 2906908 0.00011122282 143085.19 5.4746617e-06
35 40 3982384 0.0001523722 332075.79 1.2705736e-05
40 45 4996648 0.00019117952 519642.43 1.9882327e-05
45 50 6042118 0.00023118083 713589.09 2.7303028e-05
50 55 7172756 0.0002744408 953043.22 3.6464915e-05
55 60 8379854 0.00032062624 1222540.9 4.6776314e-05
60 65 9634984 0.00036864947 1504365.6 5.7559367e-05
65 70 10942838 0.00041869 1854508.2 7.0956367e-05
70 75 12317724 0.00047129527 2236251.5 8.556246e-05
75 80 13780864 0.00052727728 2607641.1 9.9772402e-05
80 85 15281868 0.00058470803 3072777.4 0.00011756924
85 90 16798678 0.00064274354 3500728.2 0.0001339433
90 95 18356668 0.00070235466 3965422.2 0.00015172322
95 100 19972478 0.00076417806 4553895.2 0.00017423911
100 105 21588058 0.00082599266 5046097.3 0.00019307153
105 110 23228868 0.00088877261 5646118.6 0.00021602928
110 115 24903878 0.00095286109 6384323.9 0.00024427416
115 120 26548098 0.0010157715 7058487.5 0.0002700687
120 125 28197112 0.0010788653 7701123.6 0.00029465696
125 130 29896626 0.0011438914 8459128.5 0.00032365941
130 135 31573190 0.0012080393 9264744.8 0.00035448354
135 140 33305086 0.0012743044 10043698 0.0003842875
140 145 34982152 0.0013384715 10654209 0.00040764662
145 150 36679234 0.0014034045 11320679 0.00043314678
150 155 38376824 0.001468357 12093214 0.00046270519
155 160 40055462 0.0015325843 12853151 0.00049178154
160 165 41813968 0.0015998674 13582792 0.00051969873
165 170 43546184 0.0016661447 14373443 0.00054995026
170 175 45321460 0.0017340695 15264573 0.00058404629
175 180 47018736 0.0017990099 15923688 0.00060926508
180 185 48789530 0.0018667633 16613122 0.00063564388
185 190 50435268 0.0019297318 17218723 0.00065881512
190 195 52160294 0.0019957339 17867722 0.00068364684
195 200 53813804 0.0020589998 18514056 0.00070837658
