0 5 359312 1.0981747e-05 9146.7663 2.7955501e-07
5 10 536030 1.6382825e-05 -2759.8049 -8.4348637e-08
10 15 779542 2.3825346e-05 -11515.713 -3.5195776e-07
15 20 1105316 3.3782062e-05 -13726.926 -4.1953961e-07
20 25 1608066 4.9147741e-05 -21934.381 -6.7038621e-07
25 30 2408250 7.3603974e-05 -19220.7 -5.8744726e-07
30 35 3766816 0.00011512618 37240.733 1.1381983e-06
35 40 5210920 0.00015926271 121288.76 3.70698e-06
40 45 6628476 0.00020258784 171376.66 5.2378296e-06
45 50 8117926 0.00024811029 287747.41 8.7944992e-06
50 55 9776360 0.00029879744 388719.45 1.1880534e-05
55 60 11564346 0.00035344413 495677.74 1.5149528e-05
60 65 13496782 0.00041250567 565307.86 1.7277652e-05
65 70 15578160 0.00047611937 753751.61 2.3037107e-05
70 75 17776558 0.00054330959 908578.14 2.7769111e-05
75 80 20095908 0.00061419649 1180958.3 3.6093937e-05
80 85 22502962 0.00068776391 1357395.4 4.1486429e-05
85 90 25049104 0.00076558231 1645539.5 5.0293053e-05
90 95 27669170 0.00084566007 1740453 5.319392e-05
95 100 30452666 0.00093073279 1914116.4 5.850164e-05
100 105 33355606 0.0010194561 2121322.6 6.4834536e-05
105 110 36311960 0.0011098119 2398341.4 7.3301134e-05
110 115 39347864 0.001202599 2639075 8.0658739e-05
115 120 42501000 0.0012989692 2819136.5 8.6162005e-05
120 125 45686110 0.0013963165 3165988.3 9.6762926e-05
125 130 48992158 0.0014973601 3198205.8 9.7747601e-05
130 135 52398724 0.0016014759 3379159.5 0.00010327814
135 140 55817268 0.0017059577 3597205.5 0.00010994233
140 145 59351960 0.0018139895 3916981.2 0.00011971572
145 150 62906254 0.0019226203 4096468.6 0.00012520144
150 155 66470712 0.0020315617 4379698.6 0.00013385787
155 160 70156776 0.0021442199 4764325.5 0.00014561332
160 165 73877272 0.0022579304 4895337.6 0.00014961748
165 170 77672916 0.0023739376 5025177.9 0.00015358582
170 175 81502928 0.0024909953 5109464.5 0.0001561619
175 180 85347690 0.0026085037 5239930.4 0.00016014936
180 185 89178140 0.0027255748 5548179.8 0.00016957047
185 190 93190270 0.0028481986 5710129.2 0.00017452017
190 195 97086614 0.0029672835 5866125.6 0.00017928793
195 200 1.0102996e+08 0.0030878049 5946643.4 0.00018174881
