0 5 302136 1.1697554e-05 -3544.0778 -1.3721318e-07
5 10 450412 1.7438235e-05 -4504.2828 -1.7438866e-07
10 15 641646 2.4842087e-05 -7891.7511 -3.0553851e-07
15 20 887112 3.4345594e-05 -24102.579 -9.3315997e-07
20 25 1264786 4.8967691e-05 -1914.7737 -7.4132738e-08
25 30 1874486 7.2572951e-05 43175.054 1.6715735e-06
30 35 2903358 0.00011240695 116095.8 4.4947865e-06
35 40 3979588 0.00015407447 345654.63 1.3382429e-05
40 45 4954392 0.00019181517 549366.72 2.1269385e-05
45 50 5974300 0.00023130212 712699.24 2.7592997e-05
50 55 7103550 0.00027502237 938282.97 3.6326739e-05
55 60 8308328 0.00032166678 1147560.5 4.4429168e-05
60 65 9561924 0.00037020124 1426173.3 5.5215994e-05
65 70 10911436 0.0004224492 1815238.3 7.0279105e-05
70 75 12304954 0.0004764009 2213948.9 8.5715661e-05
75 80 13752336 0.00053243801 2594669.8 0.00010045572
80 85 15239470 0.00059001417 2946883.2 0.00011409208
85 90 16760102 0.00064888724 3391369.7 0.0001313009
90 95 18294512 0.00070829375 3897366.3 0.00015089116
95 100 19873902 0.00076944171 4488289.4 0.00017376945
100 105 21525380 0.00083338064 5119077.6 0.00019819117
105 110 23155198 0.00089648098 5686209.7 0.00022014836
110 115 24786302 0.0009596311 6293744.8 0.0002436698
115 120 26437426 0.0010235563 6947775.8 0.00026899139
120 125 28144454 0.0010896459 7664599.6 0.00029674407
125 130 29785388 0.0011531767 8404511.9 0.00032539066
130 135 31428100 0.0012167762 9110554.8 0.00035272594
135 140 33105334 0.0012817123 9865139.9 0.0003819406
140 145 34808170 0.0013476396 10579435 0.00040959538
145 150 36559010 0.0014154255 11425272 0.00044234299
150 155 38269156 0.0014816358 12043602 0.00046628235
155 160 39979944 0.001547871 12657875 0.00049006465
160 165 41732064 0.0016157064 13398104 0.00051872352
165 170 43466872 0.0016828715 14102050 0.00054597759
170 175 45167886 0.0017487283 14835745 0.00057438346
175 180 46832452 0.001813174 15527277 0.00060115697
180 185 48506588 0.0018779901 16168943 0.00062599981
185 190 50167250 0.0019422846 16844823 0.00065216733
190 195 51880702 0.002008623 17600370 0.00068141921
195 200 53533868 0.0020726272 18338420 0.00070999371
