0 5 311986 1.1713145e-05 -4399.0318 -1.6515644e-07
5 10 461598 1.733015e-05 -5625.5754 -2.1120556e-07
10 15 654606 2.4576407e-05 -4310.5889 -1.6183595e-07
15 20 912168 3.4246267e-05 -11550.711 -4.3365776e-07
20 25 1295392 4.8633958e-05 14651.244 5.5006358e-07
25 30 1928796 7.241436e-05 51267.649 1.9247831e-06
30 35 3016364 0.00011324581 156347.74 5.8698908e-06
35 40 4119042 0.00015464455 340177.23 1.2771551e-05
40 45 5139294 0.0001929487 494148.91 1.8552235e-05
45 50 6207118 0.00023303889 693600.81 2.604042e-05
50 55 7333704 0.00027533523 909553.84 3.4148121e-05
55 60 8568576 0.00032169703 1227711.5 4.6092974e-05
60 65 9889246 0.00037128002 1549216.3 5.816349e-05
65 70 11291464 0.00042392464 1909117 7.1675535e-05
70 75 12719464 0.0004775372 2269280.3 8.5197439e-05
75 80 14191240 0.00053279329 2676986 0.00010050427
80 85 15692862 0.00058916991 3177982.9 0.0001193136
85 90 17299386 0.00064948495 3635044.8 0.00013647345
90 95 18973250 0.00071232819 4205555.1 0.00015789258
95 100 20613542 0.00077391101 4623181.5 0.00017357187
100 105 22249824 0.00083534328 5218009.7 0.00019590399
105 110 23940224 0.00089880734 5787150.4 0.00021727171
110 115 25638336 0.00096256095 6432303.7 0.00024149322
115 120 27333554 0.0010262059 7299894.4 0.00027406589
120 125 29076678 0.0010916494 8104143.1 0.00030426045
125 130 30816632 0.0011569739 8667424.3 0.00032540818
130 135 32544312 0.0012218376 9437896.6 0.00035433465
135 140 34293276 0.0012875004 10171951 0.00038189383
140 145 36044362 0.0013532429 11025947 0.00041395612
145 150 37810860 0.0014195639 11921153 0.00044756555
150 155 39620538 0.0014875062 12810025 0.00048093722
155 160 41344204 0.0015522192 13503096 0.00050695775
160 165 43083000 0.0016175002 14148479 0.00053118788
165 170 44833244 0.001683211 14745406 0.00055359879
170 175 46647074 0.0017513091 15559747 0.00058417225
175 180 48413146 0.0018176142 16294124 0.00061174357
180 185 50141140 0.0018824897 17066380 0.00064073701
185 190 51918336 0.0019492124 17788976 0.00066786601
190 195 53688712 0.0020156791 18412973 0.00069129325
195 200 55416242 0.0020805371 19259572 0.0007230778
