0 5 355462 1.1033976e-05 17512.536 5.4361057e-07
5 10 528262 1.6397899e-05 -3800.5152 -1.1797264e-07
10 15 763620 2.37037e-05 -22070.932 -6.8510874e-07
15 20 1091194 3.3871998e-05 -20897.533 -6.48685e-07
20 25 1575606 4.8908739e-05 -44210.285 -1.3723414e-06
25 30 2379912 7.3875382e-05 -59624.803 -1.8508269e-06
30 35 3725648 0.00011564868 -13517.789 -4.1960872e-07
35 40 5150530 0.00015987876 93421.763 2.8999259e-06
40 45 6523736 0.00020250475 186562.14 5.7911172e-06
45 50 7996356 0.00024821668 339907.23 1.0551136e-05
50 55 9621784 0.00029867196 418615.13 1.2994326e-05
55 60 11373428 0.00035304513 523183.37 1.6240252e-05
60 65 13296788 0.00041274858 624111.86 1.9373196e-05
65 70 15358306 0.00047674062 770354.68 2.3912752e-05
70 75 17559088 0.00054505559 880514.35 2.7332243e-05
75 80 19848750 0.0006161295 1055369.8 3.2759971e-05
80 85 22223030 0.00068983006 1200054.6 3.7251165e-05
85 90 24699560 0.00076670458 1363344.2 4.2319872e-05
90 95 27299908 0.00084742257 1606407.8 4.9864865e-05
95 100 30088064 0.00093397034 1933575.4 6.0020549e-05
100 105 32967646 0.0010233561 2205358.2 6.8457019e-05
105 110 35859310 0.0011131169 2305313.2 7.1559746e-05
110 115 38818800 0.0012049831 2562132.8 7.9531738e-05
115 120 41942018 0.0013019316 2684550.1 8.3331721e-05
120 125 45132696 0.0014009741 2980485.8 9.2517929e-05
125 130 48339402 0.0015005142 3255897.3 0.00010106704
130 135 51698954 0.0016047988 3423690.6 0.00010627555
135 140 55108730 0.0017106424 3714516.6 0.00011530314
140 145 58561904 0.0018178332 3970879.3 0.00012326095
145 150 62093880 0.0019274701 4130244.7 0.00012820785
150 155 65652422 0.0020379316 4456073 0.00013832196
155 160 69258134 0.0021498573 4565587.8 0.00014172144
160 165 72952378 0.0022645311 4894778.5 0.00015193992
165 170 76730008 0.0023817934 5118003.9 0.00015886911
170 175 80456716 0.002497475 5317761.8 0.00016506984
175 180 84246254 0.0026151069 5615791 0.00017432103
180 185 88022290 0.0027323196 5931206.2 0.0001841119
185 190 91867936 0.0028516932 5940559.9 0.00018440225
190 195 95806502 0.0029739511 6175510.8 0.00019169542
195 200 99679276 0.0030941668 6447235 0.00020013007
