0 5 303662 1.1610966e-05 -1275.7968 -4.878198e-08
5 10 455338 1.7410522e-05 -3069.9954 -1.1738582e-07
10 15 645944 2.4698625e-05 -21490.989 -8.2173978e-07
15 20 900642 3.443738e-05 -10385.555 -3.9710705e-07
20 25 1282944 4.9055263e-05 -12343.853 -4.719855e-07
25 30 1903674 7.2789793e-05 38525.408 1.473076e-06
30 35 2940386 0.00011243001 169700.64 6.4887552e-06
35 40 4017912 0.00015363081 353865.83 1.3530584e-05
40 45 5007172 0.00019145663 543865.85 2.0795516e-05
45 50 6048370 0.00023126838 713877.24 2.7296153e-05
50 55 7171720 0.00027422133 914333.05 3.4960877e-05
55 60 8377208 0.00032031495 1183853.9 4.5266408e-05
60 65 9626558 0.00036808569 1534574.3 5.8676721e-05
65 70 10971252 0.00041950206 1874689.3 7.168152e-05
70 75 12371694 0.00047305003 2206813 8.4380761e-05
75 80 13810100 0.00052804961 2626148 0.00010041465
80 85 15278692 0.0005842034 3033497.6 0.00011599027
85 90 16836066 0.0006437519 3453943.6 0.00013206665
90 95 18385296 0.000702989 3930594.8 0.00015029211
95 100 19990676 0.00076437308 4534776.9 0.00017339391
100 105 21621274 0.00082672141 5096959.5 0.00019488979
105 110 23272606 0.00088986254 5714049.1 0.00021848512
110 115 24962914 0.00095449396 6352715.1 0.00024290546
115 120 26582724 0.0010164298 6908902.1 0.0002641721
120 125 28273904 0.0010810946 7622763.2 0.00029146764
125 130 29905998 0.0011435001 8284396.1 0.00031676615
130 135 31613786 0.0012087999 8949208.9 0.00034218625
135 140 33368548 0.0012758958 9812556.7 0.00037519763
140 145 35104180 0.0013422603 10594167 0.00040508364
145 150 36806814 0.001407363 11306600 0.00043232459
150 155 38567328 0.0014746789 12069731 0.00046150401
155 160 40306296 0.0015411709 12862681 0.00049182365
160 165 42016858 0.0016065768 13504887 0.00051637934
165 170 43719936 0.0016716965 14281476 0.00054607336
170 175 45432456 0.0017371772 14957438 0.00057191978
175 180 47129262 0.0018020571 15723686 0.00060121842
180 185 48859594 0.0018682189 16330982 0.00062443926
185 190 50617442 0.0019354328 16981950 0.00064933001
190 195 52313736 0.0020002931 17672815 0.00067574625
195 200 54075194 0.0020676451 18479225 0.00070658052
