0 5 356930 1.1030816e-05 7746.5778 2.3940569e-07
5 10 531950 1.6439757e-05 -13444.723 -4.1550519e-07
10 15 771212 2.3834078e-05 -29347.193 -9.069663e-07
15 20 1093868 3.3805666e-05 -34712.11 -1.0727675e-06
20 25 1591252 4.9177172e-05 -56472.446 -1.7452642e-06
25 30 2410034 7.4481387e-05 -51805.121 -1.6010219e-06
30 35 3776134 0.0001167003 26991.182 8.3415448e-07
35 40 5226476 0.00016152269 131745.04 4.0715414e-06
40 45 6619652 0.00020457838 238441.61 7.3689673e-06
45 50 8094444 0.00025015639 287500.54 8.8851191e-06
50 55 9721758 0.00030044805 337729.79 1.0437439e-05
55 60 11504562 0.00035554508 440128.23 1.3602033e-05
60 65 13434266 0.00041518201 546788.12 1.6898325e-05
65 70 15504496 0.00047916186 765496.03 2.3657428e-05
70 75 17743026 0.00054834296 878004.04 2.7134455e-05
75 80 20061598 0.00061999774 1042288.3 3.2211612e-05
80 85 22475312 0.00069459286 1165599.3 3.60225e-05
85 90 25011586 0.00077297566 1464781.5 4.5268639e-05
90 95 27673970 0.00085525584 1627750.3 5.0305141e-05
95 100 30458000 0.00094129547 1811828.6 5.5994025e-05
100 105 33357350 0.001030899 2035628.4 6.2910492e-05
105 110 36307520 0.0011220731 2236827.4 6.9128488e-05
110 115 39287044 0.0012141545 2473200.8 7.6433539e-05
115 120 42465766 0.0013123919 2826893.6 8.7364309e-05
120 125 45688468 0.0014119886 3036538.9 9.3843335e-05
125 130 48991656 0.0015140726 3321301.6 0.00010264384
130 135 52395186 0.0016192577 3543242.2 0.00010950285
135 140 55777180 0.0017237772 3669599.5 0.00011340788
140 145 59301676 0.0018327007 3855094 0.00011914054
145 150 62878764 0.0019432496 4180022.5 0.00012918236
150 155 66467808 0.0020541679 4468323.8 0.00013809222
155 160 70157204 0.0021681876 4724181 0.00014599942
160 165 73851978 0.0022823735 4927391.8 0.00015227958
165 170 77575854 0.0023974588 5172590.1 0.00015985737
170 175 81367838 0.0025146489 5498238.5 0.00016992143
175 180 85235204 0.0026341687 5717800.6 0.00017670693
180 185 89009116 0.0027508004 6077339.4 0.00018781837
185 190 92891222 0.0028707757 6279762.8 0.00019407421
190 195 96839684 0.0029928017 6567986 0.00020298166
195 200 1.0077983e+08 0.0031145709 6792622.9 0.000209924
