0 5 351798 1.0973121e-05 3575.489 1.11525e-07
5 10 528566 1.6486787e-05 -17295.839 -5.3948382e-07
10 15 762618 2.3787229e-05 -16224.183 -5.0605724e-07
15 20 1085728 3.3865527e-05 -35439.731 -1.1054197e-06
20 25 1567104 4.8880385e-05 -35128.727 -1.095719e-06
25 30 2354808 7.3450084e-05 -30003.22 -9.3584659e-07
30 35 3688684 0.00011505573 -35676.963 -1.1128194e-06
35 40 5103664 0.00015919113 40402.083 1.2602031e-06
40 45 6480714 0.00020214344 119452.73 3.7259143e-06
45 50 7972132 0.00024866306 278897.5 8.699242e-06
50 55 9559658 0.00029818044 383179.71 1.1951965e-05
55 60 11304962 0.00035261916 515289.04 1.6072658e-05
60 65 13224666 0.00041249768 692228.23 2.1591664e-05
65 70 15254128 0.00047579972 757709.76 2.3634133e-05
70 75 17416046 0.00054323327 813044.48 2.5360108e-05
75 80 19709416 0.00061476701 1027740.9 3.2056821e-05
80 85 22102698 0.00068941715 1236210.8 3.8559316e-05
85 90 24568528 0.00076633019 1447454.6 4.5148337e-05
90 95 27196548 0.00084830217 1644343.7 5.1289609e-05
95 100 29898100 0.00093256774 1850160.7 5.7709358e-05
100 105 32712208 0.0010203441 2064522 6.4395618e-05
105 110 35701698 0.0011135909 2275832.6 7.0986719e-05
110 115 38667592 0.0012061017 2505946 7.816431e-05
115 120 41704268 0.0013008203 2790770.8 8.7048435e-05
120 125 44901530 0.0014005478 2919691.3 9.1069665e-05
125 130 48151238 0.0015019112 3188200.1 9.9444865e-05
130 135 51432102 0.0016042464 3463504.7 0.00010803204
135 140 54784818 0.0017088228 3806169.2 0.00011872027
140 145 58267364 0.0018174487 4074910.6 0.00012710273
145 150 61804550 0.001927779 4266340.4 0.00013307372
150 155 65392144 0.0020396816 4552374.5 0.00014199556
155 160 68913752 0.0021495259 4816029.3 0.00015021936
160 165 72651046 0.0022660979 5201847.9 0.00016225364
165 170 76382146 0.0023824766 5432706 0.00016945446
170 175 80124678 0.002499212 5731724.1 0.00017878129
175 180 83876336 0.002616232 5897703 0.00018395843
180 185 87627284 0.0027332298 6119292.6 0.00019087015
185 190 91480618 0.0028534212 6590335.8 0.00020556271
190 195 95370534 0.0029747537 6773955 0.00021129008
195 200 99342104 0.0030986331 6994169.2 0.0002181589
