0 5 302270 1.1732216e-05 -9942.1962 -3.8589337e-07
5 10 449070 1.7430066e-05 -19243.482 -7.4691063e-07
10 15 633526 2.4589485e-05 -18733.522 -7.2711719e-07
15 20 883444 3.4289726e-05 -11534.073 -4.4768001e-07
20 25 1258198 4.8835313e-05 -8095.1475 -3.1420258e-07
25 30 1856750 7.2067328e-05 29211.37 1.1338012e-06
30 35 2885872 0.00011201136 156524.8 6.0753057e-06
35 40 3949260 0.00015328537 342043.95 1.327599e-05
40 45 4944100 0.00019189879 504380.05 1.9576853e-05
45 50 5969246 0.00023168849 688648.59 2.6728996e-05
50 55 7076120 0.00027465036 891934.45 3.4619272e-05
55 60 8273012 0.00032110616 1165431.8 4.5234713e-05
60 65 9514696 0.00036930051 1487028.6 5.7717075e-05
65 70 10835296 0.00042055787 1836441.8 7.1279092e-05
70 75 12198000 0.00047344945 2168472.5 8.4166432e-05
75 80 13654816 0.00052999386 2537360.3 9.8484328e-05
80 85 15135938 0.00058748168 2936288.5 0.0001139682
85 90 16639714 0.00064584878 3385809.5 0.00013141578
90 95 18208576 0.00070674211 3933387.7 0.00015266931
95 100 19764574 0.00076713615 4443823.3 0.0001724812
100 105 21348676 0.000828621 4984380.6 0.00019346223
105 110 22942240 0.0008904731 5625237 0.00021833623
110 115 24593612 0.00095456895 6223809.6 0.00024156905
115 120 26261198 0.0010192941 6864602.5 0.00026644059
120 125 27936636 0.0010843241 7512992.9 0.00029160701
125 130 29598864 0.0011488413 8263454.3 0.0003207352
130 135 31251988 0.0012130051 9005638.5 0.0003495421
135 140 32888444 0.001276522 9743723.1 0.0003781899
140 145 34624784 0.0013439158 10498658 0.0004074917
145 150 36345160 0.00141069 11232787 0.00043598597
150 155 38014926 0.0014754997 12026699 0.00046680063
155 160 39668812 0.0015396932 12757042 0.00049514794
160 165 41392506 0.0016065961 13473297 0.00052294844
165 170 43103010 0.0016729871 14230764 0.00055234855
170 175 44746398 0.001736773 14849808 0.00057637593
175 180 46434856 0.0018023083 15599379 0.00060546952
180 185 48105902 0.0018671678 16297688 0.00063257348
185 190 49779964 0.0019321443 16961101 0.00065832299
190 195 51433586 0.0019963275 17640374 0.00068468808
195 200 53141462 0.0020626165 18262981 0.00070885378
