0 5 305750 1.1756867e-05 -10166.189 -3.9091588e-07
5 10 452368 1.7394703e-05 -22092.466 -8.4951166e-07
10 15 640430 2.4626167e-05 -15453.119 -5.9421183e-07
15 20 890648 3.4247687e-05 -24121.344 -9.2752717e-07
20 25 1259694 4.8438446e-05 2104.4573 8.092175e-08
25 30 1880644 7.2315557e-05 42379.831 1.6296126e-06
30 35 2909176 0.00011186524 162171.82 6.2359201e-06
35 40 3967226 0.00015254996 351251.86 1.350653e-05
40 45 4946422 0.00019020254 521272.55 2.0044259e-05
45 50 5989344 0.00023030555 698396.97 2.6855144e-05
50 55 7098442 0.0002729532 963843.53 3.7062241e-05
55 60 8306646 0.00031941172 1275559.9 4.9048529e-05
60 65 9569914 0.0003679876 1532875.4 5.8942966e-05
65 70 10880580 0.00041838605 1893252.1 7.2800373e-05
70 75 12233308 0.00047040189 2219147.1 8.5331864e-05
75 80 13667444 0.00052554807 2583528 9.9343239e-05
80 85 15138116 0.00058209916 2988097.5 0.00011489997
85 90 16653182 0.00064035731 3520771.8 0.00013538265
90 95 18204434 0.00070000691 4022837.5 0.00015468836
95 100 19771686 0.00076027174 4496967.2 0.00017291986
100 105 21391956 0.00082257526 5160028.9 0.00019841627
105 110 23028966 0.00088552246 5770301.7 0.00022188281
110 115 24641052 0.00094751128 6457964 0.00024832518
115 120 26255042 0.0010095733 7191465.7 0.00027653019
120 125 27906512 0.0010730765 7953190.7 0.00030582046
125 130 29527668 0.0011354141 8633380.9 0.00033197551
130 135 31263170 0.0012021486 9297364.6 0.00035750738
135 140 32937516 0.0012665315 9898034.8 0.00038060468
140 145 34617150 0.0013311177 10734180 0.00041275658
145 150 36268888 0.0013946312 11541209 0.00044378892
150 155 37946764 0.0014591498 12289646 0.00047256823
155 160 39633754 0.0015240189 12992979 0.00049961318
160 165 41343192 0.0015897512 13700779 0.00052682989
165 170 43096102 0.001657155 14315085 0.00055045151
170 175 44821966 0.0017235189 15135529 0.00058199969
175 180 46495754 0.0017878803 15720055 0.00060447618
180 185 48172732 0.0018523644 16418653 0.00063133909
185 190 49844822 0.0019166605 17145545 0.00065928991
190 195 51522838 0.0019811845 17921758 0.00068913729
195 200 53242882 0.0020473246 18630839 0.00071640327
