0 5 352012 1.099797e-05 9928.7486 3.1020555e-07
5 10 522918 1.6337614e-05 -9186.5546 -2.8701706e-07
10 15 767832 2.3989503e-05 -28781.27 -8.99218e-07
15 20 1089674 3.4044866e-05 -47696.05 -1.4901756e-06
20 25 1577926 4.9299405e-05 -80173.77 -2.5048824e-06
25 30 2365158 7.3895025e-05 -69619.934 -2.1751472e-06
30 35 3701992 0.00011566195 -6391.293 -1.9968423e-07
35 40 5125952 0.00016015097 133947.5 4.184944e-06
40 45 6491844 0.00020282576 276530.72 8.6396954e-06
45 50 7965386 0.00024886388 335051.66 1.0468075e-05
50 55 9616676 0.00030045541 385560.14 1.204612e-05
55 60 11367522 0.00035515738 527507.69 1.648101e-05
60 65 13239082 0.00041363084 574337.9 1.7944135e-05
65 70 15244042 0.00047627214 738795.9 2.3082323e-05
70 75 17408930 0.0005439101 850906.46 2.6585012e-05
75 80 19719478 0.00061609893 1083400.8 3.3848871e-05
80 85 22115512 0.00069095862 1346248 4.206105e-05
85 90 24586710 0.00076816667 1514704.9 4.7324179e-05
90 95 27198002 0.00084975171 1715491.4 5.3597383e-05
95 100 29934374 0.00093524463 1902044.7 5.9425899e-05
100 105 32810810 0.0010251136 2155045.7 6.733045e-05
105 110 35680130 0.0011147602 2332445.7 7.287299e-05
110 115 38642640 0.0012073184 2528628.2 7.9002352e-05
115 120 41668388 0.0013018524 2734716.2 8.5441194e-05
120 125 44780912 0.0013990975 2938503 9.1808137e-05
125 130 48015354 0.0015001517 3220451.2 0.00010061709
130 135 51428050 0.0016067751 3494682.7 0.00010918495
135 140 54827890 0.0017129969 3655204 0.00011420015
140 145 58317992 0.0018220387 3993471.5 0.00012476869
145 150 61825590 0.0019316272 4426343.2 0.00013829298
150 155 65303976 0.002040303 4736677.2 0.00014798879
155 160 69009476 0.0021560745 4921840.1 0.00015377387
160 165 72626492 0.0022690816 5090596.4 0.00015904635
165 170 76302146 0.0023839207 5275823.5 0.00016483343
170 175 80028852 0.0025003547 5565810.5 0.00017389355
175 180 83786304 0.0026177494 5847132.6 0.00018268294
180 185 87622094 0.0027375917 6120490.5 0.0001912235
185 190 91504332 0.0028588851 6634570 0.00020728498
190 195 95343970 0.0029788475 6747549.7 0.00021081482
195 200 99270422 0.0031015223 7070927.5 0.00022091817
