0 5 350354 1.0945924e-05 10616.498 3.3168558e-07
5 10 522420 1.632169e-05 -3935.7569 -1.2296276e-07
10 15 761804 2.3800637e-05 -15556.686 -4.8602928e-07
15 20 1086460 3.3943692e-05 -15468.447 -4.8327247e-07
20 25 1561986 4.8800298e-05 -28858.095 -9.0159811e-07
25 30 2361102 7.3766654e-05 -29212.936 -9.1268423e-07
30 35 3694090 0.00011541249 -7682.8952 -2.4003261e-07
35 40 5124860 0.00016011327 109743.21 3.4286489e-06
40 45 6481970 0.00020251274 171909 5.3708615e-06
45 50 7945264 0.00024822966 246019.65 7.6862609e-06
50 55 9556854 0.00029857971 350709.7 1.0957037e-05
55 60 11309920 0.00035334981 487467.72 1.5229694e-05
60 65 13192554 0.00041216795 617511.77 1.9292592e-05
65 70 15213254 0.0004752996 814755.98 2.5454988e-05
70 75 17399580 0.00054360582 984170.95 3.0747929e-05
75 80 19664168 0.00061435714 1200691.7 3.7512571e-05
80 85 21986876 0.00068692427 1454009.6 4.5426847e-05
85 90 24455370 0.00076404611 1549983.1 4.8425297e-05
90 95 27078850 0.0008460101 1734000.4 5.4174452e-05
95 100 29820862 0.00093167733 2017763.4 6.3039909e-05
100 105 32690644 0.0010213364 2176843.6 6.8009966e-05
105 110 35615662 0.0011127212 2278628.7 7.1189983e-05
110 115 38572738 0.0012051075 2604552.3 8.1372641e-05
115 120 41611550 0.0013000475 2715076.1 8.4825677e-05
120 125 44733800 0.0013975943 2954559.5 9.2307729e-05
125 130 47949384 0.0014980571 3323916.6 0.00010384736
130 135 51289904 0.0016024232 3482288.1 0.00010879527
135 140 54710524 0.0017092918 3647075 0.00011394363
140 145 58146964 0.0018166547 3984818.4 0.00012449556
145 150 61712160 0.0019280402 4254011.1 0.00013290581
150 155 65248098 0.0020385116 4505371.2 0.00014075891
155 160 68868224 0.0021516133 4777042.9 0.00014924661
160 165 72506600 0.0022652851 5064186.3 0.00015821768
165 170 76204580 0.0023808192 5161505.7 0.00016125818
170 175 79950058 0.0024978371 5362146.3 0.00016752668
175 180 83722034 0.002615683 5607618.8 0.00017519585
180 185 87503728 0.0027338324 5847602.6 0.00018269354
185 190 91280776 0.0028518367 6170200.8 0.0001927723
190 195 95128278 0.0029720422 6263009.5 0.00019567187
195 200 99075166 0.0030953527 6617792.2 0.00020675616
