0 5 350118 1.0863007e-05 15902.868 4.9341355e-07
5 10 524376 1.6269658e-05 -11943.743 -3.7057497e-07
10 15 766310 2.3776072e-05 -13548.539 -4.2036648e-07
15 20 1087772 3.3749978e-05 -30787.644 -9.5523904e-07
20 25 1579312 4.9000843e-05 -56729.169 -1.760119e-06
25 30 2376410 7.3732165e-05 -53409.015 -1.6571056e-06
30 35 3726660 0.00011562597 2324.3015 7.2115412e-08
35 40 5162516 0.00016017585 109817.6 3.4072779e-06
40 45 6528022 0.00020254299 198742.82 6.1663343e-06
45 50 8014940 0.00024867715 314403.3 9.7548974e-06
50 55 9650572 0.00029942542 364063.89 1.1295702e-05
55 60 11440988 0.00035497613 454022.53 1.4086822e-05
60 65 13358734 0.00041447746 561743.01 1.7429033e-05
65 70 15410942 0.00047815071 669630.44 2.0776424e-05
70 75 17544388 0.0005443445 835802.89 2.5932207e-05
75 80 19837164 0.00061548178 1016601.9 3.1541803e-05
80 85 22265458 0.00069082373 1145826.7 3.5551222e-05
85 90 24787930 0.00076908772 1315499.7 4.0815616e-05
90 95 27413680 0.00085055608 1506021 4.6726864e-05
95 100 30186920 0.00093660057 1784493.1 5.5366935e-05
100 105 33096696 0.0010268813 2044885.4 6.344605e-05
105 110 35967320 0.0011159473 2283938.6 7.0863083e-05
110 115 38998366 0.0012099907 2434757.5 7.5542496e-05
115 120 42106586 0.0013064285 2511784.9 7.79324e-05
120 125 45303782 0.0014056269 2674543.5 8.2982264e-05
125 130 48586530 0.0015074798 2934110.8 9.1035782e-05
130 135 51925732 0.0016110842 3045482.7 9.4491285e-05
135 140 55293446 0.0017155733 3392196.4 0.00010524867
140 145 58768496 0.0018233926 3719067.2 0.00011539039
145 150 62390012 0.0019357563 3977513.9 0.00012340914
150 155 65955396 0.0020463784 4223821.4 0.00013105125
155 160 69620622 0.0021600983 4275547.1 0.00013265613
160 165 73362566 0.0022761985 4412496.1 0.0001369052
165 170 77133294 0.0023931917 4674472.1 0.00014503345
170 175 80847256 0.0025084237 4853440 0.00015058624
175 180 84633180 0.0026258885 5322540.4 0.00016514087
180 185 88472524 0.0027450106 5475814.9 0.00016989648
185 190 92420950 0.0028675173 5803758.8 0.00018007149
190 195 96402350 0.002991047 5899253.7 0.00018303439
195 200 1.0036986e+08 0.0031141458 6106026.7 0.00018944987
