0 5 306372 1.1786631e-05 -11424.952 -4.3953657e-07
5 10 454892 1.7500438e-05 -19606.534 -7.5429536e-07
10 15 643760 2.4766498e-05 -23338.062 -8.9785334e-07
15 20 890530 3.4260143e-05 -27013.37 -1.0392484e-06
20 25 1261386 4.8527579e-05 -6597.5547 -2.538187e-07
25 30 1867548 7.184762e-05 38475.633 1.4802204e-06
30 35 2889802 0.0001111754 160751.24 6.1843628e-06
35 40 3964574 0.00015252363 323773.84 1.2456108e-05
40 45 4994702 0.00019215434 529584.74 2.037399e-05
45 50 6034778 0.00023216776 729967.02 2.8083023e-05
50 55 7152476 0.00027516743 951408.56 3.660224e-05
55 60 8332792 0.00032057611 1234284.8 4.7484951e-05
60 65 9594310 0.00036910877 1536199.1 5.9100087e-05
65 70 10916884 0.00041999035 1853293.2 7.1299214e-05
70 75 12296098 0.00047305096 2182859.1 8.3978155e-05
75 80 13756044 0.00052921747 2615282.3 0.00010061418
80 85 15221232 0.00058558564 3044547 0.0001171287
85 90 16770562 0.0006451909 3457257 0.00013300632
90 95 18336860 0.00070544894 3948326 0.00015189855
95 100 19911612 0.00076603222 4482627.9 0.00017245401
100 105 21513222 0.00082764877 5240456.9 0.00020160893
105 110 23139128 0.00089020003 5875947.8 0.00022605731
110 115 24764960 0.00095274844 6583970.9 0.00025329611
115 120 26433520 0.0010169407 7210328 0.00027739309
120 125 28080628 0.0010803076 7741456.7 0.00029782648
125 130 29785774 0.0011459074 8419739 0.0003239211
130 135 31442404 0.0012096406 9301192.9 0.00035783208
135 140 33100962 0.001273448 10066731 0.00038728359
140 145 34775230 0.0013378599 10774434 0.00041451006
145 150 36480044 0.0014034468 11547574 0.00044425401
150 155 38168054 0.0014683873 12318933 0.00047392945
155 160 39882516 0.0015343455 13188977 0.00050740147
160 165 41622830 0.0016012982 13930224 0.00053591847
165 170 43307706 0.0016661182 14498986 0.00055779968
170 175 45044814 0.0017329475 15294369 0.00058839935
175 180 46709602 0.0017969946 15928166 0.00061278255
180 185 48477668 0.001865015 16519008 0.00063551321
185 190 50176256 0.0019303625 17231239 0.00066291388
190 195 51841336 0.0019944208 17980806 0.00069175096
195 200 53506366 0.0020584773 18717251 0.00072008322
