0 5 305414 1.174453e-05 -3401.566 -1.3080537e-07
5 10 453178 1.7426714e-05 -6796.7135 -2.6136393e-07
10 15 641594 2.4672149e-05 -18391.92 -7.0725132e-07
15 20 895498 3.443589e-05 -4022.1254 -1.5466865e-07
20 25 1279216 4.9191557e-05 3751.0988 1.4424647e-07
25 30 1887398 7.2578866e-05 40262.772 1.5482831e-06
30 35 2929594 0.00011265595 170270.36 6.5476542e-06
35 40 3997080 0.00015370554 380166.22 1.4619086e-05
40 45 4981004 0.00019154181 568908.2 2.1877056e-05
45 50 6025152 0.00023169395 752637.63 2.8942272e-05
50 55 7140556 0.00027458621 950256.77 3.6541609e-05
55 60 8341302 0.00032076024 1190408.1 4.5776498e-05
60 65 9601558 0.0003692227 1562256 6.0075708e-05
65 70 10923624 0.00042006204 1873563.2 7.2046858e-05
70 75 12305926 0.00047321771 2251581.9 8.658336e-05
75 80 13735320 0.00052818428 2617952.2 0.00010067193
80 85 15231220 0.0005857083 3071585.4 0.00011811615
85 90 16765482 0.00064470752 3581085.5 0.0001377087
90 95 18338966 0.00070521499 4139796.1 0.00015919361
95 100 19944686 0.00076696208 4649604.8 0.00017879803
100 105 21512138 0.0008272376 5164914.8 0.000198614
105 110 23111026 0.00088872197 5724588.5 0.00022013595
110 115 24776156 0.00095275364 6295559 0.00024209231
115 120 26445546 0.0010169491 7117350.2 0.00027369384
120 125 28097970 0.0010804922 7886074.4 0.00030325471
125 130 29768058 0.0011447145 8572556.8 0.00032965302
130 135 31461382 0.0012098304 9416026.8 0.0003620882
135 140 33140614 0.0012744043 10139963 0.00038992677
140 145 34826640 0.0013392395 10725782 0.00041245414
145 150 36528362 0.0014046783 11418566 0.00043909476
150 155 38236346 0.0014703579 12214751 0.00046971162
155 160 39961636 0.001536703 12927056 0.00049710293
160 165 41691582 0.0016032272 13788983 0.00053024786
165 170 43461380 0.0016712838 14442939 0.0005553954
170 175 45165326 0.0017368081 15296820 0.00058823091
175 180 46840168 0.0018012133 15863609 0.00061002646
180 185 48596700 0.0018687597 16439962 0.0006321898
185 190 50275822 0.0019333295 17203771 0.00066156166
190 195 51976314 0.001998721 17940956 0.00068990974
195 200 53653442 0.002063214 18665537 0.0007177731
