0 5 353456 1.1028039e-05 502.18972 1.566862e-08
5 10 531496 1.6582994e-05 -18568.31 -5.7934239e-07
10 15 769876 2.4020592e-05 -33558.52 -1.0470459e-06
15 20 1098492 3.4273608e-05 -38443.441 -1.1994584e-06
20 25 1581294 4.933732e-05 -56264.699 -1.7554923e-06
25 30 2380218 7.4264227e-05 -61511.694 -1.9192017e-06
30 35 3736964 0.00011659552 13757.373 4.2923829e-07
35 40 5139020 0.0001603405 99054.929 3.0905731e-06
40 45 6504300 0.00020293806 192607.8 6.0094788e-06
45 50 8017780 0.00025015954 291160.37 9.0843779e-06
50 55 9648668 0.00030104422 381723.1 1.1909989e-05
55 60 11395356 0.00035554193 541194.58 1.6885595e-05
60 65 13293072 0.00041475181 665413.55 2.0761301e-05
65 70 15338710 0.00047857694 767004.49 2.3931e-05
70 75 17486554 0.00054559096 827463.5 2.5817357e-05
75 80 19794284 0.00061759352 1039258.5 3.2425486e-05
80 85 22237088 0.00069381047 1240807.4 3.8713935e-05
85 90 24757560 0.0007724507 1421765.7 4.4359943e-05
90 95 27416824 0.00085542133 1640609.3 5.1187992e-05
95 100 30148688 0.00094065712 1842897.1 5.7499492e-05
100 105 32943732 0.0010278642 2077704.6 6.4825629e-05
105 110 35843922 0.0011183518 2277689.1 7.1065263e-05
110 115 38800728 0.001210606 2498050.3 7.7940664e-05
115 120 41948054 0.0013088044 2805845.5 8.7544061e-05
120 125 45195838 0.0014101372 3056334.8 9.5359476e-05
125 130 48460730 0.0015120038 3264261 0.0001018469
130 135 51776280 0.0016154509 3559180.5 0.00011104856
135 140 55195440 0.0017221308 3815057.7 0.00011903209
140 145 58636300 0.0018294877 4163536.7 0.00012990484
145 150 62153574 0.0019392287 4354935.1 0.00013587658
150 155 65716288 0.0020503875 4531276.8 0.00014137855
155 160 69398572 0.002165277 4706488.1 0.00014684525
160 165 73068550 0.0022797825 4943950.9 0.00015425423
165 170 76715086 0.0023935566 5302133.7 0.00016542975
170 175 80509504 0.0025119447 5589138.9 0.00017438448
175 180 84355480 0.0026319415 5787722.2 0.0001805804
180 185 88136092 0.0027498989 6025320.2 0.0001879936
185 190 91891852 0.0028670808 6246602.2 0.00019489773
190 195 95837520 0.002990188 6575668 0.00020516478
195 200 99841642 0.003115119 6694199.1 0.00020886302
