0 5 304740 1.1679035e-05 -5650.2311 -2.1654277e-07
5 10 454700 1.742619e-05 -5453.2416 -2.0899323e-07
10 15 639470 2.4507424e-05 -20442.978 -7.8346868e-07
15 20 889002 3.4070634e-05 -13927.787 -5.3377669e-07
20 25 1265378 4.8495089e-05 4650.3167 1.7822147e-07
25 30 1895374 7.2639426e-05 29458.012 1.1289661e-06
30 35 2932684 0.0001123939 133511.75 5.1167827e-06
35 40 4015354 0.00015388678 312114.02 1.1961641e-05
40 45 5006138 0.00019185817 524039.21 2.0083586e-05
45 50 6033176 0.00023121898 716305.8 2.7452124e-05
50 55 7145702 0.00027385608 951363.12 3.6460599e-05
55 60 8345440 0.00031983554 1230462.7 4.7156973e-05
60 65 9631856 0.0003691369 1527216.5 5.8529942e-05
65 70 10988560 0.00042113202 1856771.9 7.1160015e-05
70 75 12369376 0.00047405123 2248489.2 8.6172421e-05
75 80 13800414 0.00052889517 2661794.7 0.00010201218
80 85 15249114 0.00058441599 3027006.9 0.00011600879
85 90 16765410 0.00064252741 3520956.8 0.00013493921
90 95 18339634 0.0007028589 4018137.7 0.00015399347
95 100 19961764 0.00076502636 4604325.6 0.00017645888
100 105 21593058 0.00082754503 5183265 0.00019864649
105 110 23203656 0.00088927053 5774317.9 0.00022129835
110 115 24854548 0.00095254028 6386630.1 0.00024476496
115 120 26521896 0.0010164407 7072952.4 0.00027106798
120 125 28183674 0.0010801277 7652861.4 0.00029329275
125 130 29855362 0.0011441944 8277124.7 0.00031721738
130 135 31556540 0.0012093914 8992644.8 0.0003446394
135 140 33232264 0.0012736128 9818281.3 0.00037628158
140 145 34976546 0.0013404617 10629802 0.00040738277
145 150 36733296 0.0014077884 11453206 0.00043893939
150 155 38424242 0.0014725932 12260318 0.00046987161
155 160 40179180 0.0015398505 12927943 0.00049545809
160 165 41913452 0.0016063157 13597453 0.00052111679
165 170 43617996 0.0016716417 14265602 0.00054672331
170 175 45330970 0.0017372907 15083052 0.00057805174
175 180 47116576 0.0018057233 15869803 0.00060820363
180 185 48784810 0.0018696577 16502141 0.00063243775
185 190 50503470 0.0019355246 17067087 0.00065408908
190 195 52194616 0.0020003371 17882016 0.00068532087
195 200 53833550 0.0020631486 18534625 0.00071033186
