0 5 353668 1.0877212e-05 2231.4749 6.8629977e-08
5 10 530466 1.6314711e-05 -14648.507 -4.5052118e-07
10 15 774558 2.3821866e-05 -20754.764 -6.3832173e-07
15 20 1098048 3.3770941e-05 -31905.322 -9.8126197e-07
20 25 1592310 4.8972182e-05 -40845.603 -1.2562242e-06
25 30 2404020 7.3936674e-05 -35816.184 -1.1015422e-06
30 35 3751454 0.00011537759 21074.62 6.4815904e-07
35 40 5204310 0.0001600608 92882.742 2.8566489e-06
40 45 6611014 0.00020332459 168672.22 5.1875869e-06
45 50 8086364 0.00024869962 259971.47 7.9955349e-06
50 55 9728872 0.00029921566 362671.17 1.1154109e-05
55 60 11549770 0.00035521817 516396.46 1.5881996e-05
60 65 13486846 0.00041479378 642467.22 1.9759357e-05
65 70 15556978 0.00047846158 739135.57 2.2732434e-05
70 75 17750500 0.0005459243 875088.4 2.6913722e-05
75 80 20078526 0.00061752375 1077765.6 3.3147147e-05
80 85 22504390 0.00069213224 1254071.7 3.8569518e-05
85 90 25038652 0.00077007457 1480256 4.5525914e-05
90 95 27699646 0.00085191459 1563196.6 4.8076788e-05
95 100 30481350 0.0009374671 1752026.4 5.388433e-05
100 105 33374004 0.0010264319 2046486.1 6.2940564e-05
105 110 36385060 0.0011190383 2232543.4 6.8662838e-05
110 115 39444248 0.0012131249 2542083.9 7.8182888e-05
115 120 42555320 0.0013088073 2878574 8.8531789e-05
120 125 45737640 0.0014066809 3110912.4 9.5677457e-05
125 130 48995446 0.0015068761 3414949.3 0.00010502824
130 135 52448212 0.0016130674 3632457.5 0.0001117178
135 140 55955492 0.0017209353 3837399.6 0.00011802088
140 145 59485254 0.0018294947 3945437.2 0.00012134363
145 150 63039830 0.0019388172 4064556.1 0.00012500718
150 155 66652196 0.0020499171 4342942.2 0.00013356907
155 160 70309506 0.0021623993 4745438.6 0.00014594802
160 165 74068208 0.0022779998 5063739.7 0.0001557375
165 170 77886502 0.002395433 5252826.6 0.00016155295
170 175 81709154 0.0025130004 5250181.4 0.0001614716
175 180 85566558 0.0026316365 5485287.2 0.00016870238
180 185 89481210 0.0027520333 5856974.1 0.00018013377
185 190 93386582 0.0028721447 6087732.2 0.00018723083
190 195 97293402 0.0029923006 6234133.9 0.00019173348
195 200 1.01205e+08 0.0031126037 6406599.8 0.00019703775
