2.5 10.500446 -0.12307098
7.5 1.5127926 -0.071922579
12.5 0.33974674 -0.046597463
17.5 -0.025736636 -0.028856425
22.5 -0.14809583 -0.039735418
27.5 -0.13678975 -0.046828322
32.5 -0.019221375 -0.027589951
37.5 0.028751448 -0.0089017691
42.5 0.023799621 -0.004044627
47.5 0.013216107 0.0043063193
52.5 0.0097537827 0.0030631608
57.5 0.0075000752 0.00398925
62.5 0.0043732972 0.0009125586
67.5 0.0033822345 -0.0037850853
72.5 0.0026795282 0.00015318384
77.5 0.0019810692 -0.002666808
82.5 0.0010577804 -0.0022055205
87.5 0.00099688082 -0.0014822298
92.5 -0.00043478941 -0.00027177618
97.5 -0.00051151743 -0.0036158104
102.5 0.00025055053 -0.0043632665
107.5 -0.00017433304 -0.0039435536
112.5 0.00044606491 0.0004935332
117.5 0.0017137434 -0.0014826506
122.5 0.00066775293 -0.0017643418
127.5 -0.00096387057 -0.00047940616
132.5 -0.00040625444 -0.0022755202
137.5 -0.00010999775 4.4832338e-05
142.5 -0.00068000119 -0.00096741503
147.5 -0.00049967571 -0.00048000771
152.5 -0.0010944622 -0.0025133698
157.5 -0.00077633748 -0.0023639037
162.5 -0.00096922439 -0.00032727325
167.5 0.00031598037 -0.0014909563
172.5 0.00072260719 0.0022026796
177.5 0.00021730168 0.00013660311
182.5 0.00050232351 0.0016521236
187.5 -0.00096241168 -0.0010325073
192.5 -0.0008940462 -0.0035419655
197.5 -0.00052679638 0.0017858186
