2.5 10.555737 -0.39270086
7.5 1.5262854 -0.080996584
12.5 0.34683337 -0.043856146
17.5 -0.021442628 -0.045010365
22.5 -0.14690021 -0.03948566
27.5 -0.13213361 -0.038416923
32.5 -0.019057263 -0.027477369
37.5 0.025475562 -0.017272867
42.5 0.027764293 -0.006998299
47.5 0.019361376 -0.0070173039
52.5 0.012108624 -0.011753495
57.5 0.0060372737 0.00036305845
62.5 0.0054113991 0.00087986894
67.5 0.0019600535 -0.0028730087
72.5 -0.00055352019 -0.0040062052
77.5 -0.0023483515 -0.00041619009
82.5 0.00035057634 -0.0024572343
87.5 -5.3058585e-07 -0.0014200091
92.5 0.0012257283 -0.0021611539
97.5 -0.0015035151 -0.0040417938
102.5 -0.00046920875 -0.0019356481
107.5 -0.0012991116 -0.0026237851
112.5 -0.00046161943 -0.0040007916
117.5 0.0010402926 -0.0046823907
122.5 -0.00023744428 -0.0065254297
127.5 -0.00074699433 -0.0067219846
132.5 -0.00065900765 -0.0025341423
137.5 -0.0011067553 -0.00039283714
142.5 -0.00051541049 0.0012825959
147.5 0.00099580216 0.0011789392
152.5 0.00033029795 -0.0024506884
157.5 -0.00083151196 -0.0027529234
162.5 -0.0020535108 -0.0035606565
167.5 -0.0006474103 -0.004093481
172.5 0.00024855868 -0.0004075126
177.5 -0.00050800768 0.00079827595
182.5 0.0006264351 0.0020132783
187.5 0.00076677751 -0.00017315509
192.5 0.00034548689 0.00016239163
197.5 0.0001704117 -0.0013238661
