2.5 10.078502 0.52251037
7.5 1.4471704 0.032519724
12.5 0.32216459 -0.010629771
17.5 -0.032806095 -0.017559821
22.5 -0.14681415 -0.017320811
27.5 -0.13068784 -0.029560863
32.5 -0.019234991 -0.025327904
37.5 0.029169412 -0.011373962
42.5 0.024678413 -0.0014962492
47.5 0.015047978 -0.00095039436
52.5 0.01086711 -0.0020596567
57.5 0.010682128 -0.0029172755
62.5 0.0065029948 -0.005932786
67.5 0.00215623 -0.0026741579
72.5 0.0012147522 -0.0045590303
77.5 0.0018422921 -0.0063418346
82.5 0.0015908158 -0.0063758398
87.5 0.00093652518 -0.0062930679
92.5 0.0006623388 -0.0062306837
97.5 0.0011168785 -0.0068109886
102.5 0.0003312011 -0.0034849258
107.5 -0.00015387784 -0.00083364293
112.5 -0.0007670527 -0.00108262
117.5 -0.00076285044 -0.0044291342
122.5 -0.00049919784 -0.0051956504
127.5 0.00064169523 -0.0048515771
132.5 -0.00013721183 -0.0026767078
137.5 -0.0016841018 0.0017052235
142.5 -0.00058684912 0.00029071513
147.5 -0.0004225481 -0.0017548272
152.5 0.0010875236 0.0012603896
157.5 0.00057070588 0.00058247042
162.5 6.3346394e-05 0.00060135302
167.5 0.00026622451 -0.00057150204
172.5 -0.00024031426 -0.00055124023
177.5 -0.0010539863 0.0004571569
182.5 -0.00061825008 -0.00031633876
187.5 -0.00029800376 0.00092506023
192.5 3.5409462e-05 0.0024626603
197.5 0.00011122477 0.00084677548
