2.5	33.800331950000015	0.07867513640526758	2.342591795e-310	0.0	0.0	0.0
7.5	5.706010924000001	0.01273617741806482	1.77305e-319	0.0	1.76915e-319	0.0
12.5	2.0717412530000012	0.005267848705732825	1.7624e-319	0.0	1.75724e-319	0.0
17.5	0.8996017530999997	0.0034919279795327146	1.74914e-319	0.0	1.74573e-319	0.0
22.5	0.3782134969	0.002393748279512568	1.7383e-319	0.0	1.73807e-319	0.0
27.5	0.11446485730000003	0.002100710798272268	1.73e-319	0.0	1.7267e-319	0.0
32.5	-0.018265814810000006	0.0017909116257136403	1.7207e-319	0.0	1.71633e-319	0.0
37.5	-0.06668734013000001	0.0015393839338239553	1.70907e-319	0.0	1.7071e-319	0.0
42.5	-0.04428071534000002	0.0015775818888057458	1.70156e-319	0.0	1.69716e-319	0.0
47.5	0.04832049220000003	0.001680866889990543	1.6911e-319	0.0	1.6907e-319	0.0
52.5	0.10154360239999997	0.001701331228656254	1.6862e-319	0.0	1.6822e-319	0.0
57.5	0.09911988465	0.0016070932659089728	1.6753e-319	0.0	1.6731e-319	0.0
62.5	0.08811972245000002	0.001519016204093007	1.66727e-319	0.0	1.66604e-319	0.0
67.5	0.0793533831	0.0014178551877555374	1.6586e-319	0.0	1.6578e-319	0.0
72.5	0.07383774637000001	0.001320147068843147	1.65216e-319	0.0	1.6482e-319	0.0
77.5	0.07091931782000005	0.0012603241104061557	1.6439e-319	0.0	1.6411e-319	0.0
82.5	0.06988785385000003	0.0011698550508893947	1.6367e-319	0.0	1.6348e-319	0.0
87.5	0.06997898692	0.0011680090427113022	1.63056e-319	0.0	1.628e-319	0.0
92.5	0.07053428771999999	0.0012288938274174226	1.62236e-319	0.0	1.623e-319	0.0
97.5	0.07101096449999997	0.0011935806537629323	1.6176e-319	0.0	1.6137e-319	0.0
102.5	0.07106377146	0.001189289970128659	1.6094e-319	0.0	1.60823e-319	0.0
107.5	0.07048491919000002	0.0011711375322355506	1.603e-319	0.0	1.6038e-319	0.0
112.5	0.06933161222000002	0.001109347316255325	1.59914e-319	0.0	1.595e-319	0.0
117.5	0.06792477632999998	0.0010921122844690192	1.5905e-319	0.0	1.59055e-319	0.0
122.5	0.06654132522999999	0.0010780431771224364	1.5863e-319	0.0	1.58383e-319	0.0
127.5	0.06559066031	0.0010649665320506244	1.5794e-319	0.0	1.57943e-319	0.0
132.5	0.06501920216	0.0011271437069280718	1.576e-319	0.0	1.57187e-319	0.0
137.5	0.06478120933000002	0.0010560207907566507	1.5682e-319	0.0	1.5672e-319	0.0
142.5	0.06477413001000001	0.001035133986008425	1.56387e-319	0.0	1.5627e-319	0.0
147.5	0.06471653655	0.0010207383658269568	1.55804e-319	0.0	1.55725e-319	0.0
152.5	0.06462340468	0.001027527146614841	1.5545e-319	0.0	1.55216e-319	0.0
157.5	0.06448674097000001	0.0009948428060979932	1.55023e-319	0.0	1.54815e-319	0.0
162.5	0.06429059137999998	0.0009649238527972428	1.54573e-319	0.0	1.54247e-319	0.0
167.5	0.06404936705000001	0.0009962674842941765	1.5403e-319	0.0	1.53793e-319	0.0
172.5	0.06380236522000002	0.0010347575709827262	1.534e-319	0.0	1.5333e-319	0.0
177.5	0.06356133256999998	0.0009976851094807544	1.5296e-319	0.0	1.52854e-319	0.0
182.5	0.06327338523999997	0.0009730116159864913	1.52523e-319	0.0	1.52375e-319	0.0
187.5	0.06300354639000001	0.0009516618921497371	1.5205e-319	0.0	1.5197e-319	0.0
192.5	0.06272107752999999	0.0009804309717513769	1.5162e-319	0.0	1.5168e-319	0.0
197.5	0.06245225225000001	0.0009522911422387007	1.51243e-319	0.0	1.5117e-319	0.0
