0 5 8715.2057 2.9658405e-06 805.05592 2.739657e-07
5 10 32031.445 1.0900506e-05 -684.73777 -2.3302066e-07
10 15 67611.821 2.3008737e-05 -5261.3394 -1.7904676e-06
15 20 118731.96 4.0405248e-05 -6629.7095 -2.2561327e-06
20 25 184214.69 6.2689442e-05 -7630.7521 -2.5967939e-06
25 30 264583.85 9.0039584e-05 -7059.6695 -2.4024509e-06
30 35 360058.29 0.00012253015 -4025.5659 -1.3699259e-06
35 40 469424.43 0.00015974815 969.28291 3.298532e-07
40 45 591378.95 0.00020125006 6161.5086 2.096801e-06
45 50 727800.11 0.00024767505 14646.406 4.9842661e-06
50 55 879969.85 0.00029945939 23395.298 7.9615703e-06
55 60 1042035.8 0.00035461148 30926.864 1.052461e-05
60 65 1215670.6 0.00041370051 43234.052 1.4712826e-05
65 70 1403241.8 0.0004775322 57827.461 1.9679056e-05
70 75 1603448.7 0.00054566387 72947.678 2.4824563e-05
75 80 1815780 0.00061792158 91358.276 3.1089808e-05
80 85 2038312.5 0.00069365082 107014.12 3.6417591e-05
85 90 2270847.5 0.000772784 123812.38 4.2134148e-05
90 95 2516797.1 0.00085648222 148007.09 5.0367763e-05
95 100 2771240.4 0.00094307091 166345.61 5.660848e-05
100 105 3034188 0.0010325537 185814.82 6.3233977e-05
105 110 3303507.5 0.0011242048 206318.74 7.0211591e-05
110 115 3583047.6 0.0012193341 229899.42 7.8236249e-05
115 120 3872593.7 0.0013178685 247507.28 8.4228316e-05
120 125 4168417.5 0.0014185392 265569.59 9.0375036e-05
125 130 4470419.3 0.0015213124 291542.89 9.9213918e-05
130 135 4780327.8 0.0016267762 305975.6 0.00010412546
135 140 5095805.4 0.0017341353 321733.84 0.00010948809
140 145 5419696.8 0.0018443576 332147.65 0.00011303198
145 150 5750844.6 0.0019570494 363319 0.00012363979
150 155 6086751.2 0.0020713605 391724.38 0.00013330632
155 160 6431690 0.0021887454 413011.37 0.00014055042
160 165 6778557.2 0.0023067866 442732.08 0.00015066457
165 170 7128347.6 0.0024258225 466671.82 0.00015881142
170 175 7480987.5 0.0025458281 492909.39 0.00016774023
175 180 7844049.7 0.0026693805 507392.15 0.00017266881
180 185 8207648.7 0.0027931156 528005.07 0.00017968352
185 190 8573537.1 0.0029176297 555831.1 0.00018915289
190 195 8940394 0.0030424735 576250.24 0.00019610166
195 200 9307459.7 0.0031673883 587033.77 0.00019977136
