0 5 8611.8426 2.9183701e-06 0 0
5 10 31827.96 1.0785818e-05 0 0
10 15 68138.676 2.3090747e-05 0 0
15 20 118654.8 4.0209584e-05 0 0
20 25 183755.8 6.2270929e-05 0 0
25 30 264470.79 8.9623522e-05 0 0
30 35 358977.31 0.00012164977 0 0
35 40 468624.17 0.00015880676 0 0
40 45 591665.77 0.00020050294 0 0
45 50 728177.86 0.00024676397 0 0
50 55 878558.78 0.00029772487 0 0
55 60 1043182.6 0.00035351238 0 0
60 65 1221074.8 0.00041379625 0 0
65 70 1408094.6 0.00047717329 0 0
70 75 1610404.5 0.00054573179 0 0
75 80 1820597 0.00061696156 0 0
80 85 2046063.4 0.00069336735 0 0
85 90 2281977 0.00077331344 0 0
90 95 2523748.9 0.00085524479 0 0
95 100 2781582.2 0.00094261899 0 0
100 105 3045654 0.0010321073 0 0
105 110 3317990 0.0011243962 0 0
110 115 3599751.4 0.0012198791 0 0
115 120 3887103.2 0.0013172565 0 0
120 125 4183732.1 0.0014177777 0 0
125 130 4486099.5 0.0015202436 0 0
130 135 4798751.8 0.0016261949 0 0
135 140 5125086 0.0017367826 0 0
140 145 5452331.2 0.001847679 0 0
145 150 5781328.1 0.001959169 0 0
150 155 6118756.7 0.0020735164 0 0
155 160 6459455.2 0.0021889719 0 0
160 165 6805539.8 0.0023062526 0 0
165 170 7162765.9 0.0024273089 0 0
170 175 7520297.5 0.0025484687 0 0
175 180 7877816.9 0.0026696244 0 0
180 185 8247323.5 0.0027948424 0 0
185 190 8612131.1 0.0029184679 0 0
190 195 8989725 0.0030464264 0 0
195 200 9356840.6 0.0031708341 0 0
