0 5 8546.869 2.8763506e-06 0 0
5 10 32139.222 1.0816086e-05 0 0
10 15 67559.363 2.2736328e-05 0 0
15 20 118626.56 3.9922407e-05 0 0
20 25 184153.65 6.1974795e-05 0 0
25 30 265061.71 8.9203474e-05 0 0
30 35 361065.32 0.00012151239 0 0
35 40 469535.06 0.00015801663 0 0
40 45 594149.88 0.00019995432 0 0
45 50 729711.42 0.000245576 0 0
50 55 879808.36 0.0002960894 0 0
55 60 1044190.1 0.0003514102 0 0
60 65 1218916.1 0.00041021221 0 0
65 70 1407859.7 0.000473799 0 0
70 75 1608687.1 0.00054138516 0 0
75 80 1821952 0.00061315701 0 0
80 85 2043622.3 0.00068775762 0 0
85 90 2277616.7 0.00076650574 0 0
90 95 2522148.5 0.00084880012 0 0
95 100 2779770.7 0.00093549991 0 0
100 105 3043950.6 0.0010244066 0 0
105 110 3317686.6 0.0011165293 0 0
110 115 3595849.7 0.0012101419 0 0
115 120 3888375.9 0.0013085882 0 0
120 125 4182388.6 0.0014075349 0 0
125 130 4490710.7 0.0015112971 0 0
130 135 4801609.9 0.0016159267 0 0
135 140 5121008.5 0.0017234166 0 0
140 145 5446434.7 0.0018329351 0 0
145 150 5777369.8 0.0019443074 0 0
150 155 6119430.7 0.0020594241 0 0
155 160 6458486.8 0.0021735296 0 0
160 165 6804538.4 0.0022899892 0 0
165 170 7160103.9 0.0024096508 0 0
170 175 7506759.4 0.0025263137 0 0
175 180 7866462.1 0.0026473675 0 0
180 185 8226320.7 0.0027684738 0 0
185 190 8591231.7 0.0028912804 0 0
190 195 8957606.8 0.0030145797 0 0
195 200 9321753.1 0.003137129 0 0
