0 5 8667.5057 2.9349246e-06 0 0
5 10 31498.38 1.0665741e-05 0 0
10 15 67049.041 2.2703634e-05 0 0
15 20 117962.8 3.9943663e-05 0 0
20 25 183028.36 6.1975667e-05 0 0
25 30 262735.47 8.8965477e-05 0 0
30 35 357546.05 0.00012106951 0 0
35 40 465829.08 0.00015773549 0 0
40 45 588726.5 0.00019935007 0 0
45 50 724917.72 0.0002454661 0 0
50 55 875572.81 0.00029647978 0 0
55 60 1037909 0.00035144882 0 0
60 65 1213910.5 0.0004110451 0 0
65 70 1400065.2 0.00047407938 0 0
70 75 1599201 0.00054150923 0 0
75 80 1807843.7 0.00061215822 0 0
80 85 2030983.6 0.00068771616 0 0
85 90 2263344.9 0.00076639655 0 0
90 95 2507794.2 0.0008491701 0 0
95 100 2762269.3 0.00093533855 0 0
100 105 3024904.6 0.0010242701 0 0
105 110 3295544 0.0011159119 0 0
110 115 3577194.7 0.0012112824 0 0
115 120 3866898 0.0013093795 0 0
120 125 4160794.1 0.0014088963 0 0
125 130 4464655.7 0.0015117876 0 0
130 135 4777891.9 0.0016178533 0 0
135 140 5093469.9 0.0017247119 0 0
140 145 5423689.1 0.0018365282 0 0
145 150 5748383.8 0.0019464738 0 0
150 155 6083982.3 0.0020601116 0 0
155 160 6420459.3 0.0021740469 0 0
160 165 6766753 0.0022913062 0 0
165 170 7122389.2 0.002411729 0 0
170 175 7480066.7 0.002532843 0 0
175 180 7833427.1 0.0026524953 0 0
180 185 8191291.3 0.0027736725 0 0
185 190 8558282 0.0028979401 0 0
190 195 8920418.4 0.003020564 0 0
195 200 9283249 0.0031434229 0 0
