0 5 8836.8883 2.9355282e-06 1159.791 3.8527128e-07
5 10 32303.446 1.073089e-05 372.07202 1.235987e-07
10 15 67714.275 2.2494022e-05 -2534.1058 -8.4180525e-07
15 20 117348 3.8981862e-05 -1230.4806 -4.0875366e-07
20 25 178900.83 5.9429113e-05 1752.4805 5.8215693e-07
25 30 253674.66 8.4268249e-05 8206.5989 2.7261522e-06
30 35 340815.39 0.00011321555 19231.706 6.3885853e-06
35 40 438230.92 0.00014557604 31406.058 1.0432786e-05
40 45 544964 0.00018103173 49805.816 1.6545007e-05
45 50 661514.64 0.00021974872 69164.105 2.2975642e-05
50 55 789014.51 0.00026210293 96015.669 3.189547e-05
55 60 923490.68 0.0003067746 127060.49 4.2208257e-05
60 65 1065968.7 0.00035410442 153981.53 5.1151162e-05
65 70 1217961.3 0.00040459486 190611.39 6.3319245e-05
70 75 1375535 0.00045693932 222409.94 7.3882415e-05
75 80 1542107.2 0.00051227297 263646.64 8.7580845e-05
80 85 1714983.1 0.00056970067 305990.48 0.00010164706
85 90 1895476.4 0.00062965878 352871.71 0.00011722054
90 95 2074749.8 0.00068921166 399389.5 0.0001326733
95 100 2263160 0.00075179969 453939.6 0.00015079431
100 105 2454593.9 0.00081539217 505918.36 0.00016806115
105 110 2648211.7 0.00087971013 565677.87 0.00018791268
110 115 2844494.1 0.0009449132 633087.16 0.00021030539
115 120 3039254.3 0.0010096107 701580.76 0.00023305829
120 125 3234042.3 0.0010743173 768521.42 0.00025529533
125 130 3435496.6 0.0011412385 845872.89 0.00028099073
130 135 3639313.3 0.0012089444 931000.38 0.00030926925
135 140 3841208.1 0.0012760119 1017854.7 0.00033812142
140 145 4048578.4 0.0013448983 1103057.5 0.00036642495
145 150 4253802.9 0.0014130719 1182427.6 0.00039279093
150 155 4462786.2 0.0014824941 1266138.2 0.00042059876
155 160 4674830.3 0.0015529331 1352349.9 0.00044923745
160 165 4882052.1 0.0016217701 1436981.6 0.00047735129
165 170 5089016.1 0.0016905216 1515371.2 0.00050339153
170 175 5303270 0.0017616946 1586625.4 0.0005270615
175 180 5512151.1 0.0018310829 1667091.2 0.00055379144
180 185 5723015.2 0.0019011299 1739117.6 0.00057771791
185 190 5934026.1 0.0019712256 1822330 0.00060536026
190 195 6141947.4 0.0020402951 1895544.8 0.00062968149
195 200 6349445.3 0.0021092238 1973696 0.00065564258
