0 5 8957.3272 3.033543e-06 0 0
5 10 32046.232 1.0852972e-05 0 0
10 15 68020.969 2.3036396e-05 0 0
15 20 118839.64 4.0246956e-05 0 0
20 25 184572.7 6.2508515e-05 0 0
25 30 265623.09 8.9957532e-05 0 0
30 35 360861.69 0.00012221162 0 0
35 40 468670.72 0.00015872288 0 0
40 45 591863.68 0.00020044416 0 0
45 50 729345.54 0.0002470046 0 0
50 55 880043.13 0.00029804077 0 0
55 60 1044894 0.00035387016 0 0
60 65 1219797.3 0.00041310397 0 0
65 70 1409322.6 0.00047728976 0 0
70 75 1607281.3 0.00054433168 0 0
75 80 1817899.2 0.00061566082 0 0
80 85 2038126.3 0.00069024429 0 0
85 90 2270965.4 0.00076909897 0 0
90 95 2515357.7 0.00085186636 0 0
95 100 2764945.6 0.00093639331 0 0
100 105 3027519.6 0.0010253182 0 0
105 110 3297517 0.0011167572 0 0
110 115 3575655.3 0.0012109532 0 0
115 120 3863597 0.0013084693 0 0
120 125 4156679.8 0.0014077265 0 0
125 130 4463501.2 0.0015116365 0 0
130 135 4771301.4 0.001615878 0 0
135 140 5085080.5 0.0017221443 0 0
140 145 5409556.6 0.0018320334 0 0
145 150 5738923.9 0.0019435789 0 0
150 155 6071323.8 0.0020561515 0 0
155 160 6406699.2 0.0021697318 0 0
160 165 6754475.7 0.0022875119 0 0
165 170 7101045.3 0.0024048833 0 0
170 175 7451282.3 0.0025234967 0 0
175 180 7815096 0.002646708 0 0
180 185 8169541.4 0.0027667467 0 0
185 190 8533195.5 0.002889904 0 0
190 195 8897727.6 0.0030133586 0 0
195 200 9268299.7 0.0031388589 0 0
