0 5 8750.3807 2.9088268e-06 0 0
5 10 31799.289 1.0570811e-05 0 0
10 15 67266.096 2.236079e-05 0 0
15 20 116125.44 3.8602753e-05 0 0
20 25 177720.88 5.9078487e-05 0 0
25 30 252045.13 8.3785571e-05 0 0
30 35 338073.99 0.00011238353 0 0
35 40 434795.31 0.00014453591 0 0
40 45 541458.16 0.00017999308 0 0
45 50 658978.16 0.00021905942 0 0
50 55 784399.85 0.00026075246 0 0
55 60 917683.24 0.00030505891 0 0
60 65 1060147 0.00035241712 0 0
65 70 1210354.9 0.00040234968 0 0
70 75 1369996.2 0.00045541808 0 0
75 80 1534101 0.00050997029 0 0
80 85 1704218.8 0.00056652134 0 0
85 90 1880889.1 0.00062525058 0 0
90 95 2062989 0.00068578477 0 0
95 100 2246827.3 0.0007468968 0 0
100 105 2437568.5 0.00081030357 0 0
105 110 2628755.9 0.00087385862 0 0
110 115 2823199 0.00093849595 0 0
115 120 3015301.7 0.0010023553 0 0
120 125 3214006.5 0.0010684093 0 0
125 130 3413588.4 0.0011347549 0 0
130 135 3617622.2 0.0012025804 0 0
135 140 3824941.5 0.0012714981 0 0
140 145 4030911.6 0.0013399673 0 0
145 150 4237146.5 0.0014085245 0 0
150 155 4445376.8 0.001477745 0 0
155 160 4652211.6 0.0015465016 0 0
160 165 4858735.6 0.0016151549 0 0
165 170 5066009.7 0.0016840576 0 0
170 175 5276798.4 0.0017541286 0 0
175 180 5485775.9 0.0018235975 0 0
180 185 5699840.1 0.0018947573 0 0
185 190 5903271.3 0.0019623825 0 0
190 195 6108007 0.0020304413 0 0
195 200 6311367.2 0.0020980429 0 0
