0 5 8590.4127 2.9311e-06 0 0
5 10 31523.312 1.0755942e-05 0 0
10 15 67214.279 2.2933912e-05 0 0
15 20 117338.5 4.0036594e-05 0 0
20 25 182309.35 6.2205036e-05 0 0
25 30 262807.91 8.9671623e-05 0 0
30 35 356310.49 0.00012157526 0 0
35 40 465286.92 0.00015875867 0 0
40 45 586792.11 0.00020021696 0 0
45 50 723757.51 0.00024695037 0 0
50 55 872979.17 0.00029786569 0 0
55 60 1035003 0.00035314917 0 0
60 65 1209026.5 0.00041252704 0 0
65 70 1396419.8 0.00047646675 0 0
70 75 1595493.1 0.00054439174 0 0
75 80 1806325.2 0.0006163289 0 0
80 85 2026111.5 0.00069132129 0 0
85 90 2258064.9 0.00077046519 0 0
90 95 2498277.3 0.00085242707 0 0
95 100 2752237.5 0.00093907982 0 0
100 105 3013188.4 0.0010281178 0 0
105 110 3284536.2 0.0011207033 0 0
110 115 3561831.4 0.0012153181 0 0
115 120 3850423.1 0.0013137873 0 0
120 125 4140584.1 0.0014127919 0 0
125 130 4442550.4 0.0015158246 0 0
130 135 4754960.2 0.0016224207 0 0
135 140 5069552.5 0.0017297615 0 0
140 145 5391469.6 0.0018396015 0 0
145 150 5717763.4 0.0019509349 0 0
150 155 6056412.7 0.0020664841 0 0
155 160 6397106.2 0.0021827307 0 0
160 165 6743964 0.0023010807 0 0
165 170 7087108.3 0.0024181636 0 0
170 175 7441374 0.0025390411 0 0
175 180 7798395.6 0.002660859 0 0
180 185 8155936.5 0.0027828541 0 0
185 190 8519378.8 0.0029068628 0 0
190 195 8883514.5 0.003031108 0 0
195 200 9247451.3 0.0031552854 0 0
