0 5 8860.3654 2.9161505e-06 0 0
5 10 32683.838 1.0757005e-05 0 0
10 15 67374.278 2.2174428e-05 0 0
15 20 116936.44 3.8486478e-05 0 0
20 25 178918.87 5.8886325e-05 0 0
25 30 253814.48 8.3536197e-05 0 0
30 35 340036.45 0.00011191384 0 0
35 40 436188.8 0.00014355979 0 0
40 45 543098.67 0.00017874629 0 0
45 50 660608.86 0.0002174216 0 0
50 55 786610.1 0.00025889152 0 0
55 60 922080.59 0.00030347798 0 0
60 65 1065842.6 0.00035079338 0 0
65 70 1216833.8 0.00040048806 0 0
70 75 1374538.4 0.00045239229 0 0
75 80 1543955.3 0.00050815129 0 0
80 85 1718450 0.00056558151 0 0
85 90 1899142.3 0.00062505152 0 0
90 95 2083554.2 0.00068574573 0 0
95 100 2272062.1 0.000747788 0 0
100 105 2462613.5 0.00081050288 0 0
105 110 2657277.9 0.00087457141 0 0
110 115 2852434.7 0.000938802 0 0
115 120 3052195.1 0.0010045478 0 0
120 125 3252882.2 0.0010705985 0 0
125 130 3459262.9 0.0011385232 0 0
130 135 3661532.7 0.0012050948 0 0
135 140 3865101 0.0012720938 0 0
140 145 4073376.4 0.0013406421 0 0
145 150 4278620 0.0014081925 0 0
150 155 4491397.2 0.0014782224 0 0
155 160 4701348.8 0.0015473223 0 0
160 165 4913335.9 0.0016170921 0 0
165 170 5126685.4 0.0016873103 0 0
170 175 5337200.8 0.0017565958 0 0
175 180 5546812.8 0.0018255839 0 0
180 185 5754128.8 0.0018938164 0 0
185 190 5963474.9 0.001962717 0 0
190 195 6173546.2 0.0020318564 0 0
195 200 6375926.5 0.0020984644 0 0
