0 5 8723.9953 2.9025383e-06 796.42184 2.6497548e-07
5 10 32182.313 1.0707295e-05 228.02649 7.5866114e-08
10 15 67309.217 2.2394278e-05 -3808.2932 -1.2670475e-06
15 20 115685.84 3.8489542e-05 -2487.9436 -8.2775738e-07
20 25 177789.36 5.9151845e-05 938.47251 3.122368e-07
25 30 251531.6 8.3686437e-05 8070.9218 2.6852559e-06
30 35 337054.18 0.00011214044 17302.036 5.7565163e-06
35 40 433725.41 0.00014430368 29119.072 9.6881324e-06
40 45 538461.59 0.00017915018 48403.429 1.6104182e-05
45 50 655057.68 0.00021794257 67660.544 2.2511167e-05
50 55 781148.15 0.00025989381 89683.112 2.983824e-05
55 60 914385.03 0.00030422271 119561.53 3.9779013e-05
60 65 1056993.3 0.00035166956 149090.63 4.9603565e-05
65 70 1207781.5 0.00040183792 184204.88 6.1286337e-05
70 75 1365703.4 0.00045437969 217203.62 7.2265263e-05
75 80 1533107.3 0.00051007621 251779.61 8.3768955e-05
80 85 1705260 0.00056735272 293578.93 9.76759e-05
85 90 1881760 0.00062607559 338134.23 0.00011249978
90 95 2067158.4 0.00068775901 386293.5 0.00012852273
95 100 2256198.9 0.0007506542 434040.35 0.00014440846
100 105 2445382.2 0.00081359688 495928.04 0.00016499896
105 110 2638060.8 0.00087770248 553752.22 0.00018423749
110 115 2833913.6 0.00094286419 617804.87 0.00020554829
115 120 3034671.7 0.0010096579 679868.37 0.00022619728
120 125 3235445.4 0.0010764568 753755.61 0.00025078011
125 130 3438833.7 0.0011441256 826027.67 0.00027482556
130 135 3637809.8 0.0012103264 901091.35 0.00029979981
135 140 3843977.6 0.00127892 989694.05 0.00032927859
140 145 4048908.2 0.001347102 1062435.8 0.00035348033
145 150 4250976.9 0.0014143317 1145773.1 0.00038120724
150 155 4458337.4 0.0014833221 1211108.5 0.00040294484
155 160 4670500.8 0.0015539104 1295186.2 0.0004309181
160 165 4879392.3 0.0016234102 1381556.9 0.00045965428
165 170 5090427 0.001693623 1454587.4 0.00048395206
170 175 5295581.9 0.0017618796 1533159.9 0.00051009373
175 180 5510684.9 0.0018334459 1609823.4 0.00053560025
180 185 5718176.7 0.00190248 1694650.4 0.00056382281
185 190 5926179.1 0.001971684 1779860.3 0.00059217279
190 195 6132648.5 0.0020403779 1861736.5 0.00061941363
195 200 6338383 0.0021088273 1939631.7 0.00064532992
