0 5 8797.7372 2.9472783e-06 0 0
5 10 31852.52 1.0670726e-05 0 0
10 15 68103.448 2.2814937e-05 0 0
15 20 119864.04 4.0154949e-05 0 0
20 25 184518.05 6.1814309e-05 0 0
25 30 265216.03 8.8848468e-05 0 0
30 35 361143.71 0.00012098464 0 0
35 40 471239.23 0.00015786709 0 0
40 45 595776.55 0.00019958761 0 0
45 50 735917.4 0.00024653537 0 0
50 55 887506.35 0.0002973183 0 0
55 60 1052728.1 0.00035266826 0 0
60 65 1229316.4 0.00041182606 0 0
65 70 1419977.4 0.00047569829 0 0
70 75 1619375.5 0.00054249748 0 0
75 80 1831980.7 0.00061372112 0 0
80 85 2056391.2 0.00068889956 0 0
85 90 2291234.5 0.00076757304 0 0
90 95 2536549.6 0.00084975459 0 0
95 100 2790255.7 0.00093474718 0 0
100 105 3053322.1 0.0010228755 0 0
105 110 3326303.9 0.0011143256 0 0
110 115 3611205.6 0.0012097688 0 0
115 120 3897628.6 0.0013057217 0 0
120 125 4192479.2 0.0014044979 0 0
125 130 4497329.4 0.0015066239 0 0
130 135 4809399.7 0.0016111688 0 0
135 140 5126698.5 0.0017174652 0 0
140 145 5451231.1 0.001826185 0 0
145 150 5783597.2 0.001937529 0 0
150 155 6123050.6 0.0020512473 0 0
155 160 6462481.5 0.002164958 0 0
160 165 6806746.1 0.0022802881 0 0
165 170 7157570.5 0.0023978157 0 0
170 175 7512771.9 0.0025168096 0 0
175 180 7870228.1 0.0026365589 0 0
180 185 8236660 0.0027593151 0 0
185 190 8603528.6 0.0028822177 0 0
190 195 8971458.6 0.0030054757 0 0
195 200 9342399.6 0.0031297425 0 0
