0 5 8651.8184 2.9169954e-06 1147.0434 3.8673031e-07
5 10 31647.61 1.0670119e-05 -56.521404 -1.9056419e-08
10 15 67248.772 2.2673194e-05 -5059.8521 -1.7059495e-06
15 20 118027.53 3.9793456e-05 -5362.6665 -1.8080446e-06
20 25 183174.65 6.1758071e-05 -5234.2245 -1.7647399e-06
25 30 263520.81 8.8847101e-05 -6239.4866 -2.103668e-06
30 35 357931.78 0.00012067814 -4276.1279 -1.4417138e-06
35 40 466721.01 0.00015735687 -411.60085 -1.3877288e-07
40 45 589938.73 0.00019890022 5142.4009 1.7337812e-06
45 50 726307.74 0.00024487758 12777.202 4.3078851e-06
50 55 875279.36 0.00029510396 20436.511 6.8902521e-06
55 60 1039306 0.00035040621 35986.476 1.2132985e-05
60 65 1214236 0.00040938454 42708.688 1.4399406e-05
65 70 1401349.8 0.00047247073 57375.736 1.934446e-05
70 75 1598620 0.00053898118 75307.308 2.5390162e-05
75 80 1810316.4 0.00061035547 91230.539 3.0758744e-05
80 85 2029424.8 0.00068422874 109525.51 3.6926967e-05
85 90 2263218.2 0.00076305314 127346.36 4.2935337e-05
90 95 2503440.2 0.00084404496 147376.31 4.9688518e-05
95 100 2757683.9 0.00092976422 167010.71 5.6308334e-05
100 105 3018202.1 0.001017599 193160.91 6.512498e-05
105 110 3283525.3 0.0011070538 210717.57 7.1044278e-05
110 115 3562789.1 0.0012012087 235232.98 7.9309747e-05
115 120 3847685.1 0.0012972625 254598.04 8.5838755e-05
120 125 4138263.5 0.0013952322 282627.03 9.528884e-05
125 130 4436911.9 0.0014959227 313052.75 0.00010554699
130 135 4748603.8 0.0016010109 332168.03 0.00011199179
135 140 5065763 0.0017079424 361066.3 0.00012173496
140 145 5392227.6 0.0018180113 383453.73 0.00012928297
145 150 5719825.2 0.0019284621 417827.42 0.0001408722
150 155 6053093.5 0.0020408249 443697.36 0.00014959435
155 160 6392564.7 0.0021552789 457082.68 0.00015410727
160 165 6738665.2 0.0022719681 495570.19 0.00016708348
165 170 7089467.9 0.0023902427 521465.46 0.00017581418
170 175 7438084.8 0.0025077802 548016.47 0.00018476596
175 180 7792888.9 0.0026274039 572571.64 0.00019304483
180 185 8156859.2 0.0027501179 589160.6 0.00019863787
185 190 8514522.7 0.0028707056 614330.04 0.00020712385
190 195 8878558.7 0.0029934418 635272.32 0.00021418462
195 200 9245908.3 0.0031172952 652362.26 0.00021994656
