0 5 8820.8056 2.9195251e-06 0 0
5 10 32315.578 1.0695865e-05 0 0
10 15 67720.845 2.241436e-05 0 0
15 20 116812.37 3.8662756e-05 0 0
20 25 178327.26 5.9023058e-05 0 0
25 30 252571.38 8.3596501e-05 0 0
30 35 338423.66 0.00011201204 0 0
35 40 436119.78 0.00014434766 0 0
40 45 543600.69 0.00017992188 0 0
45 50 661586.06 0.00021897287 0 0
50 55 787591.64 0.00026067841 0 0
55 60 922668.86 0.0003053865 0 0
60 65 1064590 0.00035235979 0 0
65 70 1217139.8 0.00040285097 0 0
70 75 1374362.6 0.00045488884 0 0
75 80 1540639.3 0.00050992341 0 0
80 85 1709887.4 0.00056594142 0 0
85 90 1884835.8 0.00062384613 0 0
90 95 2067744 0.0006843854 0 0
95 100 2252534.8 0.00074554777 0 0
100 105 2441418.6 0.00080806485 0 0
105 110 2636877 0.00087275801 0 0
110 115 2833482.1 0.0009378307 0 0
115 120 3028483.2 0.0010023725 0 0
120 125 3221098.1 0.0010661245 0 0
125 130 3420509.6 0.0011321261 0 0
130 135 3620511.7 0.0011983231 0 0
135 140 3823334.7 0.0012654538 0 0
140 145 4027801.9 0.0013331287 0 0
145 150 4236302.6 0.0014021386 0 0
150 155 4440787.4 0.0014698193 0 0
155 160 4653299.6 0.001540157 0 0
160 165 4865171.1 0.0016102825 0 0
165 170 5074178.4 0.0016794601 0 0
170 175 5280520.7 0.0017477557 0 0
175 180 5490569.1 0.0018172778 0 0
180 185 5702768.5 0.0018875119 0 0
185 190 5907766.9 0.0019553627 0 0
190 195 6121186 0.0020260005 0 0
195 200 6326351 0.0020939063 0 0
