0 5 8882.2079 2.9400904e-06 0 0
5 10 32242.056 1.067241e-05 0 0
10 15 67499.32 2.234288e-05 0 0
15 20 116807.51 3.8664333e-05 0 0
20 25 179645.28 5.9464197e-05 0 0
25 30 254002.98 8.4077265e-05 0 0
30 35 340054.01 0.00011256093 0 0
35 40 438011.31 0.00014498567 0 0
40 45 545256.79 0.00018048488 0 0
45 50 662892.06 0.00021942322 0 0
50 55 788831.82 0.0002611104 0 0
55 60 923730.99 0.00030576324 0 0
60 65 1066376.2 0.00035298007 0 0
65 70 1217807.1 0.00040310508 0 0
70 75 1377982.1 0.00045612441 0 0
75 80 1545294.8 0.00051150643 0 0
80 85 1717442.4 0.00056848882 0 0
85 90 1896631.2 0.00062780192 0 0
90 95 2081079.6 0.00068885599 0 0
95 100 2267904.1 0.0007506966 0 0
100 105 2459239.3 0.00081403024 0 0
105 110 2653237.4 0.00087824535 0 0
110 115 2848927.5 0.00094302055 0 0
115 120 3047245.4 0.0010086655 0 0
120 125 3248427.3 0.0010752586 0 0
125 130 3453060.6 0.001142994 0 0
130 135 3653177.6 0.0012092345 0 0
135 140 3858172.9 0.0012770898 0 0
140 145 4065640.5 0.0013457634 0 0
145 150 4270117 0.001413447 0 0
150 155 4478041.1 0.0014822718 0 0
155 160 4683980.5 0.0015504395 0 0
160 165 4892699.2 0.0016195273 0 0
165 170 5102840.9 0.0016890861 0 0
170 175 5310610.4 0.0017578596 0 0
175 180 5521732.5 0.001827743 0 0
180 185 5728866.3 0.0018963061 0 0
185 190 5941452.4 0.001966674 0 0
190 195 6150263.7 0.0020357924 0 0
195 200 6357356.1 0.0021043419 0 0
