0 5 8700.3321 2.9619019e-06 629.99446 2.1447247e-07
5 10 31566.204 1.0746256e-05 -117.98903 -4.0167653e-08
10 15 67311.811 2.291533e-05 -4682.8977 -1.5942246e-06
15 20 117230.83 3.9909536e-05 -6488.6387 -2.2089629e-06
20 25 182354.98 6.2080109e-05 -6920.2456 -2.3558972e-06
25 30 262500.88 8.9364618e-05 -4513.4358 -1.5365338e-06
30 35 356584.46 0.00012139401 -4770.0935 -1.6239091e-06
35 40 464276.26 0.00015805612 -1196.9278 -4.074767e-07
40 45 586519.53 0.00019967206 2197.7232 7.4818298e-07
45 50 721195.73 0.00024552063 11395.781 3.8795285e-06
50 55 870758.76 0.00029643719 21798.225 7.4208896e-06
55 60 1034287.9 0.0003521083 32501.028 1.1064504e-05
60 65 1208468 0.00041140539 43473.603 1.4799958e-05
65 70 1396165.4 0.00047530426 56505.71 1.9236549e-05
70 75 1592841.5 0.00054225978 68475.587 2.331152e-05
75 80 1805572 0.00061468079 83291.658 2.8355437e-05
80 85 2025416 0.00068952349 97977.598 3.3355052e-05
85 90 2257303.4 0.00076846619 114633.54 3.9025324e-05
90 95 2503599 0.00085231397 137814.31 4.6916882e-05
95 100 2755505.8 0.00093807198 158163.36 5.3844423e-05
100 105 3014135.7 0.0010261188 181800.11 6.1891211e-05
105 110 3284468 0.0011181495 214841.36 7.3139626e-05
110 115 3562848.4 0.00121292 229733.58 7.8209465e-05
115 120 3848850.3 0.0013102853 254482.11 8.6634743e-05
120 125 4138746.8 0.0014089763 285781.26 9.7290085e-05
125 130 4440772.9 0.0015117967 306629.29 0.00010438749
130 135 4752286.8 0.0016178471 338800.97 0.00011533988
135 140 5065142.6 0.0017243543 365690.88 0.00012449416
140 145 5385683.2 0.0018334777 393841.47 0.00013407762
145 150 5708199.4 0.0019432737 421376.53 0.00014345153
150 155 6044590.5 0.0020577932 443978.76 0.00015114613
155 160 6380997.4 0.002172318 472014.67 0.00016069055
160 165 6723627.4 0.0022889614 490084.66 0.00016684221
165 170 7075001.9 0.0024085818 503693.05 0.00017147499
170 175 7431923.7 0.0025300906 523766.9 0.00017830884
175 180 7786546.7 0.0026508169 538807.92 0.00018342934
180 185 8146113.2 0.0027732261 557002.28 0.00018962335
185 190 8511391.5 0.0028975798 570866.35 0.00019434317
190 195 8873546 0.00302087 585147.73 0.00019920506
195 200 9241637.9 0.0031461816 600254.71 0.00020434801
