0 5 8776.1315 2.9352413e-06 1014.3764 3.3926561e-07
5 10 32055.047 1.0721044e-05 180.13194 6.0246444e-08
10 15 67106.282 2.2444186e-05 -2855.7109 -9.5511338e-07
15 20 115654.91 3.8681629e-05 -2583.9634 -8.6422542e-07
20 25 177447.25 5.9348529e-05 1407.3975 4.7071438e-07
25 30 250570.46 8.3805121e-05 8899.5684 2.9765256e-06
30 35 336516.04 0.00011255025 17864.78 5.9750061e-06
35 40 432595.31 0.00014468466 31348.157 1.048462e-05
40 45 539736.26 0.00018051873 48891.427 1.6352095e-05
45 50 656186.09 0.00021946623 70033.438 2.3423195e-05
50 55 780544.03 0.00026105865 96485.36 3.2270233e-05
55 60 915674.54 0.00030625404 122432.56 4.0948462e-05
60 65 1058180.6 0.00035391622 154238.52 5.1586199e-05
65 70 1207592.9 0.00040388827 187341.56 6.2657752e-05
70 75 1366632.6 0.00045708025 221865.42 7.4204509e-05
75 80 1531569 0.00051224443 251515.03 8.4121037e-05
80 85 1702264.6 0.00056933482 293161.94 9.8050153e-05
85 90 1878581.2 0.0006283052 335514.61 0.00011221531
90 95 2060453.8 0.00068913382 385897.54 0.00012906625
95 100 2246126.2 0.0007512333 439091.44 0.00014685734
100 105 2438263.9 0.00081549518 497606.77 0.00016642822
105 110 2629842.2 0.00087956992 556508.12 0.0001861282
110 115 2826673.2 0.00094540149 620818.83 0.00020763739
115 120 3023396.2 0.001011197 688341.33 0.00023022078
120 125 3226099.5 0.0010789925 755818.21 0.00025278892
125 130 3425624.7 0.0011457252 835548.66 0.00027945535
130 135 3629051.7 0.0012137628 913873.29 0.00030565159
135 140 3834685.5 0.0012825386 988547.05 0.00033062678
140 145 4036134.9 0.0013499148 1063110.2 0.00035556496
145 150 4240104 0.0014181338 1137761.2 0.00038053253
150 155 4445823.7 0.0014869382 1215952.3 0.00040668412
155 160 4652906.6 0.0015561986 1299719.8 0.00043470078
160 165 4861315.4 0.0016259024 1386784.2 0.00046382012
165 170 5070668.8 0.0016959222 1473987.9 0.00049298601
170 175 5280610.2 0.0017661386 1545459.7 0.00051689029
175 180 5488611.4 0.0018357061 1628871.1 0.00054478782
180 185 5696168 0.001905125 1705231.1 0.000570327
185 190 5902343.9 0.001974082 1786978.4 0.00059766799
190 195 6113075.8 0.0020445628 1875854.2 0.00062739315
195 200 6323589.1 0.0021149705 1947905.3 0.00065149115
