0 5 8588.3743 2.9052119e-06 0 0
5 10 31802.727 1.0757992e-05 0 0
10 15 67451.242 2.2816909e-05 0 0
15 20 118364.07 4.0039324e-05 0 0
20 25 183228.35 6.1981133e-05 0 0
25 30 262759.78 8.888444e-05 0 0
30 35 357394.65 0.00012089683 0 0
35 40 466326.59 0.00015774552 0 0
40 45 587868.94 0.00019885997 0 0
45 50 725508.27 0.00024541959 0 0
50 55 875149.2 0.00029603902 0 0
55 60 1038407.2 0.00035126473 0 0
60 65 1211965.4 0.0004099747 0 0
65 70 1401262.7 0.00047400882 0 0
70 75 1597846.9 0.00054050786 0 0
75 80 1808333.6 0.00061170975 0 0
80 85 2031960.2 0.00068735651 0 0
85 90 2265857.9 0.0007664777 0 0
90 95 2509655.2 0.00084894765 0 0
95 100 2763106.3 0.00093468323 0 0
100 105 3026328.7 0.0010237241 0 0
105 110 3298767.8 0.0011158828 0 0
110 115 3578920.4 0.0012106508 0 0
115 120 3865334.4 0.0013075368 0 0
120 125 4160392.6 0.0014073469 0 0
125 130 4468111.7 0.0015114399 0 0
130 135 4775827.8 0.0016155318 0 0
135 140 5092394.5 0.0017226176 0 0
140 145 5415324.5 0.001831856 0 0
145 150 5747463.3 0.0019442095 0 0
150 155 6084675.9 0.0020582793 0 0
155 160 6422011.6 0.0021723907 0 0
160 165 6769155.6 0.00228982 0 0
165 170 7115726.3 0.0024070554 0 0
170 175 7472970 0.0025279012 0 0
175 180 7823501.2 0.0026464763 0 0
180 185 8181987.9 0.0027677425 0 0
185 190 8543001.6 0.0028898636 0 0
190 195 8907448 0.0030131458 0 0
195 200 9276064.7 0.0031378388 0 0
