0 5 8903.9705 2.9402688e-06 0 0
5 10 32581.467 1.0759051e-05 0 0
10 15 68181.545 2.2514907e-05 0 0
15 20 117504.28 3.8802257e-05 0 0
20 25 180134.65 5.9484056e-05 0 0
25 30 255412.87 8.4342427e-05 0 0
30 35 342357.86 0.0001130534 0 0
35 40 440746.25 0.00014554321 0 0
40 45 548359.46 0.00018107924 0 0
45 50 665241.63 0.00021967606 0 0
50 55 793612.73 0.00026206676 0 0
55 60 928040.81 0.0003064576 0 0
60 65 1072819.6 0.00035426644 0 0
65 70 1224206.8 0.00040425752 0 0
70 75 1385116.9 0.00045739324 0 0
75 80 1553450.8 0.00051298046 0 0
80 85 1728104.5 0.00057065459 0 0
85 90 1910648.1 0.00063093413 0 0
90 95 2094934.2 0.00069178907 0 0
95 100 2284454.5 0.00075437246 0 0
100 105 2474067.3 0.0008169864 0 0
105 110 2670691.7 0.00088191569 0 0
110 115 2865162.1 0.0009461337 0 0
115 120 3059370.7 0.0010102653 0 0
120 125 3265008.4 0.0010781709 0 0
125 130 3461461.1 0.0011430435 0 0
130 135 3664307.5 0.0012100275 0 0
135 140 3869290.5 0.0012777169 0 0
140 145 4076175.1 0.0013460344 0 0
145 150 4285105.2 0.0014150273 0 0
150 155 4490974.8 0.0014830095 0 0
155 160 4704235.1 0.0015534323 0 0
160 165 4915006.9 0.0016230334 0 0
165 170 5128255 0.0016934521 0 0
170 175 5342620.5 0.0017642399 0 0
175 180 5556221.5 0.0018347752 0 0
180 185 5766462 0.0019042008 0 0
185 190 5979475 0.001974542 0 0
190 195 6188515.2 0.0020435712 0 0
195 200 6397351.5 0.0021125331 0 0
