0 5 8631.0623 2.8944573e-06 0 0
5 10 31607.692 1.0599752e-05 0 0
10 15 68225.633 2.2879708e-05 0 0
15 20 118904.99 3.9875212e-05 0 0
20 25 185201.56 6.2108001e-05 0 0
25 30 266362.53 8.932562e-05 0 0
30 35 362295.09 0.00012149694 0 0
35 40 471406.8 0.00015808794 0 0
40 45 594871.55 0.00019949228 0 0
45 50 732480.43 0.00024563991 0 0
50 55 883454.23 0.00029626951 0 0
55 60 1048938.1 0.00035176511 0 0
60 65 1223880.2 0.00041043256 0 0
65 70 1415378.9 0.00047465233 0 0
70 75 1614408.1 0.00054139749 0 0
75 80 1828230.6 0.0006131036 0 0
80 85 2051202.5 0.00068787802 0 0
85 90 2286180.2 0.00076667863 0 0
90 95 2533448.1 0.00084960079 0 0
95 100 2788649.4 0.00093518345 0 0
100 105 3053995.5 0.0010241682 0 0
105 110 3324513.3 0.0011148873 0 0
110 115 3610011.1 0.00121063 0 0
115 120 3896066.7 0.0013065598 0 0
120 125 4190604.7 0.0014053341 0 0
125 130 4494444.9 0.001507228 0 0
130 135 4810896.8 0.0016133513 0 0
135 140 5129409.6 0.0017201657 0 0
140 145 5457641.2 0.0018302393 0 0
145 150 5791823.1 0.0019423084 0 0
150 155 6127040.9 0.0020547249 0 0
155 160 6472375.9 0.0021705342 0 0
160 165 6824301.7 0.0022885538 0 0
165 170 7174415.3 0.0024059656 0 0
170 175 7534171.1 0.002526611 0 0
175 180 7902336.4 0.0026500765 0 0
180 185 8266378.7 0.0027721594 0 0
185 190 8635982.8 0.0028961075 0 0
190 195 9003767.2 0.0030194452 0 0
195 200 9374900.5 0.0031439061 0 0
