0 5 8494.5369 2.8986493e-06 746.72452 2.5480995e-07
5 10 31164.557 1.0634496e-05 -263.61244 -8.9954285e-08
10 15 66955.676 2.2847746e-05 -4546.5859 -1.5514628e-06
15 20 117644.82 4.0144752e-05 -6519.6811 -2.2247556e-06
20 25 182557.54 6.2295365e-05 -5454.3035 -1.8612095e-06
25 30 261983.74 8.9398514e-05 -5633.8869 -1.92249e-06
30 35 356906.07 0.00012178951 -2966.4402 -1.0122588e-06
35 40 465268.32 0.00015876671 -1322.2956 -4.5121604e-07
40 45 588501.12 0.00020081828 7652.2756 2.6112386e-06
45 50 724447.05 0.00024720805 15049.181 5.1353356e-06
50 55 874049.35 0.00029825787 20396.721 6.9601133e-06
55 60 1036282.5 0.0003536178 34408.603 1.1741484e-05
60 65 1210829.1 0.00041317955 44583.697 1.5213601e-05
65 70 1398486.8 0.00047721526 52538.928 1.792822e-05
70 75 1597406.4 0.00054509398 67739.031 2.3115055e-05
75 80 1810739.5 0.0006178911 82976.049 2.8314488e-05
80 85 2031440 0.00069320226 93155.359 3.1788044e-05
85 90 2264635.6 0.00077277718 117716.13 4.0169084e-05
90 95 2507610.2 0.00085568908 128122.56 4.3720144e-05
95 100 2764485 0.00094334424 148716.7 5.0747623e-05
100 105 3026016.1 0.0010325883 165119.79 5.6344963e-05
105 110 3298408.6 0.0011255387 185483.4 6.3293778e-05
110 115 3577725.1 0.0012208517 201726.32 6.8836459e-05
115 120 3866224.9 0.0013192985 216686.41 7.3941393e-05
120 125 4159502.9 0.0014193758 233454.89 7.9663419e-05
125 130 4464268.8 0.0015233732 254729.83 8.6923213e-05
130 135 4773479.6 0.0016288873 289592.57 9.8819665e-05
135 140 5094571.1 0.0017384556 305403.87 0.00010421506
140 145 5417633.3 0.0018486963 335393.4 0.0001144486
145 150 5745335.3 0.0019605203 363203.4 0.00012393839
150 155 6083820 0.0020760237 383774.23 0.00013095792
155 160 6422059.8 0.0021914436 418891.75 0.00014294131
160 165 6764756.7 0.0023083845 445860.88 0.00015214418
165 170 7116333.4 0.0024283554 470642.07 0.00016060043
170 175 7472461.7 0.0025498795 500711.54 0.00017086124
175 180 7829745.7 0.002671798 525463.77 0.00017930762
180 185 8192724 0.0027956596 554374.31 0.00018917296
185 190 8544050.2 0.002915545 571604.52 0.00019505254
190 195 8910390.6 0.0030405539 599047.88 0.00020441723
195 200 9279510.8 0.0031665113 624321.37 0.00021304147
