0 5 8925.9669 2.9544431e-06 0 0
5 10 32245.096 1.0672939e-05 0 0
10 15 67821.086 2.2448385e-05 0 0
15 20 116163.2 3.8449343e-05 0 0
20 25 178461.68 5.9069778e-05 0 0
25 30 252986.73 8.3737138e-05 0 0
30 35 338857.16 0.00011215975 0 0
35 40 435687.42 0.00014421 0 0
40 45 544381.18 0.000180187 0 0
45 50 659804.61 0.00021839149 0 0
50 55 786619.94 0.00026036663 0 0
55 60 921893.93 0.00030514153 0 0
60 65 1065392.8 0.00035263883 0 0
65 70 1216401.9 0.00040262195 0 0
70 75 1374526.1 0.00045496015 0 0
75 80 1536928.3 0.00050871433 0 0
80 85 1710009 0.00056600305 0 0
85 90 1886779.2 0.00062451294 0 0
90 95 2073363.2 0.00068627118 0 0
95 100 2260947.1 0.00074836035 0 0
100 105 2451812.2 0.00081153557 0 0
105 110 2646799.4 0.00087607523 0 0
110 115 2840940.4 0.00094033477 0 0
115 120 3039059.2 0.0010059109 0 0
120 125 3236207.6 0.0010711659 0 0
125 130 3438007.6 0.0011379605 0 0
130 135 3636909.7 0.001203796 0 0
135 140 3837349.4 0.0012701403 0 0
140 145 4039813.6 0.0013371548 0 0
145 150 4246672 0.0014056238 0 0
150 155 4450469.3 0.0014730795 0 0
155 160 4658230.9 0.0015418473 0 0
160 165 4865859.6 0.0016105712 0 0
165 170 5073727.2 0.0016793742 0 0
170 175 5285072.3 0.0017493282 0 0
175 180 5494378.1 0.0018186072 0 0
180 185 5702713.2 0.0018875649 0 0
185 190 5911157.9 0.0019565589 0 0
190 195 6120727 0.0020259251 0 0
195 200 6327241.1 0.00209428 0 0
