0 5 8681.7979 2.9201406e-06 0 0
5 10 31774.007 1.0687253e-05 0 0
10 15 68107.877 2.2908225e-05 0 0
15 20 119640.76 4.0241416e-05 0 0
20 25 185590.17 6.2423635e-05 0 0
25 30 266320.39 8.9577413e-05 0 0
30 35 362645.59 0.00012197659 0 0
35 40 471794.19 0.00015868895 0 0
40 45 594810.39 0.0002000657 0 0
45 50 732256.94 0.00024629613 0 0
50 55 884553.43 0.00029752137 0 0
55 60 1050488 0.00035333382 0 0
60 65 1225899 0.00041233365 0 0
65 70 1412894.5 0.00047522997 0 0
70 75 1614312.2 0.00054297723 0 0
75 80 1827064.1 0.00061453678 0 0
80 85 2047929.7 0.00068882538 0 0
85 90 2283457.5 0.00076804563 0 0
90 95 2527118.4 0.00085000149 0 0
95 100 2786134.7 0.00093712214 0 0
100 105 3051727.7 0.0010264549 0 0
105 110 3322500.1 0.0011175298 0 0
110 115 3605859.5 0.0012128383 0 0
115 120 3898281.1 0.0013111949 0 0
120 125 4196023.8 0.0014113413 0 0
125 130 4499895 0.001513549 0 0
130 135 4811553.7 0.001618376 0 0
135 140 5133932.9 0.0017268089 0 0
140 145 5457954.4 0.0018357942 0 0
145 150 5794302.9 0.0019489257 0 0
150 155 6132931.3 0.0020628241 0 0
155 160 6476874.2 0.00217851 0 0
160 165 6826621.5 0.0022961482 0 0
165 170 7179998.9 0.0024150074 0 0
170 175 7538785.2 0.002535686 0 0
175 180 7902841.8 0.0026581371 0 0
180 185 8267524.1 0.0027807988 0 0
185 190 8636649.4 0.0029049548 0 0
190 195 9007715.1 0.0030297636 0 0
195 200 9385371.7 0.0031567891 0 0
