0 5 680232.01 6.4892512e-06 453.85177 4.3296377e-09
5 10 980120.02 9.3501113e-06 -30376.251 -2.8978219e-07
10 15 1345512 1.2835864e-05 -44777.841 -4.2716992e-07
15 20 1819826 1.7360706e-05 -63738.867 -6.0805359e-07
20 25 2494758 2.3799397e-05 -77565.094 -7.3995251e-07
25 30 3587626 3.4225097e-05 -64590.008 -6.1617328e-07
30 35 5507610.1 5.2541287e-05 17531.747 1.6724868e-07
35 40 7723390 7.3679299e-05 241942.95 2.308078e-06
40 45 9755019.8 9.3060563e-05 472227.19 4.5049348e-06
45 50 11890268 0.00011343032 704861.53 6.7242109e-06
50 55 14217084 0.00013562759 955861.99 9.1186954e-06
55 60 16676674 0.00015909149 1251872.7 1.1942567e-05
60 65 19336452 0.00018446514 1635612.6 1.5603354e-05
65 70 22171498 0.0002115108 1999591.3 1.9075624e-05
70 75 25141112 0.00023984021 2475794.2 2.3618486e-05
75 80 28286030 0.00026984198 2741266.1 2.6151025e-05
80 85 31563134 0.00030110477 3093863.6 2.9514721e-05
85 90 34943530 0.00033335295 3498320.3 3.3373142e-05
90 95 38464988 0.00036694681 3989187.5 3.8055898e-05
95 100 42041638 0.0004010672 4417303.4 4.2140022e-05
100 105 45753126 0.00043647391 4982032.3 4.75274e-05
105 110 49495450 0.00047217479 5590004.9 5.3327314e-05
110 115 53383702 0.00050926779 6119420.6 5.8377813e-05
115 120 57342649 0.0005470352 6669107.8 6.3621698e-05
120 125 61379581 0.00058554657 7155424.5 6.8261044e-05
125 130 65376013 0.00062367157 7571197.2 7.2227416e-05
130 135 69470221 0.00066272935 8054941.4 7.684222e-05
135 140 73755938 0.00070361406 8491868 8.1010396e-05
140 145 78048858 0.00074456749 9235771.5 8.8107058e-05
145 150 82269437 0.00078483081 9755554.2 9.3065661e-05
150 155 86578098 0.00082593441 10235916 9.7648202e-05
155 160 90963229 0.00086776751 10594934 0.00010107314
160 165 95393704 0.00091003319 11090034 0.00010579628
165 170 99872097 0.00095275599 11471407 0.00010943449
170 175 1.0439336e+08 0.00099588779 11774557 0.00011232647
175 180 1.0890908e+08 0.0010389666 12136192 0.00011577638
180 185 1.1327386e+08 0.0010806056 12370720 0.00011801372
185 190 1.1773401e+08 0.0011231543 12880379 0.00012287574
190 195 1.2225861e+08 0.001166318 13075717 0.00012473922
195 200 1.267684e+08 0.0012093403 13256967 0.0001264683
