0 5 670152 6.5417953e-06 4629.3699 4.519033e-08
5 10 963245.99 9.4028788e-06 -32069.845 -3.1305489e-07
10 15 1324908 1.29333e-05 -67758.22 -6.6143263e-07
15 20 1785002 1.7424581e-05 -75376.706 -7.3580169e-07
20 25 2456166 2.3976255e-05 -87845.771 -8.5752046e-07
25 30 3532556 3.4483607e-05 -83261.401 -8.127694e-07
30 35 5419291.9 5.2901279e-05 2737.5193 2.672273e-08
35 40 7590042 7.4091401e-05 248598.1 2.4267299e-06
40 45 9581105.8 9.3527487e-05 422282.59 4.1221786e-06
45 50 11645666 0.00011368102 642053.11 6.2675035e-06
50 55 13903852 0.00013572466 905720.78 8.8413374e-06
55 60 16377674 0.00015987327 1182417.9 1.1542361e-05
60 65 19064904 0.00018610509 1483425.3 1.4480692e-05
65 70 21882410 0.00021360862 1828348.1 1.7847711e-05
70 75 24851720 0.00024259402 2076921.7 2.0274202e-05
75 80 27935230 0.00027269419 2337418.1 2.2817078e-05
80 85 31084930 0.00030344048 2757406 2.6916857e-05
85 90 34406792 0.00033586737 3063673.7 2.9906538e-05
90 95 37939470 0.00037035217 3364360.2 3.2841736e-05
95 100 41509816 0.00040520467 3849890.8 3.7581321e-05
100 105 45210410 0.0004413286 4304379.3 4.2017883e-05
105 110 49031892 0.0004786326 4796856.1 4.6825274e-05
110 115 52825876 0.00051566819 5331176.7 5.2041128e-05
115 120 56689612 0.00055338466 5788835.2 5.6508635e-05
120 125 60703783 0.00059256963 6263080.4 6.1138054e-05
125 130 64763270 0.00063219695 6728969.8 6.5685908e-05
130 135 68822566 0.00067182242 7211854.9 7.0399667e-05
135 140 73053810 0.00071312638 7728708.1 7.5445012e-05
140 145 77303924 0.00075461454 8363731.2 8.1643891e-05
145 150 81460106 0.00079518578 8805794.4 8.5959162e-05
150 155 85654249 0.00083612757 9388437.6 9.1646726e-05
155 160 89932296 0.0008778884 9579301.5 9.3509874e-05
160 165 94315018 0.00092067104 9790997.9 9.5576382e-05
165 170 98740672 0.00096387276 9843822.7 9.609204e-05
170 175 1.0314265e+08 0.0010068434 10321105 0.0001007511
175 180 1.0761021e+08 0.0010504541 10496444 0.0001024627
180 185 1.1195396e+08 0.0010928564 10784980 0.00010527929
185 190 1.1636262e+08 0.0011358922 11245364 0.00010977341
190 195 1.2085452e+08 0.0011797406 11475611 0.000112021
195 200 1.2531542e+08 0.0012232864 11830831 0.00011548854
