0 5 681966 6.428681e-06 -5691.9404 -5.3656148e-08
5 10 981656.01 9.2537652e-06 -38035.03 -3.5854437e-07
10 15 1349394 1.2720317e-05 -49896.415 -4.7035796e-07
15 20 1828840 1.7239905e-05 -77522.004 -7.3077578e-07
20 25 2507456 2.3637006e-05 -109697.9 -1.0340879e-06
25 30 3640262 3.4315615e-05 -127299.2 -1.2000099e-06
30 35 5605588.2 5.2842133e-05 36750.549 3.4643597e-07
35 40 7848794.1 7.3988136e-05 320675.28 3.022906e-06
40 45 9869952.1 9.3040963e-05 576761.42 5.4369502e-06
45 50 12033900 0.00011343983 796050.44 7.5041194e-06
50 55 14325596 0.00013504293 1046368.6 9.8637903e-06
55 60 16858166 0.00015891668 1299893.2 1.2253688e-05
60 65 19566232 0.00018444477 1582159.7 1.4914526e-05
65 70 22452634 0.00021165398 1861285.3 1.7545757e-05
70 75 25527884 0.00024064341 2163661.6 2.0396163e-05
75 80 28678014 0.0002703387 2471294.3 2.3296122e-05
80 85 31933038 0.0003010228 2955777.2 2.7863191e-05
85 90 35397558 0.00033368175 3375262.9 3.1817551e-05
90 95 38993026 0.0003675751 3901415 3.6777423e-05
95 100 42669292 0.00040223012 4283641.8 4.0380557e-05
100 105 46445510 0.00043782735 4751738.4 4.4793157e-05
105 110 50322273 0.00047437239 5276462.1 4.9739564e-05
110 115 54242003 0.00051132246 5994922.4 5.6512266e-05
115 120 58260921 0.00054920755 6470748.9 6.0997733e-05
120 125 62381058 0.0005880468 7022016.8 6.6194364e-05
125 130 66503885 0.0006269114 7401399.8 6.9770689e-05
130 135 70704775 0.00066651188 7988385.4 7.530402e-05
135 140 74975733 0.00070677287 8539740.4 8.0501472e-05
140 145 79377214 0.00074826426 9080723.1 8.5601147e-05
145 150 83762607 0.00078960399 9637278 9.0847616e-05
150 155 88091342 0.00083040963 10196505 9.6119278e-05
155 160 92545809 0.0008724005 10324406 9.7324955e-05
160 165 97000881 0.00091439707 10604483 9.9965159e-05
165 170 1.0155981e+08 0.0009573727 11128223 0.00010490229
170 175 1.0610231e+08 0.0010001934 11570726 0.00010907363
175 180 1.1063222e+08 0.0010428954 11981560 0.00011294644
180 185 1.1527757e+08 0.0010866857 12367457 0.00011658416
185 190 1.1984201e+08 0.0011297133 12525750 0.00011807634
190 195 1.243735e+08 0.0011724302 12958116 0.00012215212
195 200 1.2898906e+08 0.0012159397 13400389 0.00012632129
