0 5 603146 6.0247429e-06 7992.806 7.9839046e-08
5 10 877093.99 8.7611719e-06 -12789.113 -1.2774871e-07
10 15 1247896 1.2465062e-05 -37401.549 -3.7359896e-07
15 20 1729514 1.7275879e-05 -36467.127 -3.6426515e-07
20 25 2418410 2.4157167e-05 -33000.366 -3.2963615e-07
25 30 3552354 3.5483978e-05 -12031.901 -1.2018502e-07
30 35 5481705.9 5.4756011e-05 98991.481 9.8881237e-07
35 40 7702103.9 7.6935263e-05 290076.06 2.8975301e-06
40 45 9745332.1 9.734479e-05 582372.72 5.8172415e-06
45 50 11885586 0.00011872349 820573.51 8.1965966e-06
50 55 14195576 0.00014179767 1040798.7 1.0396396e-05
55 60 16678498 0.00016659924 1337275.9 1.3357866e-05
60 65 19342214 0.00019320673 1703834.2 1.7019367e-05
65 70 22142714 0.00022118054 2080632.6 2.0783155e-05
70 75 25157748 0.0002512973 2458914 2.4561756e-05
75 80 28321860 0.00028290319 2946374.2 2.943093e-05
80 85 31633700 0.00031598471 3410870.5 3.4070719e-05
85 90 35034376 0.00034995359 3888778.9 3.8844481e-05
90 95 38529432 0.00038486523 4446833.7 4.4418814e-05
95 100 42218202 0.00042171185 5195172.9 5.1893872e-05
100 105 46008642 0.00045957404 5888936.5 5.8823782e-05
105 110 49857286 0.00049801762 6493573.9 6.4863422e-05
110 115 53729703 0.00053669866 7145323.8 7.1373662e-05
115 120 57733111 0.00057668815 7883691.9 7.8749121e-05
120 125 61834850 0.00061765986 8658547.6 8.6489048e-05
125 130 65988250 0.00065914761 9278181.1 9.2678483e-05
130 135 70202255 0.00070124072 10233244 0.00010221848
135 140 74474914 0.00074391973 10911287 0.00010899135
140 145 78801262 0.00078713503 11614609 0.00011601674
145 150 83207080 0.00083114415 12499630 0.0001248571
150 155 87652519 0.00087554903 13348685 0.00013333819
155 160 92185999 0.00092083334 14095857 0.00014080159
160 165 96697871 0.00096590181 14960360 0.00014943699
165 170 1.0126501e+08 0.0010115224 15600218 0.00015582844
170 175 1.0585848e+08 0.0010574059 16308739 0.00016290576
175 180 1.104486e+08 0.0011032559 17142946 0.00017123854
180 185 1.1512401e+08 0.001149958 17860476 0.00017840585
185 190 1.1972774e+08 0.001195944 18702704 0.00018681875
190 195 1.2439124e+08 0.0012425271 19376028 0.0001935445
195 200 1.2898748e+08 0.0012884383 20023026 0.00020000726
