0 5 593840 6.0366428e-06 -6291.6587 -6.3957457e-08
5 10 872188.01 8.8661718e-06 -32607.861 -3.3147314e-07
10 15 1226854 1.2471506e-05 -48615.709 -4.941999e-07
15 20 1703940 1.7321294e-05 -67563.971 -6.8681726e-07
20 25 2393092 2.4326825e-05 -57188.894 -5.8135007e-07
25 30 3494518 3.5523301e-05 -52388.951 -5.3255655e-07
30 35 5384025.9 5.4730973e-05 64409.497 6.5475065e-07
35 40 7576805.8 7.7021538e-05 326983.17 3.3239266e-06
40 45 9563033.9 9.7212414e-05 645762.35 6.5644561e-06
45 50 11691726 0.0001188515 887254.36 9.0193279e-06
50 55 13970102 0.00014201218 1158133.7 1.1772935e-05
55 60 16413096 0.00016684628 1486740.5 1.5113366e-05
60 65 19001282 0.00019315633 1748119.1 1.7770394e-05
65 70 21797034 0.00022157637 2147695.5 2.1832262e-05
70 75 24740612 0.00025149912 2515695.6 2.5573144e-05
75 80 27841830 0.00028302436 2900949.6 2.9489419e-05
80 85 31105358 0.00031619954 3420462.9 3.4770498e-05
85 90 34421122 0.00034990573 3886800.8 3.9511027e-05
90 95 37921356 0.00038548713 4450315.9 4.5239403e-05
95 100 41507834 0.00042194525 5008551.9 5.0914117e-05
100 105 45214824 0.00045962842 5757072.7 5.8523157e-05
105 110 48985953 0.00049796359 6411139.5 6.5172031e-05
110 115 52862225 0.00053736759 7078032.9 7.1951294e-05
115 120 56777817 0.00057717129 7661777.9 7.7885317e-05
120 125 60740424 0.00061745292 8431923.5 8.5714183e-05
125 130 64811341 0.00065883557 9233406.7 9.3861609e-05
130 135 69031734 0.00070173771 10003761 0.00010169259
135 140 73330157 0.00074543306 10888224 0.00011068355
140 145 77601144 0.0007888495 11482297 0.00011672256
145 150 81935778 0.00083291295 12261664 0.00012464516
150 155 86285280 0.00087712754 12809125 0.00013021035
155 160 90651221 0.00092150923 13456924 0.0001367955
160 165 95107850 0.0009668128 14192746 0.00014427546
165 170 99628601 0.0010127682 15097137 0.00015346899
170 175 1.0410445e+08 0.0010582672 16113848 0.00016380429
175 180 1.0864631e+08 0.0011044371 16767192 0.00017044583
180 185 1.1327645e+08 0.0011515046 17533313 0.00017823378
185 190 1.179285e+08 0.0011987947 18168550 0.00018469124
190 195 1.2252711e+08 0.0012455416 18651036 0.00018959592
195 200 1.2714119e+08 0.0012924457 19106828 0.00019422924
