0 5 604874.01 6.1068745e-06 -1315.2632 -1.3279042e-08
5 10 880924 8.8939056e-06 -18282.049 -1.8457758e-07
10 15 1240480 1.2524023e-05 -54273.169 -5.4794788e-07
15 20 1711676 1.7281269e-05 -69679.114 -7.03488e-07
20 25 2398398 2.421449e-05 -44408.9 -4.4835714e-07
25 30 3519900 3.5537298e-05 -2710.9569 -2.7370119e-08
30 35 5460463.9 5.5129444e-05 103007.13 1.0399713e-06
35 40 7632269.8 7.7056236e-05 364476.2 3.6797918e-06
40 45 9663568.1 9.7564446e-05 548473.47 5.5374485e-06
45 50 11790654 0.00011903974 751618.99 7.588428e-06
50 55 14102962 0.00014238506 1021555.2 1.0313734e-05
55 60 16548176 0.00016707221 1399290.5 1.4127391e-05
60 65 19240470 0.0001942539 1770180.1 1.7871933e-05
65 70 22082832 0.0002229507 2080198.4 2.1001912e-05
70 75 25094900 0.00025336087 2446563.2 2.4700771e-05
75 80 28253072 0.00028524612 2901388.4 2.9292737e-05
80 85 31470976 0.00031773444 3357914.9 3.3901878e-05
85 90 34847700 0.00035182621 3870586.2 3.9077864e-05
90 95 38395100 0.00038764116 4436558 4.4791978e-05
95 100 42043494 0.00042447574 5291443.3 5.3422994e-05
100 105 45774708 0.00046214649 5807760.8 5.8635792e-05
105 110 49602961 0.00050079695 6439919.1 6.5018131e-05
110 115 53580619 0.00054095583 7090662.7 7.1588111e-05
115 120 57543580 0.00058096632 7757647.9 7.8322067e-05
120 125 61545700 0.00062137216 8478059.8 8.5595424e-05
125 130 65756387 0.00066388372 9320036 9.4096108e-05
130 135 69949492 0.00070621777 10085799 0.00010182734
135 140 74248335 0.00074961936 11025415 0.0001113138
140 145 78493817 0.00079248221 11898164 0.00012012518
145 150 82854088 0.00083650399 12582028 0.00012702954
150 155 87260680 0.00088099343 13201465 0.00013328344
155 160 91776159 0.0009265822 13933297 0.0001406721
160 165 96289973 0.00097215416 14711958 0.00014853355
165 170 1.0085631e+08 0.0010182564 15683702 0.00015834438
170 175 1.0543314e+08 0.0010644645 16478331 0.00016636704
175 180 1.1008944e+08 0.0011114751 17075884 0.00017240001
180 185 1.1470643e+08 0.0011580887 17789338 0.00017960311
185 190 1.1923083e+08 0.0012037676 18574459 0.00018752978
190 195 1.2384369e+08 0.0012503396 19280288 0.00019465591
195 200 1.2852376e+08 0.00129759 19925759 0.00020117266
