0 5 598681.99 6.0514716e-06 -4965.5838 -5.0192071e-08
5 10 874427.99 8.8387094e-06 -25392.702 -2.5666918e-07
10 15 1234622 1.2479547e-05 -38935.822 -3.935629e-07
15 20 1714824 1.7333424e-05 -49416.781 -4.9950432e-07
20 25 2408888 2.4349016e-05 -36511.506 -3.6905794e-07
25 30 3521658 3.5596884e-05 -8000.7968 -8.0871974e-08
30 35 5426978.1 5.485584e-05 110331.93 1.1152341e-06
35 40 7619657.9 7.7019425e-05 298037.49 3.0125599e-06
40 45 9625194 9.7291365e-05 509687.81 5.1519193e-06
45 50 11735234 0.00011861963 763844.88 7.7209364e-06
50 55 14010956 0.0001416226 1088507.4 1.1002622e-05
55 60 16473526 0.00016651423 1398245.8 1.4133455e-05
60 65 19156144 0.00019363011 1671967.5 1.6900231e-05
65 70 21961700 0.00022198864 2007757.7 2.0294394e-05
70 75 24952660 0.00025222124 2532085.1 2.5594291e-05
75 80 28070082 0.00028373211 2907252.1 2.9386475e-05
80 85 31314062 0.00031652223 3315888.8 3.3516971e-05
85 90 34706256 0.00035081049 3939222.3 3.981762e-05
90 95 38209668 0.00038622294 4566581.4 4.6158959e-05
95 100 41814818 0.00042266376 5267027.5 5.3239062e-05
100 105 45512384 0.00046003872 5765670.3 5.8279337e-05
105 110 49335442 0.00049868215 6304501.7 6.3725841e-05
110 115 53157763 0.00053731813 6904920.8 6.979487e-05
115 120 57150816 0.00057767988 7662036.7 7.744779e-05
120 125 61210275 0.00061871285 8437773.9 8.5288934e-05
125 130 65274979 0.00065979884 9133348.3 9.2319794e-05
130 135 69458506 0.00070208588 9904975.5 0.00010011939
135 140 73694349 0.00074490174 10722910 0.00010838706
140 145 78048952 0.00078891803 11433525 0.00011556996
145 150 82379856 0.00083269476 12136433 0.00012267494
150 155 86854443 0.00087792384 13096700 0.00013238131
155 160 91311651 0.00092297726 13887493 0.00014037464
160 165 95847981 0.00096883044 14737877 0.00014897031
165 170 1.0034202e+08 0.0010142562 15333158 0.00015498741
170 175 1.0488081e+08 0.0010601342 16066043 0.0001623954
175 180 1.0956474e+08 0.0011074793 16770888 0.00016951997
180 185 1.1403254e+08 0.0011526398 17498587 0.00017687555
185 190 1.1864976e+08 0.0011993106 18085457 0.00018280762
190 195 1.2327263e+08 0.0012460385 18806632 0.00019009725
195 200 1.2792078e+08 0.0012930219 19443484 0.00019653455
