0 5 594251.99 6.0136123e-06 4781.6386 4.838843e-08
5 10 874608.01 8.8507124e-06 -23911.277 -2.4197335e-07
10 15 1235048 1.2498233e-05 -35342.917 -3.5765737e-07
15 20 1710630 1.7310949e-05 -55522.042 -5.6186271e-07
20 25 2407706 2.4365102e-05 -51019.512 -5.1629876e-07
25 30 3526070 3.5682536e-05 -40126.538 -4.0606585e-07
30 35 5441563.9 5.5066632e-05 86957.081 8.7997378e-07
35 40 7632004.2 7.7233084e-05 307049.82 3.1072316e-06
40 45 9676928 9.7926964e-05 516953.9 5.2313839e-06
45 50 11778342 0.0001191925 809312.42 8.189945e-06
50 55 14064740 0.00014233001 1086428.9 1.0994263e-05
55 60 16517124 0.00016714724 1367385.4 1.3837439e-05
60 65 19204410 0.00019434159 1708610.8 1.7290515e-05
65 70 22041342 0.0002230503 2116492.5 2.1418128e-05
70 75 24996482 0.00025295524 2387841.9 2.4164085e-05
75 80 28134554 0.00028471137 2841809.6 2.8758071e-05
80 85 31417754 0.00031793615 3312343.2 3.3519699e-05
85 90 34842510 0.00035259343 3838659.6 3.8845828e-05
90 95 38355368 0.00038814226 4511446.2 4.5654182e-05
95 100 41996022 0.00042498435 5177645.7 5.2395876e-05
100 105 45718311 0.00046265255 5857792 5.9278708e-05
105 110 49525208 0.00050117695 6423944 6.5007958e-05
110 115 53456804 0.00054096326 7121834.5 7.2070354e-05
115 120 57398269 0.00058084944 7963881 8.0591556e-05
120 125 61505406 0.00062241216 8555976.8 8.6583349e-05
125 130 65602429 0.00066387253 9389466.4 9.5017958e-05
130 135 69795412 0.00070630399 10237343 0.00010359816
135 140 74108735 0.00074995323 10865247 0.00010995232
140 145 78392004 0.00079329835 11714860 0.00011855009
145 150 82754570 0.00083744591 12604334 0.00012755123
150 155 87201155 0.00088244372 13499998 0.00013661503
155 160 91703161 0.00092800237 14220253 0.00014390374
160 165 96246053 0.00097397477 14966385 0.00015145433
165 170 1.0076707e+08 0.0010197258 15673401 0.00015860908
170 175 1.0523889e+08 0.001064979 16277182 0.00016471911
175 180 1.0984437e+08 0.0011115848 17186574 0.00017392183
180 185 1.1449793e+08 0.0011586771 18033436 0.00018249176
185 190 1.1924903e+08 0.0012067565 18862691 0.00019088352
190 195 1.2392906e+08 0.0012541167 19504941 0.00019738286
195 200 1.2850199e+08 0.0013003931 20178286 0.00020419686
