0 5 603326 6.0271886e-06 6654.9132 6.6482162e-08
5 10 884609.99 8.8371978e-06 -22738.95 -2.2716067e-07
10 15 1250740 1.2494814e-05 -48938.488 -4.888924e-07
15 20 1726396 1.7246587e-05 -59902.722 -5.9842441e-07
20 25 2418426 2.4159923e-05 -64360.636 -6.4295868e-07
25 30 3537078 3.5335185e-05 -55738.7 -5.5682609e-07
30 35 5466356 5.4608551e-05 100878.44 1.0077692e-06
35 40 7713059.9 7.7052981e-05 339122.83 3.3878156e-06
40 45 9736342 9.7265441e-05 602703.86 6.0209734e-06
45 50 11836816 0.00011824905 854814.04 8.5395382e-06
50 55 14133298 0.00014119075 1054458.8 1.0533976e-05
55 60 16630530 0.00016613795 1300191.9 1.2988834e-05
60 65 19336992 0.00019317533 1653592.2 1.6519282e-05
65 70 22196490 0.00022174153 2068637.8 2.0665561e-05
70 75 25149822 0.00025124513 2550586.5 2.5480198e-05
75 80 28259274 0.00028230836 2961125.5 2.9581456e-05
80 85 31574400 0.00031542626 3500203 3.4966807e-05
85 90 34999198 0.00034963977 3988586.2 3.9845724e-05
90 95 38551342 0.00038512547 4490205.7 4.4856871e-05
95 100 42211442 0.00042168964 5150432.7 5.1452497e-05
100 105 45942222 0.00045895989 5854502.6 5.848611e-05
105 110 49796822 0.0004974671 6540192.9 6.5336113e-05
110 115 53697071 0.00053643034 7193942.5 7.1867031e-05
115 120 57744067 0.00057685958 7770406.6 7.762587e-05
120 125 61776500 0.00061714333 8534303.3 8.525715e-05
125 130 65886425 0.00065820121 9335087.8 9.3256937e-05
130 135 70145366 0.00070074777 10173021 0.00010162784
135 140 74426196 0.00074351299 10965381 0.00010954346
140 145 78818851 0.00078739534 11986950 0.00011974887
145 150 83238405 0.00083154641 12873746 0.00012860791
150 155 87740417 0.00087652122 13766471 0.00013752618
155 160 92160336 0.00092067593 14432709 0.00014418185
160 165 96681169 0.00096583877 15167087 0.00015151824
165 170 1.012514e+08 0.0010114951 15852348 0.00015836396
170 175 1.0599976e+08 0.0010589309 16488571 0.00016471978
175 180 1.1059215e+08 0.0011048086 17339823 0.00017322374
180 185 1.151632e+08 0.0011504731 17951130 0.00017933065
185 190 1.1979196e+08 0.0011967141 18729702 0.00018710853
190 195 1.2447713e+08 0.0012435187 19361925 0.0001934244
195 200 1.2920951e+08 0.0012907948 20216485 0.00020196141
