0 5 601593.99 6.0900416e-06 7589.044 7.6825224e-08
5 10 879728.01 8.905641e-06 -2629.2191 -2.6616046e-08
10 15 1238564 1.2538201e-05 -12163.258 -1.2313079e-07
15 20 1707356 1.7283864e-05 -31460.589 -3.1848107e-07
20 25 2400182 2.4297464e-05 -40821.429 -4.1324249e-07
25 30 3505186 3.5483613e-05 -32221.798 -3.2618691e-07
30 35 5410633.9 5.4772797e-05 78543.439 7.9510901e-07
35 40 7594532 7.688078e-05 316689.21 3.2059005e-06
40 45 9609531.9 9.7278978e-05 529065.11 5.355819e-06
45 50 11739920 0.00011884527 774967.63 7.8451333e-06
50 55 13996530 0.00014168933 976121.56 9.8814498e-06
55 60 16429604 0.00016631976 1243108.7 1.2584208e-05
60 65 19091340 0.00019326499 1729112.4 1.7504108e-05
65 70 21900600 0.00022170362 2165049.1 2.1917171e-05
70 75 24859118 0.00025165321 2524944.3 2.5560454e-05
75 80 27912304 0.00028256115 2951774.9 2.9881335e-05
80 85 31147500 0.00031531161 3441677.7 3.4840707e-05
85 90 34518624 0.00034943809 3943333.2 3.9919054e-05
90 95 38067044 0.00038535937 4508709.7 4.5642459e-05
95 100 41701944 0.0004221561 5172836.8 5.2365534e-05
100 105 45366997 0.00045925807 5830695.1 5.902515e-05
105 110 49114571 0.00049719542 6447990.1 6.5274135e-05
110 115 52956608 0.00053608904 6943618.7 7.029147e-05
115 120 56917693 0.00057618779 7767794.9 7.8634751e-05
120 125 60933108 0.00061683654 8581765.7 8.687472e-05
125 130 65119642 0.00065921757 9333067.5 9.448028e-05
130 135 69270625 0.00070123869 10124192 0.00010248897
135 140 73488076 0.00074393268 10818420 0.00010951676
140 145 77789848 0.00078748028 11608306 0.00011751292
145 150 82131405 0.00083143063 12399060 0.00012551786
150 155 86473173 0.0008753831 12917233 0.00013076342
155 160 90913346 0.00092033175 13773272 0.00013942925
160 165 95378736 0.00096553569 14550243 0.00014729467
165 170 99917830 0.0010114857 15352752 0.0001554186
170 175 1.0437299e+08 0.0010565861 15914908 0.00016110941
175 180 1.0897806e+08 0.001103204 16677500 0.00016882926
180 185 1.1351506e+08 0.0011491329 17334450 0.00017547968
185 190 1.1811034e+08 0.0011956516 18091690 0.00018314535
190 195 1.2280709e+08 0.0012431977 18912603 0.0001914556
195 200 1.2744207e+08 0.0012901184 19585263 0.00019826505
