0 5 594946 6.0913894e-06 6210.6058 6.358765e-08
5 10 874026.01 8.9487663e-06 -24645.707 -2.5233651e-07
10 15 1224376 1.2535845e-05 -23896.09 -2.4466151e-07
15 20 1693190 1.7335825e-05 -38722.201 -3.9645951e-07
20 25 2382672 2.4395126e-05 -39422.537 -4.0362994e-07
25 30 3485676 3.5688297e-05 -22629.061 -2.3168897e-07
30 35 5364111.9 5.4920772e-05 102452.93 1.0489703e-06
35 40 7528004 7.7075908e-05 343070.09 3.5125431e-06
40 45 9514886.1 9.7418716e-05 574371.57 5.8807368e-06
45 50 11628194 0.00011905594 801549.66 8.2067129e-06
50 55 13893004 0.00014224433 1011884 1.0360234e-05
55 60 16329482 0.00016719035 1316579.5 1.3479876e-05
60 65 18947546 0.00019399556 1604474.4 1.6427505e-05
65 70 21675362 0.00022192446 1969397.4 2.0163791e-05
70 75 24678366 0.00025267089 2359392.8 2.4156781e-05
75 80 27755468 0.00028417598 2831397.6 2.8989429e-05
80 85 30993388 0.00031732761 3385341.6 3.4661017e-05
85 90 34349856 0.000351693 3945363.1 4.039483e-05
90 95 37846346 0.00038749202 4339857.3 4.4433883e-05
95 100 41453072 0.0004244197 4862453.3 4.9784512e-05
100 105 45160399 0.00046237738 5395542.7 5.5242578e-05
105 110 48931839 0.00050099149 6115026.7 6.2609058e-05
110 115 52802767 0.00054062421 6908504.9 7.073313e-05
115 120 56741663 0.00058095283 7715427.7 7.8994857e-05
120 125 60758393 0.00062207835 8253581 8.4504771e-05
125 130 64789776 0.00066335391 8984522.2 9.1988555e-05
130 135 68944739 0.00070589473 9823061.6 0.00010057399
135 140 73154269 0.00074899425 10455963 0.00010705399
140 145 77527794 0.00079377284 11211820 0.00011479288
145 150 81907513 0.00083861485 12062132 0.00012349885
150 155 86349090 0.0008840902 12832561 0.00013138692
155 160 90767790 0.00092933131 13496928 0.00013818909
160 165 95252219 0.0009752454 14294914 0.00014635931
165 170 99810382 0.0010219144 15166650 0.00015528463
170 175 1.0429466e+08 0.0010678269 15780105 0.00016156553
175 180 1.0894778e+08 0.0011154682 16540935 0.00016935533
180 185 1.135194e+08 0.001162275 17207446 0.00017617944
185 190 1.1810247e+08 0.0012091991 17901305 0.00018328356
190 195 1.2269426e+08 0.0012562123 18487647 0.00018928686
195 200 1.2737277e+08 0.0013041135 19266052 0.0001972566
