0 5 603968 6.1118959e-06 6059.6343 6.1320887e-08
5 10 883116.01 8.9367534e-06 -14591.235 -1.4765701e-07
10 15 1242068 1.2569193e-05 -29374.229 -2.9725454e-07
15 20 1715384 1.7358947e-05 -57732.373 -5.8422674e-07
20 25 2401568 2.4302833e-05 -63492.061 -6.425123e-07
25 30 3520914 3.5630132e-05 -34069.92 -3.447729e-07
30 35 5453729.9 5.5189397e-05 100393.85 1.0159425e-06
35 40 7648670 7.7401244e-05 345730.73 3.498646e-06
40 45 9669816 9.7854371e-05 610689.19 6.1799114e-06
45 50 11768508 0.00011909223 820152.94 8.2995943e-06
50 55 14064794 0.00014232965 1092315.4 1.1053761e-05
55 60 16553974 0.00016751908 1436822.1 1.454002e-05
60 65 19177312 0.00019406613 1740654.7 1.7614676e-05
65 70 22028328 0.00022291719 2012885.7 2.0369536e-05
70 75 25017294 0.00025316423 2404071.2 2.4328164e-05
75 80 28149048 0.00028485623 2873355.8 2.9077122e-05
80 85 31393216 0.00031768582 3453059.1 3.494347e-05
85 90 34763022 0.0003517868 3970367.6 4.0178409e-05
90 95 38251002 0.00038708365 4561876.4 4.6164223e-05
95 100 41879206 0.00042379952 5218695.2 5.2810946e-05
100 105 45532083 0.00046076506 5739634.2 5.8082625e-05
105 110 49365957 0.00049956221 6229705.4 6.3041934e-05
110 115 53254471 0.00053891229 6955130.2 7.0382921e-05
115 120 57217535 0.0005790168 7719458.1 7.8117589e-05
120 125 61260058 0.00061992539 8456209.1 8.5573192e-05
125 130 65358827 0.00066140316 9281519.1 9.3924973e-05
130 135 69576539 0.00070408459 10018196 0.00010137983
135 140 73777984 0.0007466014 10627250 0.00010754319
140 145 78021223 0.00078954115 11408202 0.00011544609
145 150 82441489 0.00083427234 12192456 0.0001233824
150 155 86901968 0.00087941046 13071565 0.00013227861
155 160 91336152 0.00092428249 13799326 0.00013964323
160 165 95753134 0.00096898045 14496261 0.00014669591
165 170 1.0032582e+08 0.0010152541 15295647 0.00015478536
170 175 1.0485061e+08 0.001061043 15903484 0.00016093641
175 180 1.0942344e+08 0.001107318 16609306 0.00016807902
180 185 1.1402703e+08 0.0011539044 17223765 0.00017429708
185 190 1.1864844e+08 0.0012006711 17911336 0.000181255
190 195 1.233355e+08 0.0012481021 18565089 0.0001878707
195 200 1.2789954e+08 0.0012942882 19207207 0.00019436866
