0 5 596787.99 6.0540189e-06 815.62362 8.2739614e-09
5 10 872812.01 8.8540997e-06 -24391.688 -2.4743752e-07
10 15 1235790 1.2536271e-05 -41916.276 -4.2521285e-07
15 20 1705438 1.7300539e-05 -44398.447 -4.5039284e-07
20 25 2400288 2.4349332e-05 -58238.568 -5.907917e-07
25 30 3508636 3.5592788e-05 -53209.419 -5.3977431e-07
30 35 5397835.9 5.475747e-05 67728.314 6.8705888e-07
35 40 7574429.8 7.6837574e-05 301462.74 3.0581398e-06
40 45 9573536.1 9.7117182e-05 531526.35 5.3919827e-06
45 50 11672508 0.00011840986 769086.9 7.8018771e-06
50 55 13942972 0.00014144221 1056630 1.0718811e-05
55 60 16433106 0.00016670297 1378732.5 1.3986328e-05
60 65 19066076 0.00019341271 1685590.3 1.7099197e-05
65 70 21863170 0.00022178738 2018001.3 2.0471287e-05
70 75 24778118 0.00025135759 2496728.7 2.5327659e-05
75 80 27836836 0.00028238626 3010662.7 3.0541178e-05
80 85 31057580 0.00031505858 3570242.9 3.621775e-05
85 90 34364992 0.00034861008 3991186.8 4.0487946e-05
90 95 37943510 0.00038491177 4554741.6 4.6204836e-05
95 100 41539802 0.00042139377 5188314.5 5.2632014e-05
100 105 45181714 0.00045833856 5641035.9 5.7224572e-05
105 110 48945997 0.00049652472 6243908.4 6.3340315e-05
110 115 52779864 0.00053541676 7051360.5 7.1531381e-05
115 120 56712536 0.00057531111 7916356 8.0306188e-05
120 125 60654156 0.00061529624 8835055.2 8.9625782e-05
125 130 64788766 0.00065723911 9405609.4 9.5413677e-05
130 135 68861815 0.0006985575 10023535 0.00010168213
135 140 73020091 0.00074074046 10810121 0.00010966152
140 145 77234394 0.00078349177 11581324 0.00011748486
145 150 81623316 0.00082801447 12421472 0.0001260076
150 155 86071107 0.00087313437 13335063 0.00013527538
155 160 90495945 0.00091802142 14191279 0.00014396113
160 165 94872635 0.00096242004 14842143 0.00015056371
165 170 99324208 0.0010075783 15430629 0.00015653351
170 175 1.0383287e+08 0.0010533157 16191783 0.00016425491
175 180 1.0841466e+08 0.0010997949 16779809 0.00017022005
180 185 1.1297685e+08 0.0011460753 17393921 0.0001764498
185 190 1.1761499e+08 0.0011931262 18043462 0.00018303897
190 195 1.2217688e+08 0.0012394035 18771238 0.00019042178
195 200 1.2679899e+08 0.0012862918 19478120 0.00019759263
