0 5 591720.02 6.0206194e-06 2377.7464 2.419304e-08
5 10 867252 8.8240959e-06 -13889.017 -1.4131765e-07
10 15 1220088 1.2414124e-05 -24855.576 -2.5289995e-07
15 20 1698292 1.7279743e-05 -49584.444 -5.0451067e-07
20 25 2406290 2.4483465e-05 -51666.945 -5.2569966e-07
25 30 3512650 3.5740431e-05 -19983.15 -2.033241e-07
30 35 5406368.1 5.5008591e-05 104017.93 1.0583592e-06
35 40 7599434 7.7322549e-05 341314.84 3.4728025e-06
40 45 9611411.9 9.7793975e-05 637960.75 6.4911085e-06
45 50 11710240 0.00011914908 770426.16 7.8389146e-06
50 55 14010766 0.00014255643 1019725.4 1.0375479e-05
55 60 16487594 0.0001677576 1363049.5 1.3868725e-05
60 65 19108820 0.00019442798 1737615.4 1.767985e-05
65 70 21892836 0.00022275473 2117380.1 2.1543871e-05
70 75 24873530 0.00025308263 2557577.1 2.6022778e-05
75 80 27992390 0.00028481633 2936989.2 2.9883211e-05
80 85 31189180 0.00031734296 3341175 3.3995712e-05
85 90 34553902 0.00035157826 3902955.2 3.9711699e-05
90 95 38007190 0.00038671469 4477581 4.5558389e-05
95 100 41643108 0.00042370935 5153325.6 5.243394e-05
100 105 45349722 0.00046142332 5901089.8 6.0042274e-05
105 110 49092260 0.00049950281 6548106.7 6.6625527e-05
110 115 52892797 0.00053817243 7248025.9 7.3747049e-05
115 120 56844283 0.00057837792 7935443.7 8.0741372e-05
120 125 60892612 0.00061956876 8612859.9 8.7633931e-05
125 130 64993254 0.00066129189 9356483.2 9.5200133e-05
130 135 69123421 0.00070331541 10107310 0.00010283963
135 140 73415127 0.00074698256 11020834 0.00011213453
140 145 77685527 0.00079043293 11986091 0.00012195581
145 150 81966895 0.0008339949 12601319 0.00012821562
150 155 86351457 0.00087860684 13428676 0.00013663378
155 160 90867202 0.00092455354 14085305 0.00014331484
160 165 95308853 0.00096974635 15037233 0.0001530005
165 170 99835779 0.0010158068 15799984 0.00016076132
170 175 1.0438817e+08 0.0010621264 16458024 0.00016745673
175 180 1.0888822e+08 0.0011079134 17283541 0.00017585618
180 185 1.1342088e+08 0.0011540322 17776549 0.00018087243
185 190 1.1808103e+08 0.0012014481 18424666 0.00018746687
190 195 1.2272735e+08 0.0012487235 19110212 0.00019444215
195 200 1.2730322e+08 0.0012952819 19909139 0.00020257105
