0 5 604752 6.067449e-06 1863.4665 1.8696074e-08
5 10 875641.98 8.7852759e-06 -18369.38 -1.8429915e-07
10 15 1243640 1.2477383e-05 -27844.529 -2.7936289e-07
15 20 1710928 1.7165662e-05 -30325.514 -3.0425449e-07
20 25 2423572 2.4315587e-05 -29362.84 -2.9459602e-07
25 30 3562288 3.5740272e-05 -4350.6839 -4.3650212e-08
30 35 5500842 5.5189695e-05 105419.61 1.0576702e-06
35 40 7708422 7.7338245e-05 326324.47 3.2739984e-06
40 45 9735718 9.7678012e-05 545799.76 5.4759839e-06
45 50 11861558 0.00011900647 726870.29 7.2926562e-06
50 55 14130700 0.00014177266 994132.51 9.9740858e-06
55 60 16625846 0.00016680635 1359961.6 1.3644433e-05
60 65 19377876 0.00019441734 1738290.8 1.7440191e-05
65 70 22234204 0.00022307475 2125656.4 2.1326613e-05
70 75 25219436 0.00025302544 2556724 2.5651494e-05
75 80 28301312 0.00028394576 2984195.7 2.9940298e-05
80 85 31620292 0.00031724494 3440462.6 3.4518004e-05
85 90 35075150 0.00035190737 4056271.6 4.0696386e-05
90 95 38597514 0.00038724709 4621039.5 4.6362677e-05
95 100 42291582 0.0004243095 5096625.1 5.1134206e-05
100 105 45972495 0.00046123993 5816393.8 5.8355612e-05
105 110 49794335 0.00049958428 6408309.6 6.4294276e-05
110 115 53734115 0.00053911191 7129727.2 7.1532226e-05
115 120 57694330 0.00057884457 7802506.4 7.8282189e-05
120 125 61861877 0.00062065738 8544091.9 8.5722482e-05
125 130 66028020 0.0006624561 9147497.8 9.1776425e-05
130 135 70282903 0.00070514514 9768275.5 9.800466e-05
135 140 74586529 0.00074832322 10857947 0.00010893728
140 145 78922359 0.00079182441 11680642 0.00011719134
145 150 83329863 0.00083604469 12394981 0.00012435828
150 155 87834110 0.00088123559 13109482 0.00013152683
155 160 92362193 0.00092666564 14092096 0.00014138536
160 165 96931747 0.00097251177 14936489 0.00014985711
165 170 1.015109e+08 0.0010184542 15418691 0.00015469502
170 175 1.0597316e+08 0.0010632238 16197972 0.00016251351
175 180 1.1058313e+08 0.0011094754 16876764 0.0001693238
180 185 1.1533086e+08 0.0011571093 17337812 0.00017394947
185 190 1.1998533e+08 0.0012038073 18206478 0.00018266475
190 195 1.2471285e+08 0.0012512383 18829911 0.00018891963
195 200 1.2943982e+08 0.0012986638 19604988 0.00019669595
