0 5 602643.99 6.0527012e-06 -178.22125 -1.7899788e-09
5 10 885243.99 8.8910159e-06 -13285.893 -1.3343789e-07
10 15 1242324 1.2477376e-05 -18208.239 -1.8287585e-07
15 20 1720802 1.7283007e-05 -36066.042 -3.6223206e-07
20 25 2415960 2.426488e-05 -60175.858 -6.0438085e-07
25 30 3539724 3.555149e-05 -42283.041 -4.2467296e-07
30 35 5473696 5.4975486e-05 110739.74 1.1122231e-06
35 40 7675737.9 7.7091863e-05 273993.48 2.7518745e-06
40 45 9714600 9.7569331e-05 499347.17 5.0152317e-06
45 50 11859798 0.00011911479 801864.61 8.0535887e-06
50 55 14154428 0.00014216109 1045745.1 1.0503022e-05
55 60 16631778 0.00016704254 1352772.3 1.3586673e-05
60 65 19314372 0.00019398538 1677353.1 1.6846624e-05
65 70 22227866 0.00022324728 1936467.6 1.9449061e-05
70 75 25220018 0.00025329919 2370561.5 2.3808916e-05
75 80 28367448 0.00028491064 2873802.5 2.8863256e-05
80 85 31694272 0.00031832386 3360594.9 3.3752393e-05
85 90 35138980 0.00035292105 3958609.2 3.9758595e-05
90 95 38648516 0.00038816934 4406425.5 4.4256273e-05
95 100 42269552 0.00042453749 5074268.6 5.0963807e-05
100 105 46021439 0.00046221986 5670292.7 5.695002e-05
105 110 49862612 0.00050079897 6212565.9 6.2396383e-05
110 115 53757601 0.00053991859 6859284.1 6.8891747e-05
115 120 57840367 0.00058092417 7676825.9 7.710279e-05
120 125 61941635 0.00062211557 8592518 8.6299614e-05
125 130 66137517 0.00066425723 9390279.8 9.4311996e-05
130 135 70342975 0.00070649507 10023027 0.00010066705
135 140 74679895 0.00075005326 10738299 0.00010785093
140 145 79034579 0.00079378987 11561504 0.00011611886
145 150 83420500 0.0008378402 12442730 0.00012496952
150 155 87835681 0.00088218441 13338638 0.00013396763
155 160 92375512 0.00092778055 14271586 0.00014333777
160 165 97023965 0.00097446764 15024842 0.00015090316
165 170 1.0161262e+08 0.0010205541 15781417 0.00015850187
170 175 1.0613837e+08 0.0010660088 16473447 0.00016545233
175 180 1.1075476e+08 0.001112374 17116826 0.00017191416
180 185 1.1546906e+08 0.0011597224 17900541 0.00017978545
185 190 1.2011582e+08 0.0012063925 18419194 0.00018499459
190 195 1.2477129e+08 0.00125315 19058481 0.00019141532
195 200 1.2944861e+08 0.0013001271 20013746 0.00020100959
