0 5 606952.02 6.0498665e-06 -690.31827 -6.8808296e-09
5 10 888534 8.8565685e-06 -28367.931 -2.8276074e-07
10 15 1253552 1.2494929e-05 -37499.305 -3.7377879e-07
15 20 1737772 1.7321449e-05 -35021.481 -3.4908078e-07
20 25 2449414 2.4414826e-05 -36004.356 -3.5887771e-07
25 30 3565790 3.5542436e-05 -41181.646 -4.1048296e-07
30 35 5485908.1 5.4681443e-05 56042.095 5.5860626e-07
35 40 7704018.2 7.6790719e-05 334903.23 3.3381879e-06
40 45 9736611.8 9.7050838e-05 543733.81 5.4197316e-06
45 50 11877222 0.00011838763 814942.18 8.1230333e-06
50 55 14222360 0.00014176307 1086866.5 1.0833471e-05
55 60 16746582 0.00016692355 1291357.5 1.2871759e-05
60 65 19439068 0.00019376123 1631172.8 1.6258909e-05
65 70 22287216 0.00022215048 1961206 1.9548554e-05
70 75 25305358 0.00025223417 2480210.2 2.4721791e-05
75 80 28459378 0.00028367224 2870014.6 2.8607212e-05
80 85 31770570 0.00031667694 3396430 3.385432e-05
85 90 35214114 0.00035100088 4051842.1 4.0387219e-05
90 95 38753582 0.00038628094 4697371.1 4.6821606e-05
95 100 42383416 0.00042246175 5282230.4 5.265126e-05
100 105 46167734 0.00046018239 5831707.8 5.8128242e-05
105 110 50066328 0.00049904209 6392339.1 6.3716402e-05
110 115 54061208 0.00053886153 7105687.3 7.0826785e-05
115 120 58106785 0.0005791863 7914771.7 7.889143e-05
120 125 62217133 0.00062015669 8669049.1 8.640978e-05
125 130 66459113 0.00066243913 9482809.4 9.4521032e-05
130 135 70710858 0.0007048189 10150321 0.00010117453
135 140 75015125 0.0007477222 10934395 0.00010898989
140 145 79365286 0.00079108294 11818103 0.00011779835
145 150 83800585 0.00083529232 12704390 0.00012663252
150 155 88320820 0.00088034829 13629552 0.00013585419
155 160 92818278 0.00092517724 14245913 0.00014199784
160 165 97396877 0.00097081497 14887088 0.00014838882
165 170 1.0205424e+08 0.0010172378 15639189 0.00015588548
170 175 1.0674231e+08 0.0010639667 16566261 0.00016512618
175 180 1.1133312e+08 0.0011097262 17282776 0.00017226812
180 185 1.1609243e+08 0.0011571651 17928879 0.00017870824
185 190 1.2079523e+08 0.0012040409 18851938 0.00018790894
190 195 1.2548468e+08 0.0012507835 19603216 0.00019539739
195 200 1.3011647e+08 0.0012969514 20175753 0.00020110422
