0 5 600877.99 6.0932966e-06 8419.9532 8.5383842e-08
5 10 878522 8.9087887e-06 -20208.048 -2.0492285e-07
10 15 1237290 1.2546931e-05 -38872.415 -3.9419176e-07
15 20 1709942 1.7339932e-05 -54740.858 -5.5510816e-07
20 25 2397664 2.4313884e-05 -75009.426 -7.6064473e-07
25 30 3495010 3.5441691e-05 -32586.717 -3.3045067e-07
30 35 5402268 5.4782538e-05 151631.29 1.5376406e-06
35 40 7607834.1 7.7148423e-05 437114.16 4.432624e-06
40 45 9617332 9.7526048e-05 621719.8 6.3046461e-06
45 50 11715264 0.00011880045 777791.42 7.8873147e-06
50 55 13971080 0.00014167591 970325.04 9.8397317e-06
55 60 16468580 0.00016700219 1294319.6 1.3125249e-05
60 65 19138822 0.0001940802 1719238.7 1.7434207e-05
65 70 21939756 0.0002224835 2058818.6 2.087777e-05
70 75 24922580 0.00025273129 2553430.4 2.5893457e-05
75 80 28000676 0.0002839452 3030624.3 3.0732516e-05
80 85 31265642 0.0003170541 3427958.4 3.4761744e-05
85 90 34675060 0.00035162783 3970878.7 4.0267312e-05
90 95 38194548 0.00038731774 4525130.1 4.5887784e-05
95 100 41793882 0.00042381735 5159941 5.2325183e-05
100 105 45484064 0.00046123821 5848886.2 5.9311539e-05
105 110 49301275 0.00049994723 6405609 6.4957072e-05
110 115 53248696 0.00053997667 7131815.9 7.2321286e-05
115 120 57239755 0.00058044862 7865156.1 7.9757837e-05
120 125 61247410 0.00062108887 8532910.1 8.6529299e-05
125 130 65353140 0.00066272366 9347597 9.4790758e-05
130 135 69543149 0.0007052131 9928632.6 0.00010068284
135 140 73811163 0.00074849356 10807550 0.00010959563
140 145 78161540 0.00079260923 11499246 0.00011660989
145 150 82601889 0.00083763728 12349762 0.00012523467
150 155 86980924 0.00088204356 13115715 0.00013300194
155 160 91506585 0.00092793673 13849851 0.00014044657
160 165 95957607 0.00097307301 14560244 0.00014765042
165 170 1.0052598e+08 0.0010193993 15282570 0.00015497528
170 175 1.0519858e+08 0.0010667825 16205285 0.00016433221
175 180 1.0986431e+08 0.0011140961 17055441 0.00017295334
180 185 1.1447373e+08 0.0011608386 17824090 0.00018074796
185 190 1.19101e+08 0.0012077622 18415690 0.00018674717
190 195 1.2366887e+08 0.0012540834 18791514 0.00019055826
195 200 1.2838908e+08 0.0013019494 19612022 0.00019887875
