0 5 598171.98 6.0653536e-06 3121.7261 3.1653727e-08
5 10 876466.01 8.8872038e-06 -7443.5316 -7.5476038e-08
10 15 1238742 1.2560616e-05 -19161.954 -1.9429868e-07
15 20 1712300 1.7362407e-05 -44036.141 -4.4651836e-07
20 25 2394550 2.4280296e-05 -52123.302 -5.2852068e-07
25 30 3496518 3.5454048e-05 -20139.82 -2.0421407e-07
30 35 5407259.9 5.4828619e-05 107462.26 1.0896476e-06
35 40 7606238 7.7125852e-05 381809.92 3.8714823e-06
40 45 9618678.2 9.7531624e-05 622096.71 6.307946e-06
45 50 11728510 0.00011892493 837188.77 8.4889398e-06
50 55 14010004 0.00014205886 1105706.2 1.1211658e-05
55 60 16507222 0.00016738019 1403193.6 1.4228124e-05
60 65 19167250 0.00019435238 1667252 1.6905628e-05
65 70 21969838 0.00022277011 1983130.2 2.0108575e-05
70 75 24941382 0.00025290102 2410029.8 2.4437258e-05
75 80 28034792 0.00028426762 2806245.1 2.8454808e-05
80 85 31282326 0.00031719702 3394837.1 3.4423022e-05
85 90 34638074 0.00035122369 3897120 3.9516079e-05
90 95 38151460 0.00038684877 4473599.1 4.5361471e-05
95 100 41787736 0.00042371994 5168094.3 5.2403524e-05
100 105 45505555 0.00046141795 5713395.2 5.7932774e-05
105 110 49334826 0.00050024604 6474002.3 6.5645191e-05
110 115 53264769 0.00054009494 7030140.5 7.128433e-05
115 120 57213667 0.00058013604 7633873.9 7.7406075e-05
120 125 61280471 0.00062137268 8533114.4 8.6524208e-05
125 130 65331736 0.00066245176 9208037.2 9.33678e-05
130 135 69543207 0.0007051553 9959383.4 0.00010098631
135 140 73797680 0.00074829488 10719612 0.00010869489
140 145 78073654 0.00079165247 11668821 0.0001183197
145 150 82437800 0.0008359041 12318197 0.00012490425
150 155 86746260 0.0008795911 13168377 0.00013352492
155 160 91261934 0.00092537919 13938528 0.00014133411
160 165 95738828 0.00097077407 14417057 0.0001461863
165 170 1.0026875e+08 0.0010167067 15229053 0.00015441979
170 175 1.0482333e+08 0.0010628893 16091231 0.00016316212
175 180 1.094641e+08 0.0011099458 16830576 0.00017065893
180 185 1.140889e+08 0.0011568404 17543973 0.00017789265
185 190 1.1870123e+08 0.0012036086 18241644 0.00018496691
190 195 1.23312e+08 0.001250361 18909706 0.00019174093
195 200 1.2791962e+08 0.0012970814 19447288 0.00019719192
