0 5 600278.01 6.0623604e-06 -2164.0692 -2.1855486e-08
5 10 880274.01 8.8901114e-06 -20253.238 -2.0454261e-07
10 15 1239120 1.2514188e-05 -39462.024 -3.9853703e-07
15 20 1714788 1.7318081e-05 -42316.223 -4.2736231e-07
20 25 2412420 2.4363644e-05 -64079.034 -6.4715048e-07
25 30 3523982 3.5589592e-05 -31495.366 -3.1807972e-07
30 35 5424812 5.4786558e-05 121470.21 1.2267586e-06
35 40 7602618.1 7.6780776e-05 374027.3 3.777397e-06
40 45 9629428.1 9.7250046e-05 607857.98 6.1389125e-06
45 50 11756384 0.00011873071 832888.62 8.4115542e-06
50 55 14024572 0.00014163772 1040985.1 1.0513173e-05
55 60 16514742 0.00016678658 1376817.3 1.3904829e-05
60 65 19155874 0.00019346005 1715801.7 1.7328318e-05
65 70 21962018 0.00022180001 2073169.2 2.0937463e-05
70 75 24927418 0.00025174834 2501979.7 2.526813e-05
75 80 28019740 0.00028297849 2968977.9 2.9984464e-05
80 85 31297558 0.000316082 3420590.8 3.4545418e-05
85 90 34686832 0.00035031115 4035990.4 4.0760495e-05
90 95 38257000 0.00038636718 4585322.2 4.6308336e-05
95 100 41874748 0.00042290374 5189980.7 5.2414936e-05
100 105 45611250 0.00046063962 5831569.3 5.8894503e-05
105 110 49427286 0.00049917874 6436885.2 6.5007742e-05
110 115 53302320 0.0005383137 7118430.1 7.1890838e-05
115 120 57292230 0.00057860882 7800780.2 7.8782065e-05
120 125 61336471 0.00061945264 8585297.6 8.6705107e-05
125 130 65476279 0.00066126161 9454941.9 9.5487866e-05
130 135 69723559 0.00070415598 10201714 0.00010302971
135 140 73961075 0.00074695172 10994543 0.00011103669
140 145 78271425 0.00079048305 11644575 0.00011760153
145 150 82729613 0.00083550743 12411280 0.00012534468
150 155 87247630 0.00088113603 13430708 0.00013564014
155 160 91667036 0.00092576874 14088016 0.00014227846
160 165 96220528 0.00097175561 15004563 0.00015153491
165 170 1.0069198e+08 0.001016914 15665480 0.00015820967
170 175 1.0523981e+08 0.0010628436 16405192 0.00016568021
175 180 1.0997882e+08 0.0011107041 17045191 0.00017214373
180 185 1.1455745e+08 0.0011569449 17904751 0.00018082464
185 190 1.1930224e+08 0.0012048637 18441324 0.00018624362
190 195 1.2401961e+08 0.0012525056 19183621 0.00019374027
195 200 1.2868988e+08 0.0012996719 19815375 0.00020012052
