0 5 603166.02 6.0494673e-06 3741.0033 3.7520478e-08
5 10 883526 8.8613442e-06 -13856.575 -1.3897483e-07
10 15 1246704 1.2503846e-05 -38394.074 -3.8507424e-07
15 20 1731900 1.7370131e-05 -51611.465 -5.1763837e-07
20 25 2420788 2.4279348e-05 -52589.234 -5.2744493e-07
25 30 3557302 3.5678042e-05 -30381.218 -3.0470912e-07
30 35 5503006 5.5192525e-05 85537.231 8.5789761e-07
35 40 7728395.9 7.7512123e-05 356494.11 3.5754658e-06
40 45 9749506.1 9.7782894e-05 633836.09 6.3570735e-06
45 50 11873370 0.00011908424 865845.14 8.6840136e-06
50 55 14196232 0.00014238143 1143543.1 1.1469192e-05
55 60 16694866 0.00016744154 1435310.6 1.439548e-05
60 65 19335632 0.00019392716 1724650.7 1.7297423e-05
65 70 22150616 0.00022216011 2014916.6 2.0208652e-05
70 75 25209244 0.00025283669 2562001.1 2.5695649e-05
75 80 28389886 0.00028473701 3060657.8 3.0696938e-05
80 85 31619712 0.00031713062 3527326.6 3.5377403e-05
85 90 35068344 0.00035171876 4049314.2 4.0612689e-05
90 95 38674730 0.00038788909 4696813.2 4.7106795e-05
95 100 42332888 0.00042457867 5319428.6 5.3351331e-05
100 105 46042823 0.00046178754 5851424.9 5.8687e-05
105 110 49881707 0.00050028972 6514633.2 6.5338662e-05
110 115 53904763 0.00054063906 7220164.2 7.2414802e-05
115 120 57940791 0.00058111849 7938485.2 7.9619218e-05
120 125 62002690 0.0006218574 8637556.7 8.6630572e-05
125 130 66142017 0.00066337288 9266407.8 9.2937649e-05
130 135 70341331 0.00070548998 10129776 0.00010159682
135 140 74573672 0.00074793835 10974225 0.00011006624
140 145 78999231 0.00079232459 11909235 0.00011944394
145 150 83471824 0.00083718257 12607759 0.00012644981
150 155 88050652 0.00088310603 13244140 0.0001328324
155 160 92616505 0.00092889935 13847651 0.00013888533
160 165 97125117 0.00097411858 14801216 0.00014844914
165 170 1.0168502e+08 0.0010198522 15541704 0.00015587588
170 175 1.0632137e+08 0.0010663526 16202138 0.00016249971
175 180 1.1094816e+08 0.0011127571 17212815 0.00017263632
180 185 1.1571948e+08 0.0011606112 17877735 0.00017930515
185 190 1.2055107e+08 0.0012090697 18504000 0.00018558629
190 195 1.2529063e+08 0.0012566052 19169205 0.00019225797
195 200 1.2994493e+08 0.0013032856 19839867 0.00019898439
