0 5 599110.01 6.0453378e-06 15605.84 1.574712e-07
5 10 875147.98 8.8307074e-06 -12643.664 -1.2758127e-07
10 15 1239500 1.2507213e-05 -26058.413 -2.6294321e-07
15 20 1718112 1.7336662e-05 -36685.049 -3.701716e-07
20 25 2408558 2.4303628e-05 -34502.827 -3.4815183e-07
25 30 3527148 3.5590794e-05 -25852.371 -2.6086414e-07
30 35 5431746.1 5.4809199e-05 125112.72 1.2624537e-06
35 40 7599063.9 7.6678586e-05 325286.18 3.2823101e-06
40 45 9635068.1 9.7222948e-05 621765.78 6.2739466e-06
45 50 11730338 0.00011836533 843738.57 8.5137697e-06
50 55 14005704 0.00014132498 1026146.1 1.0354358e-05
55 60 16476458 0.0001662562 1285118.8 1.2967531e-05
60 65 19091080 0.00019263912 1595872.2 1.6103198e-05
65 70 21928898 0.00022127421 1983065.2 2.001018e-05
70 75 24904516 0.00025129978 2478054.1 2.5004881e-05
75 80 28031808 0.00028285581 2925252.1 2.9517345e-05
80 85 31293440 0.00031576741 3411020.9 3.441901e-05
85 90 34642256 0.00034955874 3838335.5 3.8730841e-05
90 95 38117116 0.00038462192 4464533.2 4.5049508e-05
95 100 41746552 0.00042124485 5107315.7 5.1535525e-05
100 105 45466045 0.00045877651 5759987 5.8121324e-05
105 110 49266659 0.00049712672 6507128.9 6.5660383e-05
110 115 53140462 0.00053621545 7056711.5 7.1205963e-05
115 120 57133506 0.00057650738 7737745.5 7.8077957e-05
120 125 61145868 0.00061699424 8353445.7 8.4290698e-05
125 130 65205985 0.00065796298 8987299.7 9.0686621e-05
130 135 69359176 0.00069987087 9876845.6 9.9662612e-05
135 140 73611966 0.00074278379 10789772 0.00010887452
140 145 77871809 0.00078576786 11612830 0.00011717961
145 150 82169924 0.00082913813 12446284 0.00012558961
150 155 86561581 0.00087345227 13231383 0.00013351168
155 160 91049873 0.00091874152 13964540 0.00014090962
160 165 95562048 0.00096427176 14571979 0.000147039
165 170 1.0007334e+08 0.0010097931 15489217 0.00015629441
170 175 1.0459268e+08 0.0010553957 16078654 0.00016224215
175 180 1.0903286e+08 0.0011001994 16727530 0.00016878965
180 185 1.1353997e+08 0.0011456785 17606034 0.00017765422
185 190 1.1812897e+08 0.001191984 18311276 0.00018477049
190 195 1.2274076e+08 0.0012385193 19052096 0.00019224575
195 200 1.2739317e+08 0.0012854647 19686136 0.00019864355
