0 5 598428.01 6.0441762e-06 -1503.5047 -1.5185531e-08
5 10 871167.99 8.7988743e-06 -21843.87 -2.2062504e-07
10 15 1240102 1.2525141e-05 -29944.91 -3.0244626e-07
15 20 1726608 1.7438894e-05 -42519.68 -4.2945256e-07
20 25 2424558 2.4488252e-05 -66234.193 -6.6897126e-07
25 30 3536272 3.5716662e-05 1731.0838 1.7484101e-08
30 35 5431032 5.4853907e-05 138901.52 1.4029178e-06
35 40 7645470.1 7.7219929e-05 339219 3.4261422e-06
40 45 9651423.9 9.7480242e-05 546931.26 5.5240545e-06
45 50 11764438 0.00011882187 737313.76 7.4469346e-06
50 55 14050864 0.00014191498 1008644.8 1.0187402e-05
55 60 16537600 0.00016703123 1294925.9 1.3078867e-05
60 65 19188398 0.00019380453 1689028.8 1.7059341e-05
65 70 22074548 0.0002229549 2052235.3 2.072776e-05
70 75 25042596 0.00025293245 2448234.4 2.4727386e-05
75 80 28159362 0.00028441206 2882315.7 2.9111645e-05
80 85 31396728 0.00031710975 3410418.1 3.4445526e-05
85 90 34787978 0.00035136168 3957128.2 3.9967347e-05
90 95 38294090 0.00038677372 4559380.8 4.6050153e-05
95 100 41920512 0.0004234009 5096230.2 5.1472379e-05
100 105 45713385 0.00046170926 5761410.8 5.8190762e-05
105 110 49491799 0.00049987158 6330979.8 6.394346e-05
110 115 53340890 0.00053874774 6926797.3 6.996127e-05
115 120 57362609 0.00057936746 7791654.2 7.8696402e-05
120 125 61426547 0.0006204136 8614336.4 8.7005565e-05
125 130 65539513 0.00066195492 9373008.5 9.4668221e-05
130 135 69734517 0.00070432483 10129253 0.00010230636
135 140 73990599 0.00074731164 10903097 0.00011012225
140 145 78338950 0.00079123038 11555229 0.00011670884
145 150 82731719 0.00083559773 12205282 0.00012327443
150 155 87128911 0.00088000976 12952879 0.00013082523
155 160 91654669 0.00092572032 13953638 0.00014093299
160 165 96173803 0.00097136398 14931184 0.00015080629
165 170 1.0074487e+08 0.0010175322 15642725 0.00015799292
170 175 1.0529517e+08 0.0010634906 16131362 0.00016292819
175 180 1.0979796e+08 0.0011089691 16724570 0.00016891965
180 185 1.1444539e+08 0.0011559086 17549621 0.00017725274
185 190 1.1917255e+08 0.0012036534 18280410 0.00018463377
190 195 1.2380956e+08 0.0012504875 19106784 0.00019298022
195 200 1.2849497e+08 0.0012978107 19861000 0.00020059787
