0 5 601336.01 6.10206e-06 6389.1409 6.4833838e-08
5 10 876341.99 8.8926845e-06 -6453.6006 -6.5487942e-08
10 15 1237376 1.2556279e-05 -20211.4 -2.0509528e-07
15 20 1713644 1.7389211e-05 -11067.941 -1.1231199e-07
20 25 2399508 2.4349019e-05 -1763.3361 -1.7893462e-08
25 30 3508312 3.5600612e-05 6483.1002 6.5787289e-08
30 35 5409750.1 5.4895465e-05 71912.114 7.2972852e-07
35 40 7584208.2 7.6960789e-05 294968.54 2.9931946e-06
40 45 9573246 9.7144559e-05 593799.66 6.0255849e-06
45 50 11697822 0.00011870371 765293.11 7.7658154e-06
50 55 13998964 0.00014205455 1114518.4 1.1309581e-05
55 60 16490238 0.00016733477 1440111.6 1.461354e-05
60 65 19124662 0.0001940676 1731628.8 1.7571711e-05
65 70 21883462 0.00022206253 2066191.5 2.0966688e-05
70 75 24852286 0.00025218869 2455390.3 2.4916084e-05
75 80 27975232 0.0002838788 2924147.8 2.9672804e-05
80 85 31218708 0.00031679199 3361013 3.4105895e-05
85 90 34629724 0.00035140529 4000156.7 4.0591609e-05
90 95 38078810 0.0003864049 4558556 4.6257969e-05
95 100 41728472 0.00042343987 5176709.6 5.2530685e-05
100 105 45419136 0.0004608909 5710600.2 5.7948343e-05
105 110 49244247 0.00049970623 6346404.6 6.4400171e-05
110 115 53084533 0.00053867555 6986783.7 7.089842e-05
115 120 57028130 0.00057869322 7634765.4 7.7473818e-05
120 125 61050683 0.0006195121 8354754.6 8.4779912e-05
125 130 65204398 0.00066166194 9077230.2 9.2111236e-05
130 135 69392027 0.00070415592 9899056.5 0.00010045072
135 140 73722956 0.00074810405 10838560 0.00010998434
140 145 78048039 0.00079199285 11630339 0.00011801892
145 150 82404645 0.00083620152 12259802 0.0001244064
150 155 86818438 0.00088099051 13017184 0.00013209193
155 160 91283960 0.00092630442 13746609 0.00013949378
160 165 95733566 0.00097145681 14403978 0.00014616443
165 170 1.0033622e+08 0.0010181622 15060150 0.00015282295
170 175 1.0481665e+08 0.0010636275 15887846 0.00016122199
175 180 1.0947624e+08 0.0011109107 16722090 0.00016968748
180 185 1.1411948e+08 0.001158028 17562639 0.00017821696
185 190 1.1873887e+08 0.0012049032 18201132 0.00018469608
190 195 1.233764e+08 0.0012519626 18840017 0.00019117916
195 200 1.2800055e+08 0.0012988862 19609968 0.00019899224
