0 5 601796.01 6.1152962e-06 2300.6503 2.3378616e-08
5 10 879731.99 8.9396101e-06 -22041.673 -2.2398181e-07
10 15 1240648 1.2607146e-05 -34368.741 -3.492463e-07
15 20 1711192 1.7388693e-05 -50178.458 -5.0990057e-07
20 25 2410854 2.4498478e-05 -47831.302 -4.8604938e-07
25 30 3532650 3.589788e-05 -16989.348 -1.7264138e-07
30 35 5450312 5.5384668e-05 96769.312 9.8334485e-07
35 40 7659282.1 7.7831653e-05 337508.95 3.4296791e-06
40 45 9715024 9.8721573e-05 675010.37 6.8592816e-06
45 50 11842274 0.00012033814 867758.45 8.817938e-06
50 55 14110982 0.00014339217 1068856.2 1.0861442e-05
55 60 16618178 0.00016886965 1304270.6 1.3253662e-05
60 65 19254754 0.00019566186 1622290.8 1.6485302e-05
65 70 22055488 0.0002241222 2039592.2 2.0725812e-05
70 75 25027802 0.00025432608 2472169.8 2.5121553e-05
75 80 28199328 0.00028655432 2938956.9 2.9864924e-05
80 85 31495048 0.00032004457 3456352.9 3.5122569e-05
85 90 34912672 0.00035477359 3946538 4.0103704e-05
90 95 38442312 0.00039064088 4381431.7 4.4522981e-05
95 100 42053878 0.00042734069 5039880.6 5.1213969e-05
100 105 45783560 0.00046524076 5646548.1 5.7378769e-05
105 110 49543104 0.00050344427 6285114.7 6.3867718e-05
110 115 53502695 0.00054368062 7048910.7 7.1629217e-05
115 120 57461364 0.0005839076 7840529 7.9673438e-05
120 125 61577033 0.00062572996 8552120.2 8.6904445e-05
125 130 65678819 0.00066741126 9170953.1 9.3192866e-05
130 135 69918427 0.00071049306 9846963.9 0.00010006231
135 140 74119541 0.0007531837 10611292 0.00010782922
140 145 78381934 0.00079649705 11521972 0.00011708331
145 150 82700280 0.00084037897 12363757 0.00012563731
150 155 87073011 0.00088481353 13121648 0.00013333881
155 160 91509469 0.00092989568 13803417 0.00014026677
160 165 96014230 0.0009756719 14621997 0.00014858497
165 170 1.005888e+08 0.0010221575 15329623 0.00015577568
170 175 1.0520789e+08 0.0010690955 16111500 0.00016372092
175 180 1.0979073e+08 0.0011156652 16802721 0.00017074493
180 185 1.1446334e+08 0.001163147 17484228 0.00017767022
185 190 1.1894905e+08 0.0012087296 18031706 0.00018323355
190 195 1.2360547e+08 0.001256047 18850917 0.00019155817
195 200 1.2818822e+08 0.0013026157 19365523 0.00019678746
