2.5	12.379832095999989	0.010705180576467835	2.3456946006e-310	0.0	0.0	0.0
7.5	2.0836273785999997	0.0021301386169360133	1.876214e-318	0.0	1.87411e-318	0.0
12.5	0.6053698785800005	0.0011212727316594214	1.870157e-318	0.0	1.868215e-318	0.0
17.5	0.11423099370000003	0.0007306967956566598	1.86458e-318	0.0	1.86282e-318	0.0
22.5	-0.08264119701000003	0.000554397950641034	1.859357e-318	0.0	1.857494e-318	0.0
27.5	-0.12848663959999995	0.00048633004128784834	1.85416e-318	0.0	1.852667e-318	0.0
32.5	-0.04683028846800007	0.0005171686416089023	1.84928e-318	0.0	1.8478e-318	0.0
37.5	0.010842945629000005	0.00047583908822175654	1.84461e-318	0.0	1.843137e-318	0.0
42.5	0.008406714135	0.0003988159868521668	1.84028e-318	0.0	1.83869e-318	0.0
47.5	0.0036844735345999994	0.00035983763178418714	1.83581e-318	0.0	1.834387e-318	0.0
52.5	0.0020282023244	0.00033058668142886565	1.83197e-318	0.0	1.830395e-318	0.0
57.5	0.0013510785585739997	0.000298540229169515	1.82778e-318	0.0	1.82667e-318	0.0
62.5	0.000956077229599999	0.00026135727717619057	1.824293e-318	0.0	1.82293e-318	0.0
67.5	0.0005700382265479996	0.00024191822478794315	1.820617e-318	0.0	1.819417e-318	0.0
72.5	7.476806402539994e-05	0.00022813809557601234	1.81735e-318	0.0	1.815676e-318	0.0
77.5	-0.0004289262366724003	0.00020448002925382256	1.81376e-318	0.0	1.812544e-318	0.0
82.5	-0.0006789018193039998	0.00019155388188289162	1.810425e-318	0.0	1.809357e-318	0.0
87.5	-0.00038701279072559996	0.00019007617771635087	1.807673e-318	0.0	1.806867e-318	0.0
92.5	0.00039060336114079983	0.00017246899141579338	1.804595e-318	0.0	1.803745e-318	0.0
97.5	0.00122035808222	0.0001647818112322675	1.80202e-318	0.0	1.801e-318	0.0
102.5	0.001603218557200001	0.00016282000391544196	1.799367e-318	0.0	1.79847e-318	0.0
107.5	0.0013404750589600001	0.00014895239514885322	1.796843e-318	0.0	1.79592e-318	0.0
112.5	0.0006714901658199993	0.00015095089745271597	1.794367e-318	0.0	1.793374e-318	0.0
117.5	-5.6521351566800104e-06	0.0001435623377787514	1.79199e-318	0.0	1.791467e-318	0.0
122.5	-0.0003918306381339997	0.00012906698543138344	1.790005e-318	0.0	1.78926e-318	0.0
127.5	-0.00046068044832000036	0.0001277514373298827	1.78782e-318	0.0	1.78732e-318	0.0
132.5	-0.00035373623894302016	0.00012489215918885782	1.78576e-318	0.0	1.78539e-318	0.0
137.5	-0.00021781157232459984	0.00012181445678907874	1.7839e-318	0.0	1.78332e-318	0.0
142.5	-0.00010959896211848594	0.00011310928360061703	1.78221e-318	0.0	1.7816e-318	0.0
147.5	-5.6219932249320016e-05	0.00010438798343422323	1.780543e-318	0.0	1.77993e-318	0.0
152.5	-3.342033029705998e-05	0.00010518183334142855	1.77897e-318	0.0	1.7782e-318	0.0
157.5	-1.5576716999944e-05	0.00010372962550546536	1.777174e-318	0.0	1.777055e-318	0.0
162.5	-1.104726088199999e-06	0.00010869703361635134	1.77562e-318	0.0	1.77561e-318	0.0
167.5	-4.89809413608e-06	0.00010440437485368669	1.77452e-318	0.0	1.77419e-318	0.0
172.5	-1.6362927383428e-05	9.268306639194383e-05	1.77324e-318	0.0	1.77308e-318	0.0
177.5	-1.298394391999999e-05	8.955360187284562e-05	1.77198e-318	0.0	1.771734e-318	0.0
182.5	-3.9791759952619985e-06	9.389025203825028e-05	1.7711e-318	0.0	1.770623e-318	0.0
187.5	5.1469127440399955e-06	9.099108614267334e-05	1.76988e-318	0.0	1.76962e-318	0.0
192.5	1.2434132190004e-05	8.51355760985918e-05	1.768725e-318	0.0	1.768533e-318	0.0
197.5	1.5763408390368006e-05	8.082639676241627e-05	1.76803e-318	0.0	1.767545e-318	0.0
