2.5 1.9065917 0
7.5 0.57715415 0
12.5 0.25404516 0
17.5 0.14170819 0
22.5 0.082652847 0
27.5 0.057251966 0
32.5 0.038650207 0
37.5 0.026805888 0
42.5 0.018667516 0
47.5 0.014388526 0
52.5 0.0090547368 0
57.5 0.007873893 0
62.5 0.0074070171 0
67.5 0.0057694035 0
72.5 0.0048440024 0
77.5 0.0037576721 0
82.5 0.0030684267 0
87.5 0.0039339849 0
92.5 0.0047055366 0
97.5 0.0042434942 0
102.5 0.0043274934 0
107.5 0.0036602501 0
112.5 0.0033688606 0
117.5 0.003137229 0
122.5 0.002339465 0
127.5 0.0026394801 0
132.5 0.0032059138 0
137.5 0.0021724603 0
142.5 0.0024788708 0
147.5 0.0021134571 0
152.5 0.0018685894 0
157.5 0.0024931196 0
162.5 0.0023957712 0
167.5 0.0020646304 0
172.5 0.0019443542 0
177.5 0.0024265212 0
182.5 0.0023702755 0
187.5 0.00223424 0
192.5 0.0018483427 0
197.5 0.0016480028 0
