2.5 1.9530412 0
7.5 0.58635672 0
12.5 0.25670196 0
17.5 0.13945281 0
22.5 0.084969658 0
27.5 0.055475052 0
32.5 0.036304035 0
37.5 0.024522186 0
42.5 0.018991544 0
47.5 0.014556832 0
52.5 0.013152233 0
57.5 0.010469543 0
62.5 0.0073942152 0
67.5 0.0076102921 0
72.5 0.0071142651 0
77.5 0.0048664046 0
82.5 0.004652489 0
87.5 0.0058832402 0
92.5 0.0053491254 0
97.5 0.0045854303 0
102.5 0.0047583001 0
107.5 0.0045749949 0
112.5 0.0042297401 0
117.5 0.0037904033 0
122.5 0.0038949834 0
127.5 0.0032038975 0
132.5 0.0020896497 0
137.5 0.0023768264 0
142.5 0.0013380672 0
147.5 0.0019109663 0
152.5 0.0011042203 0
157.5 0.0013275878 0
162.5 0.00085220432 0
167.5 0.0013177626 0
172.5 0.001770684 0
177.5 0.0012337183 0
182.5 0.00082997699 0
187.5 0.0013562665 0
192.5 0.0014089322 0
197.5 0.001522324 0
