2.5 1.9336257 0.053129012
7.5 0.57763378 -0.01623682
12.5 0.25190547 -0.0526787
17.5 0.14113994 -0.039636099
22.5 0.085692724 -0.028782702
27.5 0.058677264 -0.019140716
32.5 0.041164725 -0.016510478
37.5 0.029805734 -0.013550689
42.5 0.020669561 -0.0082652772
47.5 0.015849737 -0.0068752408
52.5 0.01429833 -0.00397649
57.5 0.011391256 -0.0053179317
62.5 0.0092984783 -0.0049115178
67.5 0.007678023 -0.0038332755
72.5 0.0058894741 -0.0030342682
77.5 0.0040641075 -0.0043071775
82.5 0.003992908 -0.0032122388
87.5 0.0043263674 -0.0016011459
92.5 0.0046738761 -0.00075307401
97.5 0.0057796071 0.00033045342
102.5 0.0051311859 0.0020264294
107.5 0.0055534615 0.0013221922
112.5 0.0048315311 0.0021112762
117.5 0.005125886 0.0027117358
122.5 0.0038945215 0.0019937828
127.5 0.0041012019 0.0010020448
132.5 0.0032019647 0.00080930931
137.5 0.0025551056 0.000759249
142.5 0.0029124095 0.00080088815
147.5 0.0025448609 0.00019383335
152.5 0.0019109083 0.0011288975
157.5 0.002364973 0.00084817339
162.5 0.0022617901 0.0022566124
167.5 0.0022755033 0.0026149638
172.5 0.0028064205 0.0021025294
177.5 0.0024927082 0.0018774536
182.5 0.0025578014 0.0019745414
187.5 0.0020771921 0.0016994201
192.5 0.0022505987 0.0012450965
197.5 0.0022535788 0.0018335306
