2.5 1.9330342 0.12411291
7.5 0.58278058 0.0098800492
12.5 0.25977822 -0.054460656
17.5 0.14191475 -0.045822505
22.5 0.087923274 -0.030427159
27.5 0.060375398 -0.023495935
32.5 0.041422707 -0.011975819
37.5 0.030531539 -0.014961641
42.5 0.024118624 -0.0098609754
47.5 0.015880314 -0.0086243484
52.5 0.013194721 -0.010609083
57.5 0.011345611 -0.0092311903
62.5 0.0094341623 -0.0080539784
67.5 0.008711039 -0.0069981515
72.5 0.0058098845 -0.0072954511
77.5 0.0054956773 -0.0066191487
82.5 0.0054667123 -0.0040565235
87.5 0.0054251418 -0.0037507789
92.5 0.005129702 -0.0023752568
97.5 0.0056803483 -0.0043023579
102.5 0.0051186702 -0.0034027484
107.5 0.0037530591 -0.0027972422
112.5 0.0036052236 -0.0036945475
117.5 0.0029226658 -0.0038774766
122.5 0.0026911752 -0.0027631357
127.5 0.0019616941 -0.0037044666
132.5 0.0020094203 -0.003135086
137.5 0.0022657764 -0.0022482847
142.5 0.0021530012 -0.00032255495
147.5 0.0019653129 -0.0012303519
152.5 0.0021972958 -0.00055266429
157.5 0.0029509626 0.00065802285
162.5 0.0022410815 0.0016982694
167.5 0.003025538 0.00039629481
172.5 0.0025565878 0.0014049892
177.5 0.002333947 0.0012483208
182.5 0.0024167105 0.00093796419
187.5 0.0027575478 0.001608824
192.5 0.0021717699 0.0005775099
197.5 0.0021370091 0.00045342794
