2.5 1.9344264 0.25026685
7.5 0.56964337 0.013897633
12.5 0.24766948 -0.098442997
17.5 0.1329199 -0.077837177
22.5 0.080849552 -0.052792099
27.5 0.052319473 -0.043022663
32.5 0.036774478 -0.034641184
37.5 0.026896145 -0.022618313
42.5 0.015283216 -0.015657404
47.5 0.01272991 -0.015365297
52.5 0.0099221369 -0.013467698
57.5 0.0065450719 -0.011829939
62.5 0.00564747 -0.012067967
67.5 0.0036002319 -0.010695899
72.5 0.0039324588 -0.0045513534
77.5 0.0027100634 -0.0051426505
82.5 0.0032423731 -0.0017118488
87.5 0.0035299741 -0.0035915106
92.5 0.0034785798 -0.0004594936
97.5 0.0037249764 -0.0013853043
102.5 0.0036770775 -0.00025775183
107.5 0.0044421312 0.001321878
112.5 0.0045438353 0.0022340487
117.5 0.0041200921 0.00024664507
122.5 0.003698866 0.00050861545
127.5 0.0033075172 0.0015390467
132.5 0.0035032829 0.0023259858
137.5 0.0027351558 0.0038338235
142.5 0.003063469 0.0026641674
147.5 0.0028269733 0.0017516992
152.5 0.0024910642 0.0026965929
157.5 0.0028065927 0.0024036266
162.5 0.0024292838 -8.5232948e-05
167.5 0.0023737443 0.000359618
172.5 0.0024760667 0.0011652633
177.5 0.0025298673 0.00092272544
182.5 0.0030033359 0.0025282812
187.5 0.0023576852 0.00072743825
192.5 0.0020092727 0.00086820994
197.5 0.0017929322 0.00058498129
