2.5 1.8924177 0
7.5 0.56776405 0
12.5 0.25168295 0
17.5 0.14107234 0
22.5 0.086518608 0
27.5 0.054895846 0
32.5 0.036352495 0
37.5 0.025512458 0
42.5 0.0182605 0
47.5 0.014178626 0
52.5 0.01161071 0
57.5 0.0072198847 0
62.5 0.007269137 0
67.5 0.0044143376 0
72.5 0.0035680881 0
77.5 0.0047551091 0
82.5 0.0027274387 0
87.5 0.0038765193 0
92.5 0.0030474482 0
97.5 0.0049777362 0
102.5 0.0037516944 0
107.5 0.0035084895 0
112.5 0.0033077049 0
117.5 0.0032646959 0
122.5 0.0030034841 0
127.5 0.0022452101 0
132.5 0.0019267344 0
137.5 0.0023965995 0
142.5 0.0019902039 0
147.5 0.0023977598 0
152.5 0.0019461075 0
157.5 0.0018324727 0
162.5 0.0018477471 0
167.5 0.0017214578 0
172.5 0.0021890855 0
177.5 0.0025532974 0
182.5 0.0018250635 0
187.5 0.0017562757 0
192.5 0.002298823 0
197.5 0.0022233825 0
