2.5 1.9455755 0.11768012
7.5 0.5713565 -0.016369166
12.5 0.25823411 -0.050353596
17.5 0.13675053 -0.048376876
22.5 0.084779689 -0.031727426
27.5 0.055121892 -0.023105766
32.5 0.03701605 -0.018196119
37.5 0.025915165 -0.017858076
42.5 0.01978572 -0.012214687
47.5 0.014796076 -0.0068633171
52.5 0.0117768 -0.0071000037
57.5 0.008512634 -0.0048080561
62.5 0.0073354545 -0.0062367456
67.5 0.0060395293 -0.0058567132
72.5 0.0056726677 -0.0027765104
77.5 0.0063756673 -0.0039208392
82.5 0.0054913596 -0.00011867169
87.5 0.0050211433 -0.00069829887
92.5 0.0053651824 -0.0010400518
97.5 0.0052188048 0.001084101
102.5 0.0055561536 0.0021155468
107.5 0.0050887442 0.00053825876
112.5 0.0050231176 0.0010517726
117.5 0.0042949917 0.00036929833
122.5 0.0040597023 0.00079776705
127.5 0.0042152209 0.00077637855
132.5 0.0033549143 -0.00069978797
137.5 0.0032677036 0.00092793186
142.5 0.0032781821 -0.00041387728
147.5 0.0036689954 3.7686097e-05
152.5 0.0026930352 0.00052127767
157.5 0.0025495816 -0.00040666147
162.5 0.0024814287 6.3126642e-05
167.5 0.0021397477 0.00028373526
172.5 0.0019899209 0.00082672898
177.5 0.0024581035 -0.00016376353
182.5 0.0021830493 0.0017260471
187.5 0.0017433256 0.00135211
192.5 0.0021055375 0.0017297485
197.5 0.0021095824 0.0013941445
