2.5 1.9557736 0
7.5 0.57271617 0
12.5 0.24981645 0
17.5 0.13318111 0
22.5 0.085078619 0
27.5 0.054418539 0
32.5 0.035874146 0
37.5 0.026535565 0
42.5 0.021280208 0
47.5 0.013856319 0
52.5 0.010865101 0
57.5 0.0084516676 0
62.5 0.0078077848 0
67.5 0.0053524797 0
72.5 0.0058462361 0
77.5 0.0053943723 0
82.5 0.0054305879 0
87.5 0.0043995835 0
92.5 0.0045141161 0
97.5 0.0039591125 0
102.5 0.0041974004 0
107.5 0.0034351414 0
112.5 0.0026740539 0
117.5 0.0026201807 0
122.5 0.0020143028 0
127.5 0.0017702285 0
132.5 0.0014763421 0
137.5 0.0014093292 0
142.5 0.0016190146 0
147.5 0.0015973148 0
152.5 0.0015106847 0
157.5 0.0019727411 0
162.5 0.0013025556 0
167.5 0.0010737283 0
172.5 0.0011532673 0
177.5 0.0018690195 0
182.5 0.0012305768 0
187.5 0.001109982 0
192.5 0.0015099553 0
197.5 0.0011911542 0
