2.5 1.9501236 0
7.5 0.58509433 0
12.5 0.25487493 0
17.5 0.14353141 0
22.5 0.087111801 0
27.5 0.056692425 0
32.5 0.039118473 0
37.5 0.028005361 0
42.5 0.021862953 0
47.5 0.015127009 0
52.5 0.013434785 0
57.5 0.011628647 0
62.5 0.0094502513 0
67.5 0.008899835 0
72.5 0.0065131595 0
77.5 0.0069830092 0
82.5 0.0065067674 0
87.5 0.0068432354 0
92.5 0.0060974278 0
97.5 0.0060912034 0
102.5 0.0060477002 0
107.5 0.0054176799 0
112.5 0.0058371217 0
117.5 0.0040833875 0
122.5 0.0037599173 0
127.5 0.0032595464 0
132.5 0.0028394902 0
137.5 0.0034335175 0
142.5 0.0031808786 0
147.5 0.0035626395 0
152.5 0.0041434256 0
157.5 0.0033980301 0
162.5 0.0030481907 0
167.5 0.00274797 0
172.5 0.0023338511 0
177.5 0.0019644421 0
182.5 0.0021146863 0
187.5 0.0023461942 0
192.5 0.0021552341 0
197.5 0.0020315239 0
