6.668802
10.556138
10.324259
15.300346
13.188500
17.183798
5.320185
6.576856
20.414762
25.342323
9.439592
9.703069
13.844210
10.328009
11.488966
4.510170
19.023914
8.170805
14.014737
6.214446
17.439250
7.979788
9.420013
13.717565
5.125933
22.550049
1.132269
13.872328
11.491534
6.790873
8.348176
12.820924
8.487921
8.684618
11.889585
9.869974
16.812337
13.040293
30.414134
8.107074
16.904359
7.182368
10.278824
11.647008
13.838924
13.047119
10.197461
5.138507
21.429817
16.651315
16.532924
13.089004
15.367483
5.185966
10.796883
10.119964
10.383791
13.774473
10.930408
22.815320
10.188703
6.541190
14.285029
14.038879
12.051116
12.516921
17.136517
6.451728
6.435581
8.220708
21.495860
13.838561
13.382946
22.031294
14.157419
17.203967
7.515739
8.210146
10.513851
14.290645
8.924326
10.196235
5.903666
9.636589
4.677779
18.898658
22.252092
9.149162
12.227865
13.830257
22.016233
18.690258
3.111146
17.173604
15.174708
10.849004
12.830743
12.406856
11.970008
10.683283
11.626088
13.769909
8.353889
12.298039
14.534523
8.134175
8.778259
3.884983
8.526630
13.158765
6.879550
10.233336
20.850530
13.560856
18.289296
19.435009
14.061759
8.070402
8.248351
17.631765
8.127316
13.604962
17.787189
6.497274
7.099778
8.352004
8.958224
10.788257
16.017500
13.716756
16.731990
23.053049
8.819865
15.291950
14.933635
8.297815
6.543618
20.013609
11.466459
8.824384
7.572177
13.865252
4.860892
7.980531
7.633928
5.547437
16.582579
12.642796
11.684163
8.851743
8.153246
12.626639
5.877702
9.193686
15.718046
10.541835
12.828362
12.173720
12.833599
7.578723
16.188302
15.042044
20.874830
21.170738
13.413185
6.739807
8.306186
9.314777
21.477194
17.842036
9.878834
20.068721
18.499480
10.336670
9.004824
12.323910
17.310770
9.850727
7.364962
10.583590
5.529329
7.793920
15.590159
8.477878
20.861667
10.037454
12.173059
9.474588
7.643054
10.480886
11.622258
12.131047
9.171374
5.908820
11.594826
14.410701
14.985417
6.800064
6.704684
16.225779
7.909732
19.936140
9.015917
10.697968
19.956055
9.257028
11.646410
15.853835
5.011407
12.268486
20.096648
15.650398
11.798589
10.139474
21.319811
10.325335
18.653173
10.247464
10.441822
10.569610
17.336095
2.946729
13.480801
16.284102
11.984742
7.125524
7.145349
11.342071
10.501655
13.067915
4.577027
10.075515
3.004980
6.080623
6.681871
18.182157
10.433678
10.376831
11.036977
16.688585
6.970356
15.838339
19.974332
4.810283
15.062085
13.222634
9.064485
14.275034
10.085396
21.217753
13.178351
16.623722
9.637414
13.005998
13.468931
12.990565
14.662204
15.834547
6.060257
11.090731
13.306862
16.809526
11.970726
11.200745
13.738055
11.738678
14.421591
19.507714
6.381244
19.095897
13.327309
13.942294
11.500507
14.054658
5.198468
7.087643
11.296978
12.200352
10.245200
10.231430
13.853370
6.654659
13.950804
9.262819
19.614197
9.044380
13.787768
14.941479
9.437018
14.297595
13.850530
10.013361
9.661238
15.159633
13.476171
4.374145
22.762310
8.396623
5.066158
2.600002
25.548588
7.491413
13.392287
19.822824
16.441203
12.364181
12.434129
16.327000
15.815872
10.678996
34.553155
14.607960
7.616416
6.638195
11.141520
10.572100
16.871367
13.009279
19.844572
18.566447
18.676138
9.668499
11.743462
5.844991
6.104321
4.818589
11.781071
5.567954
8.577192
8.607058
8.848364
9.156096
8.585518
17.748251
16.255080
7.238523
8.922236
8.074534
7.069770
9.023822
9.643464
13.189430
16.643317
11.732995
6.103047
9.645156
17.069533
7.016970
15.225384
16.083878
2.779169
6.342988
17.450275
10.458203
9.585743
9.751510
14.482626
7.733185
15.164387
10.680950
13.669074
13.945887
12.438440
7.392732
14.976453
15.466185
13.112590
7.946117
7.398176
18.359948
10.324069
8.223649
7.340691
8.386603
14.379730
10.458947
5.292167
6.758972
8.369847
14.029228
17.910519
2.108407
9.250799
20.257293
17.618904
11.357018
15.815747
15.225924
10.139842
15.310907
15.105892
14.127127
13.560056
20.408188
14.532743
15.211089
9.983674
12.686532
3.693653
18.616005
4.603490
7.646037
9.537864
24.043244
15.852481
12.417428
7.757382
17.398488
9.649855
16.540583
8.695003
15.818165
11.780594
12.270993
11.714792
7.867079
12.134103
7.256538
14.059051
5.832757
4.251921
24.844837
19.196406
11.780984
9.201538
9.347714
16.043411
10.325655
4.818466
12.696310
14.819071
3.154550
5.488216
13.869320
14.411773
9.658319
16.648999
15.175076
16.568298
11.656644
8.006927
13.786012
14.331824
13.147582
16.692676
18.471748
18.736031
18.290948
15.506629
10.413253
9.063697
16.429641
12.900151
10.531662
10.032077
9.231034
20.077613
12.471949
15.059646
10.824513
7.829955
11.902275
13.632137
13.744055
4.195937
11.858624
5.165089
7.640631
14.216804
18.390172
7.095806
10.612819
18.617029
23.275591
6.609410
20.241829
8.156718
12.368299
6.953682
14.259168
7.228833
10.232666
10.606102
10.944465
10.998718
18.374133
6.705980
12.620074
9.976899
12.269885
8.625992
18.426236
11.023428
10.672759
7.080776
14.606404
28.171683
12.769343
18.348101
24.023933
