2.5 10.05765 0.18322413
7.5 1.4614446 -0.075914283
12.5 0.32511546 -0.037098061
17.5 -0.027750874 -0.030290429
22.5 -0.14206842 -0.035827281
27.5 -0.11229582 -0.033191134
32.5 0.00101254 -0.018802816
37.5 0.026846185 -0.011571139
42.5 0.024271845 -0.0063012078
47.5 0.015197697 -0.0067890029
52.5 0.011201361 -0.0041127468
57.5 0.0053378874 0.0017233532
62.5 0.0021085375 -0.0022199044
67.5 0.0012120212 0.00074918287
72.5 0.00056077718 -0.0013555461
77.5 0.0014000445 -0.0035139536
82.5 0.00053359927 -0.0049829763
87.5 0.0007448614 -0.0057292857
92.5 0.00020836965 -0.0046939731
97.5 0.00043299489 -0.0061272535
102.5 0.00070240318 -0.0032663246
107.5 -1.2127582e-05 -0.0020419399
112.5 -0.00087364636 -0.0015494314
117.5 0.0003128513 -0.0029240203
122.5 -2.9022255e-05 -0.00018116992
127.5 -0.00023521312 -0.0010861675
132.5 -0.00025861302 0.0013856146
137.5 -0.00039295434 0.00012063612
142.5 0.000653611 0.00077706508
147.5 0.00095031422 0.00056436782
152.5 0.00013104428 0.0016188382
157.5 0.00039467499 0.00015803569
162.5 0.00034362859 0.00071710547
167.5 0.00020624913 0.00047133626
172.5 0.00055705066 -0.0001040815
177.5 0.00031946972 -0.00055997813
182.5 8.9317602e-05 0.00097119325
187.5 -8.2758485e-06 -0.0003268904
192.5 -0.0005404355 -0.00044742093
197.5 -0.00020142622 -4.3647135e-05
