2.5 10.408541 -0.41274956
7.5 1.5278881 -0.11758254
12.5 0.33659193 -0.068419086
17.5 -0.023888798 -0.051010438
22.5 -0.13855705 -0.046093354
27.5 -0.11492946 -0.037663584
32.5 0.0033872275 -0.027665001
37.5 0.0338626 -0.0055668344
42.5 0.024937759 0.0037834113
47.5 0.01513159 0.00063267068
52.5 0.0066797263 -0.0034278728
57.5 0.0038057974 -0.0077165469
62.5 0.0030896722 -0.0044122638
67.5 0.0014439063 -0.0018778136
72.5 -0.0011019171 -0.0016405178
77.5 0.0024072152 -0.0016834702
82.5 0.0022328425 -0.0019674898
87.5 0.0015575139 -0.0044256224
92.5 0.00093212765 -0.0045090296
97.5 0.0018841008 0.0014182883
102.5 0.0024052924 -0.00047405984
107.5 0.0011320654 -6.8742194e-05
112.5 0.0010002843 -0.00040223137
117.5 0.0010014362 -0.0018367172
122.5 0.0012346326 -0.0030334711
127.5 0.00050562199 -0.0012710002
132.5 0.00041545978 -0.0018402685
137.5 0.001959204 -0.00050390674
142.5 0.0016549035 -0.0024983856
147.5 0.0019233633 -0.0032992135
152.5 0.00076653945 -0.0039460477
157.5 0.0013715961 -0.0037053648
162.5 -0.0004351581 -0.0027883446
167.5 -0.00070801361 -0.0045302351
172.5 -0.0004519606 -0.002122225
177.5 -0.00025143504 -0.0014257471
182.5 -0.00013938023 -0.00067737619
187.5 -2.8955213e-05 -0.0031459201
192.5 -0.00044118589 -0.0037194333
197.5 0.00061770555 -0.003027438
