2.5 10.577523 -0.04484882
7.5 1.5361302 -0.044424097
12.5 0.34292422 -0.028679046
17.5 -0.017628944 -0.016917375
22.5 -0.13033657 -0.032537085
27.5 -0.10545484 -0.04030504
32.5 0.0087094409 -0.01972216
37.5 0.031611841 -0.0095343407
42.5 0.023103695 -0.001022455
47.5 0.015431889 -0.001119116
52.5 0.0070322162 0.0015500146
57.5 0.004881509 0.00062092197
62.5 0.0035574989 0.0016179157
67.5 0.0015922728 0.004201814
72.5 0.00117703 0.00076265247
77.5 0.0013854952 -0.001586768
82.5 0.0010328851 -0.0021005092
87.5 0.0015783728 -0.0052829847
92.5 0.00082661388 -0.005515439
97.5 0.0020699467 -0.004639362
102.5 -0.00029494673 -0.00050097901
107.5 0.00043515748 -0.0011195733
112.5 0.00019618623 -0.0010704549
117.5 4.9844661e-05 -0.0027458417
122.5 0.00075252257 -0.0011556396
127.5 0.00039527489 0.0034022756
132.5 -0.00034441803 0.0029348941
137.5 -0.00033293154 0.0037420153
142.5 9.2059814e-05 0.0019825342
147.5 0.00082960023 -0.0010841097
152.5 0.00095636419 -0.0030011382
157.5 -0.00013742693 -0.0029020062
162.5 6.6215055e-05 0.00082392995
167.5 -6.671347e-05 0.00073031414
172.5 -0.00021121387 0.0010498559
177.5 0.00065043125 0.00080941422
182.5 -0.00046865504 8.0827714e-05
187.5 -0.00084672589 0.00030394249
192.5 -0.00066371188 0.001063476
197.5 0.00083091155 0.00035972822
