2.5 10.237961 0.14211333
7.5 1.4777325 -0.061939847
12.5 0.32848451 -0.039118509
17.5 -0.027433719 -0.037135992
22.5 -0.14357117 -0.036167391
27.5 -0.11566676 -0.045318488
32.5 0.0063515408 -0.025443031
37.5 0.029493577 -0.0082730024
42.5 0.023282645 -0.0067633023
47.5 0.015783174 -0.0084562429
52.5 0.0094332975 -0.0083828744
57.5 0.0039312625 -0.006733082
62.5 0.0026646913 -0.0010632005
67.5 0.0025820998 0.0023742934
72.5 0.002163697 -0.003120456
77.5 0.002696625 -0.0010623533
82.5 0.0017468703 -0.0053969411
87.5 -0.0005884918 -0.0073280197
92.5 -0.00012834743 -0.0032640996
97.5 0.00058652265 -0.0041062694
102.5 8.607923e-05 -0.0027381154
107.5 0.00066423532 -0.0018752971
112.5 -0.00018615627 -0.0049613115
117.5 0.00010590291 -0.0042016489
122.5 -0.00048533492 -0.0032832432
127.5 -0.0006901487 -0.0042954902
132.5 -0.0015629484 -0.0013794268
137.5 -0.00093044213 0.00073455567
142.5 0.00018505184 0.00305823
147.5 0.0011382148 0.00061823694
152.5 0.00049180996 -0.0027102077
157.5 0.00030875222 -0.0028535845
162.5 -0.00015071061 -0.0035091436
167.5 -0.0004723102 -0.0018816492
172.5 -0.001119121 -0.0024597257
177.5 -0.0007661289 -0.00072418507
182.5 -0.0006723597 -0.0012817746
187.5 -0.0008207403 6.9493152e-06
192.5 -0.00064750859 -0.00070161004
197.5 -1.6789614e-05 -0.0016792336
