2.5 10.786243 -0.24738539
7.5 1.5473698 -0.050192253
12.5 0.3436873 -0.034383123
17.5 -0.024609294 -0.034453535
22.5 -0.13980693 -0.043849377
27.5 -0.1125079 -0.048411235
32.5 0.004261985 -0.032635255
37.5 0.034582824 -0.011055651
42.5 0.026873917 0.0016961346
47.5 0.016507625 0.0011662777
52.5 0.011276081 -0.0027471315
57.5 0.0067817635 -0.0065075488
62.5 0.0050825511 -0.0022134259
67.5 0.0024932926 -0.0044879976
72.5 0.0018438402 -0.0060003178
77.5 0.0012695046 -0.0054946837
82.5 0.0014795327 -0.0043614737
87.5 0.0020023687 -0.0050041021
92.5 0.0011712522 -0.004615524
97.5 6.9538246e-05 -0.00051792096
102.5 8.290959e-05 -0.00069696019
107.5 -0.00039177072 0.0014599566
112.5 0.00062582196 0.0013292919
117.5 -0.0009292346 -0.0025678435
122.5 -0.00017840726 -0.0047944836
127.5 -0.00045436742 -0.0076195482
132.5 -0.0014463989 -0.0054756202
137.5 -0.00031406996 0.0011841119
142.5 0.00026574492 -0.00059068403
147.5 -0.00059396776 -0.0003339291
152.5 -0.00032667339 -0.002084987
157.5 -0.0005683601 -0.0014637619
162.5 -5.4916374e-05 -0.00094782492
167.5 -9.4324967e-05 -0.00087664634
172.5 0.0011079408 0.001861926
177.5 -5.5587056e-05 0.0026345494
182.5 2.5180288e-05 0.0028770854
187.5 -0.00013371724 -0.00208115
192.5 0.00039820984 -0.0026695615
197.5 0.00039309789 -0.00066643768
