2.5 1.9384393 0.3032088
7.5 0.56949432 -0.033799148
12.5 0.25148731 -0.10890941
17.5 0.14197603 -0.079996791
22.5 0.083778678 -0.055810793
27.5 0.052116284 -0.041343849
32.5 0.033399408 -0.038295531
37.5 0.022487375 -0.031769068
42.5 0.018042381 -0.022913535
47.5 0.010561872 -0.02085508
52.5 0.0077114799 -0.014719668
57.5 0.0041761659 -0.013441933
62.5 0.002578557 -0.012835882
67.5 0.0021733607 -0.0091954926
72.5 -0.00023026677 -0.0094609433
77.5 -0.00060474341 -0.010370093
82.5 -0.0027026132 -0.011763882
87.5 -0.0016057277 -0.0070763843
92.5 -0.00041380614 -0.0043780136
97.5 0.00054283778 -0.0039896575
102.5 0.00092681162 -0.0030594627
107.5 0.00098356752 -0.0019168936
112.5 0.00017702445 -0.0041844166
117.5 0.00035377442 -0.0039961335
122.5 0.00036593789 0.00027447405
127.5 -0.00056219451 0.00089350825
132.5 0.00047195298 0.00089874845
137.5 0.00042157741 0.0003766964
142.5 -0.00045883145 4.7551617e-05
147.5 0.00079782783 -0.00078879566
152.5 0.00033930076 -0.002670984
157.5 0.00042526633 -0.00056282133
162.5 -0.00014110219 -0.0008468068
167.5 0.00020574997 -0.0011499919
172.5 0.00025299761 -1.6056286e-05
177.5 0.00017541147 5.519792e-05
182.5 0.0002021177 0.0021854763
187.5 0.0003049028 0.0025870118
192.5 -0.00074229556 0.0011441821
197.5 -0.00012585907 0.00091204691
