2.5 1.8877777 0.31044239
7.5 0.56903589 -0.055159231
12.5 0.25544976 -0.090793457
17.5 0.13608577 -0.087986903
22.5 0.079457374 -0.064385209
27.5 0.04691299 -0.056559915
32.5 0.02918513 -0.042128347
37.5 0.021519701 -0.029164446
42.5 0.01450552 -0.025615428
47.5 0.010533921 -0.024057788
52.5 0.0079387541 -0.01476418
57.5 0.005839957 -0.015312283
62.5 0.0031474684 -0.012674271
67.5 0.0033933348 -0.0091066478
72.5 0.0024698072 -0.0050106273
77.5 0.0015854045 -0.0047265473
82.5 0.001808264 -0.0046260614
87.5 0.00091852113 -0.00096258386
92.5 0.00015630189 -0.002075806
97.5 0.00060031919 -0.0021409625
102.5 0.00027835357 -0.0042174655
107.5 -0.00015209723 -0.0058921785
112.5 6.4988068e-05 -0.0046916414
117.5 -0.0014219171 -0.0051166014
122.5 -0.0013172273 -0.0042879741
127.5 -0.00077694389 -0.0042718669
132.5 -0.00096632915 -0.0026145242
137.5 -0.00046887639 -0.001481277
142.5 -0.00036122189 -0.0015057027
147.5 -0.0011634022 -0.0017665562
152.5 -0.0015159148 -0.0039659899
157.5 -0.0012569737 -0.0018266035
162.5 -0.00050365267 -0.00054568049
167.5 -0.0014848366 0.0010900839
172.5 -0.00038386772 -0.00096162544
177.5 -0.00074782151 0.00055282434
182.5 -0.00013083664 9.4022544e-05
187.5 -9.0284816e-07 0.0018973249
192.5 -0.00030127907 0.0017562113
197.5 6.4393015e-05 0.00090545849
