2.5 1.9234591 0.24336259
7.5 0.58473707 -0.036277104
12.5 0.25231769 -0.1034964
17.5 0.12802274 -0.086337533
22.5 0.075248693 -0.064035372
27.5 0.04751335 -0.050074438
32.5 0.027099896 -0.038860559
37.5 0.017431274 -0.033751418
42.5 0.0086657851 -0.026367038
47.5 0.007594891 -0.020418264
52.5 0.0046139494 -0.014754115
57.5 0.0030272859 -0.01315812
62.5 0.0019800609 -0.0084143337
67.5 0.00062994215 -0.009788879
72.5 0.001530466 -0.0080039886
77.5 0.00049645367 -0.0073893791
82.5 0.00015019396 -0.006684422
87.5 9.6612539e-05 -0.004753032
92.5 0.0013771373 -0.0061785483
97.5 0.0016923616 -0.0043847603
102.5 0.00047207661 -0.0054038742
107.5 0.00070181965 -0.0022885525
112.5 -0.00021300962 -0.0035519467
117.5 0.00034539649 -0.0042819286
122.5 0.0004972269 -0.0063711598
127.5 -0.00018025539 -0.0061997264
132.5 0.00090301619 -0.005926303
137.5 0.00060968641 -0.0042865529
142.5 -6.8547151e-05 -0.0055774474
147.5 -0.00051456133 -0.0031181716
152.5 0.00029793616 -0.0038817496
157.5 0.00027281378 -0.0015772192
162.5 -0.00025372282 -0.0028144931
167.5 -0.00016124277 -0.0012008174
172.5 -0.00015742215 -0.0016791151
177.5 0.00026762211 -0.00089075451
182.5 -0.00064790877 -0.0011096575
187.5 -0.00080137087 0.00034733092
192.5 -0.0006018649 0.00031618176
197.5 -0.0012222148 -0.00075218734
