2.5 1.9233581 2.3177863e-310
7.5 0.56508139 0
12.5 0.24907479 0
17.5 0.13244548 0
22.5 0.076774927 0
27.5 0.04615001 0
32.5 0.0310557 0
37.5 0.019929514 2.3178593e-310
42.5 0.011483742 1.0178367e+22
47.5 0.010041592 2.1219958e-314
52.5 0.0071869845 0
57.5 0.0065700742 2.1004746e-317
62.5 0.0040562868 2.1219958e-314
67.5 0.0021688472 6.3550281e-317
72.5 0.0020216444 3.2367703e-317
77.5 0.00065209791 1.2697487e-321
82.5 -0.0011034092 6.7154588e-317
87.5 -0.00041633646 0
92.5 0.00030363441 0
97.5 0.00042615108 0
102.5 0.00061042721 0
107.5 -0.00053533443 6108.9766
112.5 0.00044079198 0
117.5 0.00068471618 2.3178394e-310
122.5 0.00063006156 3.6249596e-320
127.5 0.00046176224 2.1219958e-314
132.5 0.00059980084 0
137.5 -0.00066689303 2.1005379e-317
142.5 -0.00054232118 2.1219958e-314
147.5 -0.00013088077 6.3540795e-317
152.5 -0.000123778 3.2367703e-317
157.5 -0.00028979926 1.2648081e-321
162.5 -0.00020444623 0
167.5 -0.00059706284 0
172.5 0.00025586046 0
177.5 0.00045707637 0
182.5 0.00038676929 0
187.5 -0.00014551032 6.1644031e+18
192.5 7.4617115e-05 0
197.5 -6.0458671e-05 2.3178228e-310
