2.5 1.8491124 2.3177863e-310
7.5 0.55875696 0
12.5 0.23532048 0
17.5 0.12333927 0
22.5 0.075446398 0
27.5 0.044318087 0
32.5 0.03154475 0
37.5 0.019165192 6.7181228e-317
42.5 0.014124716 1.6250653e+18
47.5 0.010715947 2.1219958e-314
52.5 0.0052968592 0
57.5 0.0030440192 2.1005379e-317
62.5 0.0021989219 2.1219958e-314
67.5 0.0011797636 6.2601675e-317
72.5 0.00014732295 3.2367703e-317
77.5 0.0012993754 3.0088598e-321
82.5 -0.00019398517 6.7130004e-317
87.5 0.00065756008 0
92.5 0.0020418456 0
97.5 0.0012141968 0
102.5 0.0010034622 0
107.5 0.0014836618 7157.8125
112.5 0.00090966795 0
117.5 0.0012348003 2.3178792e-310
122.5 1.6319349e-06 3.88385e-320
127.5 -0.00023682065 2.1219958e-314
132.5 0.00063067226 0
137.5 0.00025704318 2.1005695e-317
142.5 0.00083302483 2.1219958e-314
147.5 0.00026743608 6.2595983e-317
152.5 0.00010291278 3.2367703e-317
157.5 0.00031043464 1.2648081e-321
162.5 0.00044953399 0
167.5 1.2932814e-05 0
172.5 0.00029041179 0
177.5 0.00055548284 0
182.5 -0.0007164641 0
187.5 -0.00035780013 -8.4089915e+22
192.5 -0.00019091333 0
197.5 2.6636632e-05 2.3178195e-310
