2.5 1.9062897 2.3177863e-310
7.5 0.57008192 0
12.5 0.24522982 0
17.5 0.13358538 0
22.5 0.081278875 0
27.5 0.054588895 0
32.5 0.036476977 0
37.5 0.024325134 2.317866e-310
42.5 0.01508775 1.0321023e+22
47.5 0.0094915733 2.1219958e-314
52.5 0.0053632299 0
57.5 0.0019569087 2.1005695e-317
62.5 0.0025871064 2.1219958e-314
67.5 -0.0007116429 5.6189098e-317
72.5 0.0015990334 3.2367703e-317
77.5 -0.00088648295 1.2648081e-321
82.5 -0.00097153819 0
87.5 -0.0003512316 0
92.5 2.3945776e-05 0
97.5 0.00019137478 0
102.5 6.7663503e-05 0
107.5 0.00082947857 6089.0352
112.5 0.0011590374 0
117.5 0.00019571808 2.3178328e-310
122.5 1.9484615e-05 3.5928454e-320
127.5 -0.0001811846 2.1219958e-314
132.5 0.00027903552 0
137.5 -0.00048214102 2.1005379e-317
142.5 -0.00079674068 2.1219958e-314
147.5 -0.0011524958 5.6256449e-317
152.5 -0.00081966255 3.2367703e-317
157.5 -0.00056713667 1.7440517e-321
162.5 -0.00065561977 2.3177863e-310
167.5 -0.00054350598 0
172.5 -0.00031935807 0
177.5 -0.00091294309 0
182.5 -0.00016471019 0
187.5 -0.00037034937 6.0614845e+18
192.5 -0.00030488621 0
197.5 -0.00029300936 2.3178328e-310
