2.5 1.8943932 6.7162177e-317
7.5 0.56496991 0
12.5 0.24654242 0
17.5 0.13176256 0
22.5 0.076278324 0
27.5 0.050469459 0
32.5 0.032914273 0
37.5 0.01990458 2.3178162e-310
42.5 0.014589991 1.859455e+19
47.5 0.010322079 2.1219958e-314
52.5 0.0076998097 0
57.5 0.0040475217 2.1005695e-317
62.5 0.0026902657 2.1219958e-314
67.5 0.003176941 4.9853832e-317
72.5 0.002681158 3.2367703e-317
77.5 0.0018931602 1.2648081e-321
82.5 0.0016138456 0
87.5 0.00071432872 0
92.5 0.0011578307 0
97.5 0.00092014801 0
102.5 0.00014891067 0
107.5 0.00060134904 18.69989
112.5 0.00062903465 0
117.5 2.8871072e-05 2.3178096e-310
122.5 0.00055527189 3.2539322e-317
127.5 -0.00023527749 2.1219958e-314
132.5 -0.00015421356 0
137.5 1.3988467e-05 2.1005063e-317
142.5 -0.00011420432 2.1219958e-314
147.5 -0.00027502653 4.9852409e-317
152.5 -0.00016755417 3.2367703e-317
157.5 -1.8314523e-05 1.2697487e-321
162.5 -1.2128071e-05 6.718439e-317
167.5 2.0777887e-05 0
172.5 0.00011613584 0
177.5 8.4129279e-05 0
182.5 3.2296562e-05 0
187.5 -0.00022964132 0
192.5 0.00020537865 0
197.5 0.0003704186 2.3179124e-310
