2.5 1.9136194 2.3177863e-310
7.5 0.54815314 6.7150952e-317
12.5 0.24269083 0
17.5 0.13151786 0
22.5 0.075270048 0
27.5 0.049389331 0
32.5 0.032082405 0
37.5 0.02177653 2.3178991e-310
42.5 0.012921658 0
47.5 0.0070519745 2.1219958e-314
52.5 0.0053593181 0
57.5 0.0041800613 2.1005379e-317
62.5 0.003033354 2.1219958e-314
67.5 0.00055908329 6.320736e-317
72.5 -0.0003985996 3.2367703e-317
77.5 -0.00041923731 2.5345568e-321
82.5 -0.00066023429 2.3177863e-310
87.5 -0.0010941652 0
92.5 -4.9822865e-05 0
97.5 0.00089025396 0
102.5 0.0010664683 0
107.5 0.00042848068 0
112.5 4.39823e-05 0
117.5 -0.00037788889 2.3178958e-310
122.5 -0.00022719079 0
127.5 -0.00051661249 2.1219958e-314
132.5 -0.00066285834 0
137.5 -0.00072049156 2.1005379e-317
142.5 -0.00080126255 2.1219958e-314
147.5 -0.00015767362 6.3131945e-317
152.5 -0.00054873843 3.2367703e-317
157.5 -0.00057769374 1.2648081e-321
162.5 -0.00031381058 0
167.5 -0.00031879444 0
172.5 -0.0002193799 0
177.5 -0.00016327201 0
182.5 -0.00033175633 0
187.5 -0.00042595541 0
192.5 -0.00028844975 0
197.5 -0.0008675792 6.7177434e-317
