2.5 1.886002 6.7147711e-317
7.5 0.56564417 0
12.5 0.24606987 0
17.5 0.13027004 0
22.5 0.077622245 0
27.5 0.046414854 19.798492
32.5 0.033525307 0
37.5 0.022723895 2.3178195e-310
42.5 0.015483413 2.3177863e-310
47.5 0.010602023 2.1219958e-314
52.5 0.0068006108 0
57.5 0.0039566468 2.1005695e-317
62.5 0.0019232477 2.1219958e-314
67.5 0.0018472655 4.9706798e-317
72.5 0.0017636775 3.2367703e-317
77.5 -0.00050729876 2.5345568e-321
82.5 -0.00082964175 3.260525e-317
87.5 -0.00010941977 0
92.5 -0.00089615392 0
97.5 -0.0007631431 0
102.5 -0.00014280947 0
107.5 -0.00052360659 1.1239476e+21
112.5 -0.00084957666 0
117.5 -0.0009940501 2.3178759e-310
122.5 -0.00066470515 3.2701138e-317
127.5 -0.0014245181 2.1219958e-314
132.5 -0.00048861806 0
137.5 -0.00033034064 2.1005379e-317
142.5 -0.00067355721 2.1219958e-314
147.5 -0.00070534506 4.9747114e-317
152.5 -0.00074341647 3.2367703e-317
157.5 -0.00032476986 1.2697487e-321
162.5 -0.00028366861 3.2640664e-317
167.5 -0.00055174833 0
172.5 -0.0001976186 0
177.5 -0.00015715 0
182.5 0.00027478359 0
187.5 0.00043527803 0
192.5 -0.00067341504 0
197.5 -0.00079947026 3.2547701e-317
