2.5 1.9471653 2.3177863e-310
7.5 0.55902577 0
12.5 0.24497144 0
17.5 0.13995282 0
22.5 0.081649746 0
27.5 0.049000895 0
32.5 0.033289568 0
37.5 0.024497868 2.3179157e-310
42.5 0.017965516 1.5415497e+18
47.5 0.012660099 2.1219958e-314
52.5 0.0080280414 0
57.5 0.0052459066 2.1004746e-317
62.5 0.0030026291 2.1219958e-314
67.5 0.0033329764 6.3692097e-317
72.5 0.0037791774 3.2367703e-317
77.5 0.0026541923 1.2648081e-321
82.5 0.0032762738 0
87.5 0.0021218793 0
92.5 0.0010663437 0
97.5 0.0010688276 0
102.5 0.0015881433 0
107.5 0.00030776389 7045.4688
112.5 0.00070245798 0
117.5 0.00078059837 3.2509757e-317
122.5 0.00012618332 3.8038114e-320
127.5 0.00015364321 2.1219958e-314
132.5 -0.00029983922 0
137.5 0.00073159576 2.1005379e-317
142.5 0.00022714618 2.1219958e-314
147.5 -0.000554257 6.3678342e-317
152.5 -0.00063043827 3.2367703e-317
157.5 -0.0011769455 1.2648081e-321
162.5 -0.00046662653 0
167.5 -0.001114522 0
172.5 -0.00098793216 0
177.5 -0.00054625978 0
182.5 -0.0012957827 0
187.5 -0.00094776269 -8.3144664e+22
192.5 -0.00080480233 0
197.5 -0.0015336225 6.7188817e-317
