2.5 1.8682677 2.3177863e-310
7.5 0.55787477 0
12.5 0.23689616 0
17.5 0.1299265 0
22.5 0.075964519 0
27.5 0.051204764 0
32.5 0.033122224 0
37.5 0.022962708 2.317793e-310
42.5 0.016427344 3.2532286e-317
47.5 0.01378199 2.1219958e-314
52.5 0.0081683205 0
57.5 0.0054379493 2.1005695e-317
62.5 0.0060156927 2.1219958e-314
67.5 0.0041748251 5.6782451e-317
72.5 0.0025720209 3.2367703e-317
77.5 0.0012009797 1.2697487e-321
82.5 0.0023075013 2.3177863e-310
87.5 0.0010501675 0
92.5 0.0004138812 0
97.5 0.00024587274 0
102.5 0.00095622706 0
107.5 -3.1949044e-06 0
112.5 -0.00031671332 0
117.5 -0.0009988818 2.3177963e-310
122.5 3.2735287e-06 -1.817472e+22
127.5 -0.00030623961 2.1219958e-314
132.5 0.00044585768 0
137.5 0.00056461124 2.1005695e-317
142.5 0.00049411022 2.1219958e-314
147.5 0.00053016129 5.6781028e-317
152.5 -5.4653004e-05 3.2367703e-317
157.5 -0.00017075996 1.2648081e-321
162.5 -0.00065279709 0
167.5 -0.00015315911 0
172.5 -5.2209925e-05 0
177.5 -0.00053583615 0
182.5 -5.4292717e-06 0
187.5 -0.00041740837 25.4328
192.5 -0.00045359944 0
197.5 -3.3058953e-05 2.3179389e-310
