2.5 1.8874807 0.27327838
7.5 0.5630383 -0.0039050239
12.5 0.24644371 -0.10304146
17.5 0.132912 -0.083088372
22.5 0.079528751 -0.063528735
27.5 0.050231618 -0.053774678
32.5 0.032032953 -0.039505207
37.5 0.020745577 -0.037062812
42.5 0.015617514 -0.034573338
47.5 0.010990735 -0.028759553
52.5 0.0067592287 -0.024259958
57.5 0.0074279609 -0.016737197
62.5 0.0043303818 -0.01799369
67.5 0.0046112956 -0.012619096
72.5 0.003231761 -0.009507764
77.5 0.0040733199 -0.0099927744
82.5 0.0026626691 -0.0053990325
87.5 0.0027128815 -0.00067452706
92.5 0.0034344997 -0.00032990012
97.5 0.003595794 -0.0011532983
102.5 0.0020085695 -0.000545913
107.5 0.002318294 -0.0012298547
112.5 0.0022325695 -0.00033363039
117.5 0.0017349812 0.0013508405
122.5 0.0012438804 -0.0011183815
127.5 0.00087633989 -0.0024070397
132.5 0.00043744538 -0.0033770226
137.5 -0.00017095562 -0.0036992132
142.5 -0.0010522583 -0.0032693142
147.5 -0.0011778518 -0.0041883239
152.5 5.0372088e-05 -0.0023166781
157.5 -0.00054809794 -0.002377943
162.5 -0.00060377172 -0.0031273046
167.5 -0.00079732999 -0.0039896537
172.5 -0.00076511742 -0.0018093511
177.5 0.00015123132 -0.0018047218
182.5 0.00040755059 -0.0017928688
187.5 0.000662508 0.00034971197
192.5 0.000162629 0.00041484573
197.5 -0.0001304763 -0.0010627851
