2.5 1.9165718 2.3177863e-310
7.5 0.58684696 0
12.5 0.24630343 0
17.5 0.13540655 0
22.5 0.082274756 0
27.5 0.052769347 0
32.5 0.03414657 0
37.5 0.022088449 2.3179422e-310
42.5 0.014162258 0
47.5 0.011349502 2.1219958e-314
52.5 0.0064549954 0
57.5 0.0034238308 2.1005695e-317
62.5 0.0019662973 2.1219958e-314
67.5 0.0023771508 4.8517246e-317
72.5 0.0023609328 3.2367703e-317
77.5 0.00015142754 1.2648081e-321
82.5 0.001105203 0
87.5 0.0013409007 0
92.5 0.00067119608 0
97.5 0.00070961575 0
102.5 0.0020470479 0
107.5 0.0013160379 0
112.5 0.00021455759 0
117.5 0.00044121519 2.3178958e-310
122.5 0.0012023401 0
127.5 0.00042819809 2.1219958e-314
132.5 0.00031774074 0
137.5 0.00013506094 2.1005695e-317
142.5 -0.00032335497 2.1219958e-314
147.5 -0.00096960914 4.8487365e-317
152.5 -0.00055098679 3.2367703e-317
157.5 -0.0010612099 1.2648081e-321
162.5 -0.0012134228 0
167.5 -0.0011017516 0
172.5 -0.0002661941 0
177.5 -0.00037280483 0
182.5 0.00042170249 0
187.5 0.00083128991 0
192.5 0.0003822821 0
197.5 0.00011262594 3.2516081e-317
