2.5 1.9160644 2.3177863e-310
7.5 0.57085536 0
12.5 0.25162655 0
17.5 0.13707887 0
22.5 0.082669733 0
27.5 0.054816656 0
32.5 0.033868469 0
37.5 0.023221328 2.3179522e-310
42.5 0.016262151 1.3595233e+18
47.5 0.012076855 2.1219958e-314
52.5 0.0087008507 0
57.5 0.0067944914 2.1004746e-317
62.5 0.0040803506 2.1219958e-314
67.5 0.0027261614 5.6709882e-317
72.5 0.0020141979 3.2367703e-317
77.5 0.0021077748 3.0088598e-321
82.5 0.0012698629 6.7181861e-317
87.5 0.0012154306 0
92.5 5.0333311e-05 0
97.5 0.00047228032 0
102.5 0.00095043899 0
107.5 0.00089558417 7095.4062
112.5 0.00056899418 0
117.5 -3.47484e-05 2.3178527e-310
122.5 0.00028227621 3.8250562e-320
127.5 -0.0012054612 2.1219958e-314
132.5 -0.00039249979 0
137.5 -0.00043271895 2.1005695e-317
142.5 0.00053526542 2.1219958e-314
147.5 0.00023244902 5.6767747e-317
152.5 0.00075293801 3.2367703e-317
157.5 0.00064931821 1.2648081e-321
162.5 0.001056425 0
167.5 0.0010807597 0
172.5 0.00020163727 0
177.5 0.00044673839 0
182.5 0.00056158446 0
187.5 0.00027218072 -8.1555145e+22
192.5 0.00037029574 0
197.5 0.00022054758 2.3178162e-310
