2.5 1.9086588 2.3177863e-310
7.5 0.5733572 6.7150794e-317
12.5 0.24683128 0
17.5 0.13338017 0
22.5 0.080895715 0
27.5 0.052432413 0
32.5 0.035218667 0
37.5 0.025400577 2.3178262e-310
42.5 0.016853155 0
47.5 0.010232041 2.1219958e-314
52.5 0.0090967237 0
57.5 0.0049850654 2.1004746e-317
62.5 0.0041642897 2.1219958e-314
67.5 0.0022029127 5.4314178e-317
72.5 0.0017773205 3.2367703e-317
77.5 0.0019995397 1.2648081e-321
82.5 0.001791734 0
87.5 0.0032667076 0
92.5 0.0027822325 0
97.5 0.0027802362 0
102.5 0.0019876921 0
107.5 0.002300229 0
112.5 0.0012636249 0
117.5 -0.00076619585 2.3178394e-310
122.5 0.00052758862 0
127.5 -0.0013669006 2.1219958e-314
132.5 -0.0014932702 0
137.5 -0.0013905079 2.1005379e-317
142.5 -0.0010944613 2.1219958e-314
147.5 -0.00073129119 5.435734e-317
152.5 -0.001444005 3.2367703e-317
157.5 -0.00079467806 1.0123405e-320
162.5 -0.00084795259 6.7181861e-317
167.5 -0.00029481116 0
172.5 -4.9684572e-05 0
177.5 -0.00011528188 0
182.5 -0.00052478054 0
187.5 -0.00017773563 0
192.5 -0.00064132097 0
197.5 -0.00077072209 2.3178958e-310
