2.5 1.9530925 6.7129292e-317
7.5 0.56176043 0
12.5 0.251315 0
17.5 0.13415256 0
22.5 0.076465546 0
27.5 0.047495833 0
32.5 0.031342971 0
37.5 0.022299908 2.317856e-310
42.5 0.013983482 0
47.5 0.010516592 2.1219958e-314
52.5 0.0069168594 0
57.5 0.0059449448 2.1005695e-317
62.5 0.0034507828 2.1219958e-314
67.5 0.0032864489 6.4070117e-317
72.5 0.0015515036 3.2367703e-317
77.5 0.0013140176 1.2697487e-321
82.5 0.0017284274 6.7240042e-317
87.5 0.001445392 0
92.5 0.00099565947 0
97.5 0.00047318928 0
102.5 0.0012037755 0
107.5 0.0010721265 0
112.5 0.0007698181 0
117.5 0.00049463607 6.7207789e-317
122.5 -0.0001256383 0
127.5 -0.00040179918 2.1219958e-314
132.5 -0.00067453213 0
137.5 -0.00050429466 2.1005063e-317
142.5 -0.00048498549 2.1219958e-314
147.5 -0.00091387111 6.1872197e-317
152.5 -0.00025527219 3.2367703e-317
157.5 -0.00047163851 1.2648081e-321
162.5 -0.00073444847 0
167.5 -0.0011148112 0
172.5 -0.0014647414 0
177.5 -0.001225511 0
182.5 -0.00063429497 0
187.5 -0.00097188103 0
192.5 -0.00084924601 0
197.5 -0.00070190017 2.3178195e-310
