2.5 1.8898471 0.22750577
7.5 0.56874145 -0.010541671
12.5 0.24956464 -0.10560122
17.5 0.131949 -0.075298441
22.5 0.080389586 -0.047875389
27.5 0.051558809 -0.036275876
32.5 0.035025751 -0.031471505
37.5 0.024039905 -0.020489419
42.5 0.017912735 -0.01819039
47.5 0.011185889 -0.015215847
52.5 0.0092614047 -0.011330549
57.5 0.0067831476 -0.0091294028
62.5 0.005884468 -0.0084877492
67.5 0.0046938283 -0.0046479769
72.5 0.0036031291 -0.0070503506
77.5 0.002535318 -0.0058148962
82.5 0.0019719385 -0.0053583778
87.5 0.00088606595 -0.0049829002
92.5 0.0015002035 -0.0043261484
97.5 0.0014008539 -0.0021985447
102.5 -4.4313638e-05 -0.003793506
107.5 -0.00027055961 -0.0031103092
112.5 -0.00085126099 -0.0018203246
117.5 -0.0012120436 -0.00020174879
122.5 -0.0018252714 -0.0019843009
127.5 -0.0020972867 -0.0027107844
132.5 -0.00078032417 -0.00047526419
137.5 -0.00088032355 -0.00099206504
142.5 -0.0012098474 0.00082968402
147.5 -0.00054707103 -0.00042415992
152.5 -0.0008496903 -0.00095382494
157.5 -0.0013383623 -0.00090108124
162.5 -0.0012105268 0.0003723703
167.5 -0.00098877777 -0.00053214685
172.5 -0.001595449 -0.00045987307
177.5 -0.0015552494 -0.00061632262
182.5 -0.0017767164 -0.00069508953
187.5 -0.0014380559 0.00081345533
192.5 -0.00090849663 -1.7657158e-05
197.5 -0.00069002399 0.00099715847
