2.5 1.8935983 2.3177863e-310
7.5 0.56865419 0
12.5 0.25032056 0
17.5 0.1296542 0
22.5 0.076969767 0
27.5 0.047133532 0
32.5 0.03132962 0
37.5 0.021352096 2.3178759e-310
42.5 0.013379952 1.0490611e+22
47.5 0.010392299 2.1219958e-314
52.5 0.0054804504 0
57.5 0.0035691548 2.1005695e-317
62.5 0.0028226277 2.1219958e-314
67.5 0.0017609938 5.5463888e-317
72.5 0.0017606842 3.2367703e-317
77.5 0.00041850282 1.2648081e-321
82.5 0.0012408595 0
87.5 0.0018888266 0
92.5 0.0010936067 0
97.5 0.0018980511 0
102.5 0.0025196403 0
107.5 0.0018208254 6074.7461
112.5 0.0015524219 0
117.5 0.0018227823 2.3179091e-310
122.5 0.0014109772 3.6378054e-320
127.5 0.0014769121 2.1219958e-314
132.5 0.00089539517 0
137.5 0.00045876899 2.1005063e-317
142.5 -0.0003061627 2.1219958e-314
147.5 -0.000128263 5.5500884e-317
152.5 -0.00040482185 3.2367703e-317
157.5 -0.00035861548 1.7440517e-321
162.5 0.00020599893 3.2554657e-317
167.5 8.3147987e-05 0
172.5 -0.0012808856 0
177.5 -0.001497048 0
182.5 -0.0015454523 0
187.5 -0.0010653798 6.7040083e+18
192.5 -0.00087477929 0
197.5 -0.00081239842 2.3178162e-310
