2.5 1.9342924 2.3177863e-310
7.5 0.5745294 0
12.5 0.24974953 0
17.5 0.13096341 0
22.5 0.082679873 0
27.5 0.050182578 0
32.5 0.032567606 0
37.5 0.02284312 3.2508492e-317
42.5 0.016252257 1.0356611e+22
47.5 0.011159365 2.1219958e-314
52.5 0.00928041 0
57.5 0.0071450948 2.1005063e-317
62.5 0.0047360865 2.1219958e-314
67.5 0.002858995 4.584028e-317
72.5 0.0030341211 3.2367703e-317
77.5 0.001247896 1.2648081e-321
82.5 0.001585461 0
87.5 0.00038215326 0
92.5 -0.00057256656 0
97.5 0.00039904632 0
102.5 0.00049556297 0
107.5 1.0451752e-05 6117.2148
112.5 -0.00032901988 0
117.5 -0.00086691855 2.3178759e-310
122.5 -0.0013591826 3.6541095e-320
127.5 -0.00077872818 2.1219958e-314
132.5 -0.00087990447 0
137.5 -0.002018601 2.1004746e-317
142.5 -0.00085359195 2.1219958e-314
147.5 -0.00055098233 4.584028e-317
152.5 -0.00015466582 3.2367703e-317
157.5 -9.1462165e-05 1.2648081e-321
162.5 -0.00018190328 0
167.5 -0.00099025173 0
172.5 -0.00061912739 0
177.5 -0.00027306565 0
182.5 -0.0010332615 0
187.5 0.00012789507 5.9700491e+18
192.5 0.00014354961 0
197.5 0.00021820626 6.7183758e-317
