0 5 58949.208 5.08385e-07 2724.5926 2.3497211e-08
5 10 402059.28 3.4674071e-06 9601.6729 8.2805972e-08
10 15 1076419.6 9.2831705e-06 21591.224 1.8620529e-07
15 20 2073422.3 1.7881441e-05 43570.987 3.7576139e-07
20 25 3374240.5 2.9099852e-05 94948.92 8.188508e-07
25 30 4961499.9 4.2788567e-05 185778.1 1.6021725e-06
30 35 6821329.7 5.882796e-05 314458.25 2.7119254e-06
35 40 8938864.7 7.7089835e-05 489072.06 4.2178157e-06
40 45 11299702 9.7449979e-05 712065.15 6.1409347e-06
45 50 13889609 0.00011978564 986469.45 8.5074301e-06
50 55 16699479 0.0001440183 1312185.1 1.131644e-05
55 60 19715459 0.00017002847 1689789.5 1.4572946e-05
60 65 22927976 0.0001977336 2116346.3 1.8251623e-05
65 70 26328322 0.00022705858 2589239.6 2.2329911e-05
70 75 29906389 0.00025791626 3107679.3 2.6800997e-05
75 80 33653507 0.00029023186 3666521.8 3.1620521e-05
80 85 37560167 0.00032392336 4272330.9 3.6845091e-05
85 90 41615191 0.00035889437 4923478.8 4.2460668e-05
90 95 45813734 0.00039510311 5615013.4 4.8424545e-05
95 100 50143486 0.0004324434 6349696.2 5.4760537e-05
100 105 54594694 0.00047083115 7128006.7 6.147278e-05
105 110 59159065 0.00051019483 7949523.9 6.8557642e-05
110 115 63830985 0.00055048603 8805285.4 7.5937831e-05
115 120 68597545 0.0005915934 9699234.5 8.3647354e-05
120 125 73459325 0.00063352198 10625065 9.163183e-05
125 130 78402115 0.00067614919 11580842 9.9874564e-05
130 135 83425336 0.00071947004 12559573 0.00010831525
135 140 88520940 0.00076341514 13548870 0.00011684707
140 145 93689616 0.00080799042 14543369 0.00012542375
145 150 98923676 0.00085312958 15543193 0.00013404635
150 155 1.0422061e+08 0.00089881092 16536790 0.00014261525
155 160 1.0956948e+08 0.00094494021 17522403 0.0001511153
160 165 1.1497236e+08 0.00099153533 18503453 0.00015957598
165 170 1.204137e+08 0.0010384621 19476958 0.00016797161
170 175 1.2589482e+08 0.0010857319 20437502 0.00017625545
175 180 1.3140429e+08 0.0011332463 21397686 0.0001845362
180 185 1.3693655e+08 0.0011809572 22336289 0.00019263082
185 190 1.4248951e+08 0.0012288465 23261382 0.00020060893
190 195 1.480524e+08 0.0012768215 24160021 0.0002083589
195 200 1.5362354e+08 0.0013248677 25043770 0.00021598046
