0 5 59657.187 5.0824172e-07 2754.8214 2.3469345e-08
5 10 406890.13 3.4664481e-06 9720.2512 8.2810427e-08
10 15 1089322.7 9.2803445e-06 21898.993 1.8656565e-07
15 20 2098202.4 1.7875365e-05 44251.562 3.7699548e-07
20 25 3414432.9 2.9088821e-05 96467.444 8.2184196e-07
25 30 5020380 4.277048e-05 188745.84 1.6079959e-06
30 35 6901948.7 5.8800262e-05 319512.9 2.722049e-06
35 40 9044061.8 7.7049719e-05 496944.07 4.2336509e-06
40 45 11432112 9.7394404e-05 723534.36 6.1640577e-06
45 50 14051662 0.00011971132 1002337.9 8.5392889e-06
50 55 16893458 0.00014392164 1333312.2 1.1358981e-05
55 60 19943487 0.00016990597 1716974.9 1.4627546e-05
60 65 23192037 0.00019758157 2150364.6 1.8319754e-05
65 70 26630278 0.00022687322 2630858.9 2.2413263e-05
70 75 30247980 0.00025769377 3157618.4 2.6900923e-05
75 80 34036353 0.00028996832 3725430.7 3.1738326e-05
80 85 37985760 0.00032361479 4340935.1 3.6982037e-05
85 90 42084893 0.00035853682 5002489.9 4.2618068e-05
90 95 46328818 0.00039469239 5705140.7 4.8604211e-05
95 100 50705043 0.00043197508 6451725.9 5.4964647e-05
100 105 55203721 0.00047030098 7242692 6.1703181e-05
105 110 59816442 0.00050959846 8077631.5 6.881634e-05
110 115 64537483 0.00054981877 8947488.7 7.6226977e-05
115 120 69353817 0.0005908509 9856182 8.3968472e-05
120 125 74266026 0.00063269983 10797361 9.1986725e-05
125 130 79259739 0.00067524313 11769006 0.00010026453
130 135 84334389 0.00071847596 12763954 0.00010874086
135 140 89481901 0.00076232952 13769657 0.00011730882
140 145 94702948 0.00080680955 14780633 0.0001259217
145 150 99989822 0.0008518504 15796977 0.00013458031
150 155 1.0533992e+08 0.0008974299 16806908 0.00014318429
155 160 1.1074233e+08 0.000943455 17808733 0.0001517192
160 165 1.1619907e+08 0.00098994296 18805804 0.00016021362
165 170 1.2169443e+08 0.00103676 19795194 0.0001686426
170 175 1.2722976e+08 0.0010839176 20771449 0.00017695968
175 180 1.3279351e+08 0.0011313172 21747228 0.00018527271
180 185 1.3838008e+08 0.0011789112 22701194 0.00019339989
185 190 1.4398733e+08 0.0012266815 23641527 0.00020141094
190 195 1.496044e+08 0.0012745354 24555117 0.00020919415
195 200 1.5522955e+08 0.0013224581 25453659 0.00021684916
