0 5 59560.905 5.0870946e-07 2757.7723 2.3554123e-08
5 10 406227.12 3.4695843e-06 9694.8857 8.2803982e-08
10 15 1087637.7 9.289509e-06 21719.898 1.8550956e-07
15 20 2095176.9 1.7894897e-05 43713.551 3.7335727e-07
20 25 3409907.7 2.9124008e-05 95189.857 8.130162e-07
25 30 5014376.1 4.2827767e-05 186256.26 1.590814e-06
30 35 6894681 5.8887443e-05 315206.01 2.6921733e-06
35 40 9035868.5 7.7175318e-05 490214.2 4.1869176e-06
40 45 11423449 9.7567637e-05 713712.43 6.0958151e-06
45 50 14043106 0.00011994211 988791.96 8.4452683e-06
50 55 16885718 0.00014422085 1315236.9 1.1233433e-05
55 60 19937269 0.00017028414 1693761.6 1.4466411e-05
60 65 23188139 0.00019804981 2121379.2 1.8118692e-05
65 70 26629560 0.00022744297 2595397.8 2.2167282e-05
70 75 30251324 0.00025837644 3115097.4 2.6606035e-05
75 80 34044704 0.00029077568 3675294.6 3.1390677e-05
80 85 38000110 0.00032455879 4282628.1 3.657791e-05
85 90 42106250 0.00035962932 4935441.8 4.215359e-05
90 95 46358285 0.00039594594 5628620.2 4.8074023e-05
95 100 50743843 0.00043340297 6364867.1 5.4362305e-05
100 105 55253026 0.00047191588 7144743.3 6.1023225e-05
105 110 59877490 0.00051141341 7967786.7 6.8052835e-05
110 115 64611643 0.00055184779 8824913.7 7.5373553e-05
115 120 69442371 0.00059310702 9720251.1 8.3020627e-05
120 125 74370269 0.00063519618 10647366 9.0939111e-05
125 130 79380959 0.00067799246 11604423 9.9113328e-05
130 135 84473819 0.00072149056 12584525 0.00010748438
135 140 89640583 0.00076561987 13575183 0.00011594559
140 145 94881993 0.00081038674 14571080 0.00012445154
145 150 1.0019014e+08 0.00085572359 15572399 0.0001330038
150 155 1.0556259e+08 0.00090160964 16567647 0.00014150421
155 160 1.1098803e+08 0.0009479483 17554877 0.00014993614
160 165 1.1646869e+08 0.00099475866 18537763 0.00015833096
165 170 1.2198878e+08 0.0010419057 19513117 0.00016666146
170 175 1.2754963e+08 0.0010894009 20475412 0.00017488041
175 180 1.331397e+08 0.0011371457 21437564 0.00018309815
180 185 1.3875325e+08 0.001185091 22377857 0.00019112919
185 190 1.4438821e+08 0.0012332192 23304418 0.00019904294
190 195 1.500337e+08 0.0012814372 24204200 0.00020672798
195 200 1.5568804e+08 0.0013297309 25088896 0.00021428416
