0 5 59491.725 5.0876963e-07 2755.395 2.3563972e-08
5 10 405754.58 3.4699887e-06 9682.5446 8.2804536e-08
10 15 1086382.5 9.2906776e-06 21678.621 1.8539426e-07
15 20 2092783.6 1.7897359e-05 43610.685 3.7295594e-07
20 25 3406057.1 2.9128394e-05 94954.039 8.1204121e-07
25 30 5008786.2 4.2834837e-05 185795.98 1.588916e-06
30 35 6887105 5.8898106e-05 314416.63 2.688872e-06
35 40 9026088.2 7.7190561e-05 488983 4.1817531e-06
40 45 11411274 9.7588524e-05 711917.25 6.0882733e-06
45 50 14028371 0.00011996978 986311.74 8.4348784e-06
50 55 16868285 0.00014425655 1311931.5 1.1219559e-05
55 60 19917011 0.00017032908 1689512 1.4448604e-05
60 65 23164950 0.00019810525 2116066.6 1.8096474e-05
65 70 26603348 0.00022751022 2588898.2 2.2140101e-05
70 75 30222011 0.00025845681 3107300.9 2.6573449e-05
75 80 34012226 0.0002908705 3666099.5 3.1352262e-05
80 85 37964419 0.00032466942 4271926.3 3.6533255e-05
85 90 42067311 0.00035975711 4923125.1 4.2102268e-05
90 95 46316078 0.0003960923 5614567.3 4.801544e-05
95 100 50698372 0.00043356941 6348939.4 5.4295746e-05
100 105 55204300 0.00047210384 7126814.2 6.0948084e-05
105 110 59825536 0.00051162437 7947723.9 6.7968454e-05
110 115 64556505 0.00055208333 8802590.8 7.5279224e-05
115 120 69384097 0.0005933686 9695560.9 8.2915851e-05
120 125 74308908 0.00063548529 10620198 9.0823293e-05
125 130 79316573 0.00067831054 11574690 9.8986046e-05
130 135 84406465 0.00072183899 12552176 0.00010734545
135 140 89570305 0.00076599983 13540184 0.00011579484
140 145 94808841 0.00081079948 14533423 0.00012428896
145 150 1.0011415e+08 0.00085617015 15532085 0.00013282945
150 155 1.0548382e+08 0.00090209121 16524719 0.0001413184
155 160 1.109065e+08 0.00094846567 17509354 0.00014973894
160 165 1.1638445e+08 0.00099531282 18489695 0.00015812275
165 170 1.2190188e+08 0.0010424975 19462527 0.00016644235
170 175 1.2746012e+08 0.0010900312 20422321 0.00017465046
175 180 1.3304764e+08 0.0011378153 21382010 0.00018285766
180 185 1.3865869e+08 0.0011858007 22319857 0.00019087807
185 190 1.442912e+08 0.0012339697 23243973 0.00019878105
190 195 1.4993432e+08 0.0012822292 24141333 0.00020645522
195 200 1.5558636e+08 0.0013305652 25023617 0.00021400046
