0 5 58779.142 5.0889208e-07 2723.989 2.3583475e-08
5 10 400893.15 3.470812e-06 9564.4783 8.2806368e-08
10 15 1073385.8 9.2930501e-06 21387.91 1.8517007e-07
15 20 2067794.5 1.7902341e-05 42987.546 3.7217321e-07
20 25 3365472.7 2.9137248e-05 93574.383 8.1013878e-07
25 30 4949245 4.284907e-05 183098.63 1.5852127e-06
30 35 6805448.5 5.891952e-05 309831.75 2.6824298e-06
35 40 8919358 7.7221111e-05 481845.72 4.1716749e-06
40 45 11276705 9.7630314e-05 701520.84 6.0735558e-06
45 50 13863392 0.00012002506 971921.53 8.4146034e-06
50 55 16670456 0.00014432778 1292778.1 1.1192483e-05
55 60 19684057 0.00017041863 1664860.1 1.4413856e-05
60 65 22894726 0.00019821563 2085209.9 1.8053118e-05
65 70 26293824 0.000227644 2551146.8 2.2087059e-05
70 75 29871282 0.00025861655 3061999 2.6509863e-05
75 80 33618501 0.00029105884 3612657.6 3.1277299e-05
80 85 37526028 0.00032488903 4209677.6 3.6446119e-05
85 90 41582719 0.00036001063 4851419.1 4.2002123e-05
90 95 45783825 0.00039638254 5532778.4 4.7901126e-05
95 100 50117169 0.00043389934 6256381.6 5.4165864e-05
100 105 54572964 0.00047247626 7022819.6 6.0801454e-05
105 110 59142992 0.00051204218 7831618.2 6.7803788e-05
110 115 63821771 0.00055254964 8673799.4 7.5095138e-05
115 120 68596327 0.00059388631 9553505.7 8.2711371e-05
120 125 73467250 0.00063605729 10464358 9.0597258e-05
125 130 78420341 0.00067893966 11404605 9.8737629e-05
130 135 83454969 0.00072252795 12367524 0.00010707429
135 140 88562910 0.00076675096 13340799 0.00011550061
140 145 93744918 0.00081161523 14319236 0.00012397163
145 150 98993116 0.00085705254 15303045 0.00013248915
150 155 1.0430516e+08 0.00090304259 16280971 0.00014095573
155 160 1.0966975e+08 0.00094948758 17251009 0.00014935403
160 165 1.1508916e+08 0.00099640723 18216891 0.00015771635
165 170 1.2054775e+08 0.0010436661 19175384 0.00016601469
170 175 1.2604686e+08 0.0010912757 20121007 0.00017420161
175 180 1.3157507e+08 0.0011391373 21066598 0.00018238825
180 185 1.3712669e+08 0.0011872015 21990591 0.0001903879
185 190 1.4269968e+08 0.0012354508 22900991 0.00019826987
190 195 1.482833e+08 0.0012837921 23784939 0.00020592282
195 200 1.5387591e+08 0.0013322112 24653978 0.0002134467
