0 5 58863.293 5.0856961e-07 2723.4824 2.353046e-08
5 10 401470.86 3.4686452e-06 9583.9363 8.2803705e-08
10 15 1074879 9.2867856e-06 21504.162 1.8579258e-07
15 20 2070539.9 1.788914e-05 43327.037 3.7433879e-07
20 25 3369703.9 2.9113712e-05 94376.658 8.1539951e-07
25 30 4955080.5 4.2811117e-05 184662.34 1.5954536e-06
30 35 6812885.3 5.8862259e-05 312533.74 2.7002424e-06
35 40 8928313.2 7.7139224e-05 486066.75 4.1995404e-06
40 45 11287019 9.7518072e-05 707680.45 6.114248e-06
45 50 13874827 0.00011987633 980418.62 8.4706629e-06
50 55 16682692 0.00014413584 1304114.5 1.1267344e-05
55 60 19696768 0.00017017699 1679420.9 1.4509933e-05
60 65 22907528 0.00019791745 2103394.3 1.8172997e-05
65 70 26306294 0.00022728225 2573393.9 2.2233719e-05
70 75 29882975 0.00025818421 3088676.5 2.668568e-05
75 80 33628934 0.00029054871 3644113.9 3.1484572e-05
80 85 37534684 0.00032429378 4246264.2 3.6687056e-05
85 90 41589067 0.00035932301 4893495.5 4.2279033e-05
90 95 45787277 0.00039559488 5580797.4 4.8217214e-05
95 100 50117059 0.00043300352 6310877.3 5.4524989e-05
100 105 54568650 0.00047146457 7084258.3 6.120688e-05
105 110 59133789 0.00051090666 7900498.7 6.8259068e-05
110 115 63806918 0.00055128175 8750632.6 7.5604092e-05
115 120 68575104 0.00059247813 9638680.7 8.3276688e-05
120 125 73438932 0.00063450084 10558311 9.1222145e-05
125 130 78384201 0.00067722719 11507659 9.9424368e-05
130 135 83410310 0.00072065199 12479843 0.00010782388
135 140 88509147 0.00076470513 13462507 0.00011631395
140 145 93681424 0.00080939279 14450356 0.00012484881
145 150 98919382 0.00085464793 15443547 0.00013342982
150 155 1.0422057e+08 0.00090044938 16430648 0.00014195822
155 160 1.0957393e+08 0.00094670152 17409806 0.00015041799
160 165 1.149816e+08 0.00099342294 18384562 0.00015883973
165 170 1.2042799e+08 0.001040479 19351837 0.00016719684
170 175 1.2591445e+08 0.0010878811 20306192 0.00017544231
175 180 1.3142955e+08 0.0011355307 21260316 0.00018368579
180 185 1.3696767e+08 0.0011833792 22192859 0.00019174282
185 190 1.4252675e+08 0.0012314087 23111863 0.00019968287
190 195 1.4809603e+08 0.0012795264 24004423 0.00020739444
195 200 1.5367385e+08 0.0013277179 24882090 0.00021497735
