0 5 59587.532 5.0910648e-07 2764.1118 2.3616136e-08
5 10 406404.37 3.4722549e-06 9692.5389 8.2811525e-08
10 15 1088174.3 9.2971898e-06 21630.368 1.8480646e-07
15 20 2096362.6 1.7910992e-05 43410.98 3.7089657e-07
20 25 3412112.5 2.9152551e-05 94457.908 8.0703347e-07
25 30 5018066.7 4.2873571e-05 184831.13 1.579168e-06
30 35 6900436 5.8956238e-05 312729.65 2.6719128e-06
35 40 9044328.5 7.7273317e-05 486341.06 4.1552213e-06
40 45 11435314 9.7701518e-05 708057.03 6.0495277e-06
45 50 14059133 0.00012011902 980999.28 8.3815032e-06
50 55 16906746 0.00014444857 1304832.1 1.114828e-05
55 60 19964110 0.00017057021 1680406.4 1.4357128e-05
60 65 23221655 0.00019840216 2104713.3 1.7982339e-05
65 70 26670640 0.00022786974 2575008.6 2.2000468e-05
70 75 30300858 0.00025888576 3090653.7 2.6406058e-05
75 80 34103611 0.00029137588 3646476.8 3.1154923e-05
80 85 38069328 0.00032525834 4249126.8 3.630387e-05
85 90 42186709 0.00036043659 4896935 4.1838641e-05
90 95 46450972 0.00039686978 5584666.8 4.7714513e-05
95 100 50849808 0.00043445275 6314937.6 5.3953831e-05
100 105 55373271 0.0004731005 7088387.8 6.0562068e-05
105 110 60013050 0.00051274204 7904516.9 6.7534946e-05
110 115 64763631 0.00055333026 8754207.9 7.4794572e-05
115 120 69611823 0.00059475244 9641737.7 8.2377488e-05
120 125 74558227 0.00063701374 10560606 9.0228157e-05
125 130 79588442 0.0006799911 11509102 9.8331957e-05
130 135 84701803 0.00072367886 12480504 0.00010663146
135 140 89889904 0.00076800517 13462338 0.00011502009
140 145 95153532 0.00081297678 14449396 0.00012345337
145 150 1.0048463e+08 0.0008585248 15441923 0.00013193336
150 155 1.0588086e+08 0.00090462941 16428604 0.00014036341
155 160 1.1133065e+08 0.00095119152 17407317 0.00014872537
160 165 1.1683637e+08 0.00099823151 18381961 0.00015705258
165 170 1.2238211e+08 0.0010456135 19349163 0.0001653162
170 175 1.2796924e+08 0.001093349 20303339 0.00017346853
175 180 1.3358617e+08 0.0011413392 21257601 0.00018162159
180 185 1.3922709e+08 0.0011895343 22189938 0.00018958734
185 190 1.4488994e+08 0.0012379168 23108453 0.00019743498
190 195 1.5056383e+08 0.0012863936 24000122 0.00020505326
195 200 1.5624711e+08 0.0013349507 24876656 0.00021254223
