0 5 59610.073 5.0863577e-07 2759.0043 2.3541798e-08
5 10 406563.36 3.4690893e-06 9704.2556 8.2803648e-08
10 15 1088525.2 9.2880754e-06 21758.128 1.8565591e-07
15 20 2096855.5 1.7891871e-05 43815.529 3.7386542e-07
20 25 3412583.4 2.9118602e-05 95426.87 8.1425029e-07
25 30 5018219.2 4.2819035e-05 186718.57 1.5932164e-06
30 35 6899825.8 5.8874248e-05 316001.61 2.6963517e-06
35 40 9042423.4 7.7156423e-05 491456 4.193454e-06
40 45 11431497 9.754171e-05 715523.74 6.1053602e-06
45 50 14052704 0.00011990772 991292.71 8.4584183e-06
50 55 16896900 0.00014417643 1318571.3 1.1250993e-05
55 60 19950060 0.00017022818 1698046.6 1.4488948e-05
60 65 23202546 0.00019798071 2126733.6 1.8146812e-05
65 70 26645575 0.0002273591 2601948.5 2.2201685e-05
70 75 30268930 0.00025827616 3122954 2.6647277e-05
75 80 34063871 0.00029065731 3684559.6 3.1439298e-05
80 85 38020795 0.00032442061 4293408.1 3.6634428e-05
85 90 42128401 0.00035946965 4947844.4 4.2218546e-05
90 95 46381834 0.00039576298 5642772.5 4.814817e-05
95 100 50768696 0.00043319482 6380916.9 5.4446546e-05
100 105 55279093 0.00047168075 7162822.8 6.1118326e-05
105 110 59904665 0.00051114944 7988035.3 6.8159629e-05
110 115 64639799 0.00055155299 8847469.3 7.5492935e-05
115 120 69471384 0.00059277953 9745224.8 8.3153227e-05
120 125 74400015 0.00063483413 10674877 9.1085681e-05
125 130 79411305 0.00067759404 11634562 9.9274403e-05
130 135 84504641 0.00072105403 12617344 0.0001076602
135 140 89671779 0.00076514374 13610715 0.00011613635
140 145 94913450 0.00080986943 14609333 0.00012465727
145 150 1.0022177e+08 0.0008551638 15613368 0.00013322442
150 155 1.0559428e+08 0.00090100587 16611281 0.00014173933
155 160 1.1101971e+08 0.00094729956 17601159 0.00015018568
160 165 1.1650028e+08 0.00099406369 18586632 0.00015859444
165 170 1.2202018e+08 0.0010411634 19564548 0.00016693872
170 175 1.2758076e+08 0.0010886102 20529386 0.0001751714
175 180 1.3317045e+08 0.0011363055 21494035 0.00018340248
180 185 1.3878356e+08 0.0011842005 22436818 0.00019144697
185 190 1.4441798e+08 0.0012322774 23365874 0.00019937434
190 195 1.5006283e+08 0.0012804434 24268140 0.00020707313
195 200 1.5571643e+08 0.0013286839 25155317 0.00021464315
