0 5 59113.421 5.0865632e-07 2736.3098 2.3545267e-08
5 10 403175.76 3.4692274e-06 9623.0201 8.2803701e-08
10 15 1079458.8 9.2884756e-06 21571.161 1.8561449e-07
15 20 2079399.4 1.7892716e-05 43432.016 3.7372173e-07
20 25 3384189.9 2.9120114e-05 94587.429 8.1390137e-07
25 30 4976492 4.2821479e-05 185076.47 1.5925371e-06
30 35 6842491.9 5.8877945e-05 313218.83 2.6951703e-06
35 40 8967338.2 7.716172e-05 487126.88 4.191606e-06
40 45 11336641 9.7548983e-05 709219.92 6.1026615e-06
45 50 13936180 0.00011991737 982561.78 8.4547004e-06
50 55 16756893 0.00014418891 1306955.6 1.1246028e-05
55 60 19784870 0.0001702439 1683090.5 1.4482576e-05
60 65 23010556 0.00019800013 2108005.2 1.8138861e-05
65 70 26425244 0.00022738267 2579035.2 2.2191958e-05
70 75 30018803 0.00025830435 3095454.3 2.6635616e-05
75 80 33782565 0.00029069059 3652115.8 3.1425551e-05
80 85 37707011 0.00032445947 4255607.7 3.6618448e-05
85 90 41780933 0.00035951456 4904287.9 4.2200181e-05
90 95 45999519 0.00039581445 5593096.3 4.8127206e-05
95 100 50350480 0.00043325339 6324729.5 5.4422728e-05
100 105 54824000 0.00047174692 7099732.6 6.1091438e-05
105 110 59411792 0.00051122373 7917652.4 6.8129435e-05
110 115 64108294 0.00055163597 8769478 7.5459183e-05
115 120 68900501 0.00059287172 9659283.4 8.3115738e-05
120 125 73789002 0.00063493606 10580693 9.1044242e-05
125 130 78759531 0.00067770622 11531868 9.9228864e-05
130 135 83811475 0.00072117695 12505938 0.00010761049
135 140 88936651 0.00076527782 13490501 0.00011608242
140 145 94135790 0.00081001512 14480267 0.00012459911
145 150 99401060 0.00085532146 15475409 0.00013316205
150 155 1.0473003e+08 0.00090117593 16464490 0.00014167286
155 160 1.1011152e+08 0.0009474823 17445608 0.00015011513
160 165 1.1554772e+08 0.00099425946 18422373 0.00015851995
165 170 1.2102296e+08 0.0010413725 19391649 0.00016686033
170 175 1.2653857e+08 0.001088833 20347959 0.00017508914
175 180 1.3208309e+08 0.0011365422 21304094 0.00018331644
180 185 1.3765085e+08 0.0011844514 22238541 0.00019135713
185 190 1.4323978e+08 0.0012325428 23159372 0.00019928065
190 195 1.4883908e+08 0.0012807234 24053633 0.00020697555
195 200 1.544471e+08 0.001328979 24932928 0.00021454166
