0 5 58547.495 5.0828245e-07 2704.2996 2.3477487e-08
5 10 399320.89 3.4667205e-06 9538.5 8.2808874e-08
10 15 1069067.2 9.2811501e-06 21477.633 1.8645894e-07
15 20 2059208.6 1.7877103e-05 43382.947 3.7663081e-07
20 25 3351016.6 2.9091986e-05 94563.673 8.2095836e-07
25 30 4927199.8 4.2775685e-05 185021.96 1.6062756e-06
30 35 6773941.9 5.8808251e-05 313200.01 2.7190586e-06
35 40 8876456.1 7.7061313e-05 487122.48 4.2289735e-06
40 45 11220416 9.7410493e-05 709232.16 6.1572277e-06
45 50 13791662 0.00011973287 982530.5 8.5298783e-06
50 55 16581124 0.0001439497 1306958.8 1.1346415e-05
55 60 19575047 0.00016994157 1683044.4 1.4611418e-05
60 65 22763907 0.00019762578 2107878.1 1.8299629e-05
65 70 26139044 0.00022692717 2578879 2.2388642e-05
70 75 29690418 0.00025775857 3095234.8 2.6871406e-05
75 80 33409407 0.00029004512 3651832.1 3.1703528e-05
80 85 37286557 0.00032370475 4255187.7 3.6941585e-05
85 90 41310768 0.00035864111 4903688.9 4.2571574e-05
90 95 45477210 0.00039481224 5592456.6 4.8551139e-05
95 100 49773631 0.00043211179 6324264.1 5.4904356e-05
100 105 54190360 0.00047045581 7099560.7 6.1635124e-05
105 110 58719149 0.00050977267 7917941.1 6.8739927e-05
110 115 63354395 0.00055001375 8770513.9 7.6141572e-05
115 120 68083300 0.00059106793 9661145.4 8.3873625e-05
120 125 72906438 0.0006329402 10583594 9.1881904e-05
125 130 77809703 0.00067550809 11535896 0.00010014935
130 135 82792533 0.00071876673 12511047 0.00010861516
135 140 87846982 0.00076264713 13496734 0.00011717244
140 145 92973717 0.0008071551 14487594 0.00012577463
145 150 98165156 0.00085222478 15483728 0.00013442261
150 155 1.0341876e+08 0.00089783415 16473600 0.00014301623
155 160 1.0872377e+08 0.00094388981 17455525 0.00015154085
160 165 1.1408219e+08 0.0009904092 18432824 0.0001600253
165 170 1.1947861e+08 0.0010372584 19402597 0.00016844444
170 175 1.2491434e+08 0.0010844489 20359485 0.0001767517
175 180 1.3037804e+08 0.0011318822 21315939 0.00018505519
180 185 1.358642e+08 0.0011795105 22250977 0.00019317276
185 190 1.4137073e+08 0.0012273158 23172625 0.00020117408
190 195 1.4688697e+08 0.0012752052 24068018 0.00020894748
195 200 1.5241122e+08 0.0013231642 24948638 0.00021659261
