0 5 58984.956 5.0857978e-07 2729.2611 2.3532221e-08
5 10 402300.52 3.4687134e-06 9603.5494 8.2803673e-08
10 15 1077102.1 9.286984e-06 21545.701 1.8577123e-07
15 20 2074826.8 1.788956e-05 43407.151 3.7426491e-07
20 25 3376688.6 2.9114466e-05 94549.032 8.1522016e-07
25 30 4965364.5 4.2812339e-05 184999.82 1.5951044e-06
30 35 6827045 5.8864111e-05 313103.02 2.6996352e-06
35 40 8946896.4 7.7141883e-05 486951.49 4.1985906e-06
40 45 11310546 9.7521729e-05 708968.1 6.112861e-06
45 50 13903790 0.00011988119 982203.76 8.4687521e-06
50 55 16717568 0.00014414212 1306487.8 1.1264793e-05
55 60 19738004 0.00017018492 1682478.6 1.4506658e-05
60 65 22955554 0.00019792725 2107225.7 1.816891e-05
65 70 26361520 0.00022729416 2578081.4 2.222872e-05
70 75 29945794 0.00025819847 3094303.5 2.6679687e-05
75 80 33699720 0.00029056555 3650753.4 3.1477506e-05
80 85 37613794 0.00032431346 4254003.1 3.6678843e-05
85 90 41676832 0.00035934576 4902416.9 4.2269594e-05
90 95 45884022 0.00039562097 5590970.8 4.8206439e-05
95 100 50223085 0.00043303322 6322374.9 5.4512748e-05
100 105 54684236 0.00047149813 7097155.9 6.119306e-05
105 110 59259199 0.00051094435 7914870 6.824355e-05
110 115 63942406 0.00055132387 8766531.9 7.5586745e-05
115 120 68720895 0.00059252494 9656175.1 8.3257422e-05
120 125 73595254 0.00063455261 10577452 9.120085e-05
125 130 78551250 0.00067728418 11528499 9.9400967e-05
130 135 83588282 0.00072071445 12502425 0.00010779834
135 140 88698215 0.00076477328 13486849 0.00011628624
140 145 93881764 0.00080946685 14476467 0.00012481892
145 150 99131151 0.00085472809 15471440 0.00013339777
150 155 1.0444393e+08 0.00090053586 16460318 0.00014192406
155 160 1.0980899e+08 0.00094679446 17441236 0.00015038174
160 165 1.152285e+08 0.00099352253 18417753 0.00015880145
165 170 1.2068683e+08 0.0010405854 19386776 0.00016715656
170 175 1.2618532e+08 0.0010879944 20342852 0.00017540004
175 180 1.3171253e+08 0.0011356511 21298705 0.00018364158
180 185 1.3726283e+08 0.0011835069 22232930 0.00019169665
185 190 1.4283414e+08 0.0012315438 23153586 0.00019963472
190 195 1.4841569e+08 0.001279669 24047741 0.00020734431
195 200 1.5400581e+08 0.0013278681 24926972 0.0002149252
