0 5 59280.988 5.0868265e-07 2744.4379 2.3549673e-08
5 10 404318.31 3.4694042e-06 9649.8121 8.2803814e-08
10 15 1082522.4 9.2889877e-06 21625.087 1.8556213e-07
15 20 2085312 1.7893798e-05 43531.695 3.7353995e-07
20 25 3393832.5 2.9122046e-05 94799.2 8.1345991e-07
25 30 4990704.2 4.28246e-05 185491.35 1.5916777e-06
30 35 6862082.6 5.8882661e-05 313916.26 2.6936757e-06
35 40 8993079.3 7.7168473e-05 488209.97 4.1892678e-06
40 45 11369268 9.755825e-05 710795.62 6.0992471e-06
45 50 13976394 0.00011992967 984747.85 8.4499964e-06
50 55 16805374 0.00014420478 1309860.5 1.1239747e-05
55 60 19842258 0.0001702639 1686834.7 1.4474514e-05
60 65 23077468 0.00019802483 2112699 1.8128802e-05
65 70 26502274 0.00022741265 2584778 2.2179652e-05
70 75 30106517 0.0002583402 3102349 2.6620863e-05
75 80 33881507 0.00029073291 3660252 3.1408158e-05
80 85 37817698 0.00032450887 4265094 3.6598231e-05
85 90 41903853 0.00035957165 4915227.6 4.2176945e-05
90 95 46135148 0.00039587986 5605569.6 4.8100682e-05
95 100 50499267 0.0004333278 6338818 5.4392594e-05
100 105 54986360 0.00047183098 7115525.1 6.1057419e-05
105 110 59588121 0.00051131811 7935233.6 6.8091233e-05
110 115 64298977 0.00055174137 8788904.9 7.5416478e-05
115 120 69105882 0.00059298881 9680635.4 8.3068305e-05
120 125 74009427 0.00063506551 10604027 9.0991812e-05
125 130 78995303 0.00067784868 11557244 9.9171245e-05
130 135 84062894 0.00072133303 12533410 0.0001075476
135 140 89203983 0.00076544807 13520090 0.00011601418
140 145 94419305 0.00081020009 14511986 0.00012452551
145 150 99700998 0.00085552162 15509276 0.00013308313
150 155 1.0504663e+08 0.00090139182 16500506 0.00014158875
155 160 1.1044497e+08 0.00094771427 17483753 0.00015002586
160 165 1.1589822e+08 0.00099450796 18462655 0.0001584257
165 170 1.2139067e+08 0.0010416379 19434054 0.00016676115
170 175 1.2692365e+08 0.0010891157 20392452 0.00017498505
175 180 1.3248566e+08 0.0011368426 21350692 0.00018320758
180 185 1.3807101e+08 0.0011847698 22287179 0.00019124346
185 190 1.4367763e+08 0.0012328795 23210005 0.00019916211
190 195 1.4929469e+08 0.0012810788 24106181 0.00020685208
195 200 1.5492052e+08 0.0013293533 24987346 0.00021441324
