0 5 58963.425 5.0859722e-07 2728.5195 2.3535224e-08
5 10 402153.45 3.4688305e-06 9599.7106 8.2803638e-08
10 15 1076711.4 9.2873241e-06 21532.887 1.8573491e-07
15 20 2074081.8 1.7890281e-05 43375.243 3.7413919e-07
20 25 3375489.9 2.9115757e-05 94475.895 8.1491496e-07
25 30 4963624.2 4.281443e-05 184857.06 1.5945103e-06
30 35 6824686.2 5.8867279e-05 312858.21 2.698602e-06
35 40 8943850.9 7.7146429e-05 486569.66 4.1969742e-06
40 45 11306754 9.7527979e-05 708411.37 6.1105007e-06
45 50 13899201 0.00011988949 981434.57 8.4655003e-06
50 55 16712137 0.00014415286 1305462.7 1.126045e-05
55 60 19731694 0.00017019846 1681160.7 1.4501085e-05
60 65 22948329 0.000197944 2105578.1 1.8161956e-05
65 70 26353352 0.0002273145 2576065.7 2.2220213e-05
70 75 29936659 0.00025822281 3091885.5 2.6669488e-05
75 80 33689597 0.00029059431 3647901.7 3.1465483e-05
80 85 37602668 0.00032434704 4250684.2 3.6664867e-05
85 90 41664693 0.0003593846 4898597.1 4.225353e-05
90 95 45870861 0.00039566549 5586612.5 4.8188103e-05
95 100 50208905 0.00043308388 6317435.2 5.4491916e-05
100 105 54669039 0.00047155539 7091595.6 6.1169543e-05
105 110 59242993 0.00051100867 7908648 6.8217143e-05
110 115 63925204 0.00055139573 8759609.1 7.5557226e-05
115 120 68702712 0.00059260479 9648518.3 8.3224635e-05
120 125 73576104 0.00063464091 10569027 9.116461e-05
125 130 78531154 0.00067738138 11519279 9.9361142e-05
130 135 83567256 0.00072082098 12492393 0.00010775487
135 140 88676272 0.0007648895 13475996 0.00011623907
140 145 93858920 0.00080959316 14464790 0.00012476806
145 150 99107417 0.0008548648 15458939 0.00013334323
150 155 1.0441932e+08 0.00090068334 16447006 0.00014186593
155 160 1.0978351e+08 0.00094695296 17427120 0.00015032004
160 165 1.1520217e+08 0.00099369235 18402847 0.00015873631
165 170 1.2065967e+08 0.0010407668 19371088 0.00016708801
170 175 1.2615734e+08 0.0010881877 20326389 0.00017532809
175 180 1.3168375e+08 0.0011358565 21281478 0.00018356635
180 185 1.3723326e+08 0.0011837246 22214944 0.00019161809
185 190 1.428038e+08 0.001231774 23134842 0.00019955279
190 195 1.483846e+08 0.001279912 24028246 0.00020725898
195 200 1.53974e+08 0.0013281242 24906729 0.00021483645
