0 5 58062.182 5.0839203e-07 2683.708 2.3498527e-08
5 10 396009.28 3.4674542e-06 9457.0457 8.2805821e-08
10 15 1060223.5 9.2833087e-06 21264.136 1.8618861e-07
15 20 2042228.4 1.7881736e-05 42908.225 3.757041e-07
20 25 3323482.4 2.9100387e-05 93503.035 8.1871187e-07
25 30 4886874.9 4.278944e-05 182949.23 1.601902e-06
30 35 6718746.4 5.8829292e-05 309668.51 2.7114551e-06
35 40 8804456.9 7.7091758e-05 481622.18 4.2170801e-06
40 45 11129822 9.7452637e-05 701218.13 6.1398606e-06
45 50 13680824 0.00011978919 971443.3 8.5059502e-06
50 55 16448496 0.00014402291 1292196.7 1.1314464e-05
55 60 19419192 0.0001700343 1664050 1.457041e-05
60 65 22583485 0.00019774082 2084110.8 1.8248458e-05
65 70 25932798 0.00022706738 2549801.1 2.2326039e-05
70 75 29457176 0.00025792681 3060344.7 2.6796355e-05
75 80 33148081 0.00029024435 3610675.7 3.1615049e-05
80 85 36996145 0.00032393797 4207259.2 3.683873e-05
85 90 40990360 0.00035891129 4848491.7 4.2453357e-05
90 95 45125956 0.00039512253 5529493 4.8416199e-05
95 100 49390808 0.00043246554 6252981.2 5.4751056e-05
100 105 53775308 0.00047085619 7019430.1 6.1462077e-05
105 110 58271291 0.00051022299 7828424.4 6.8545625e-05
110 115 62873229 0.00055051752 8671135.7 7.5924399e-05
115 120 67568404 0.00059162843 9551451.4 8.3632436e-05
120 125 72357389 0.00063356075 10463159 9.1615342e-05
125 130 77226186 0.0006761919 11404355 9.9856447e-05
130 135 82174225 0.00071951689 12368156 0.00010829548
135 140 87193576 0.00076346629 13342361 0.00011682562
140 145 92284917 0.00080804604 14321690 0.00012540061
145 150 97440675 0.00085318981 15306265 0.00013402154
150 155 1.0265837e+08 0.00089887594 16284712 0.00014258881
155 160 1.0792724e+08 0.00094501012 17255295 0.00015108724
160 165 1.1324933e+08 0.00099161026 18221390 0.00015954636
165 170 1.186093e+08 0.0010385422 19180057 0.00016794043
170 175 1.2400847e+08 0.0010858172 20125957 0.00017622273
175 180 1.2943559e+08 0.001133337 21071510 0.00018450198
180 185 1.3488515e+08 0.0011810534 21995804 0.00019259509
185 190 1.4035511e+08 0.0012289483 22906788 0.00020057166
190 195 1.4583487e+08 0.001276929 23791717 0.00020832009
195 200 1.5132277e+08 0.001324981 24661978 0.0002159401
