0 5 58315.493 5.0863945e-07 2699.1377 2.3542421e-08
5 10 397733.79 3.4691141e-06 9493.4358 8.2803655e-08
10 15 1064885.7 9.2881472e-06 21284.587 1.8564845e-07
15 20 2051319.6 1.7892022e-05 42860.689 3.7383954e-07
20 25 3338477.7 2.9118874e-05 93346.559 8.1418746e-07
25 30 4909250.9 4.2819473e-05 182648.17 1.5930941e-06
30 35 6750006.3 5.8874912e-05 309112.22 2.6961389e-06
35 40 8846089.9 7.7157374e-05 480741.18 4.1931212e-06
40 45 11183303 9.7543016e-05 699923.58 6.1048742e-06
45 50 13747614 0.00011990945 969680.56 8.4577488e-06
50 55 16530079 0.00014417867 1289823.4 1.1250099e-05
55 60 19516978 0.00017023101 1661025.7 1.4487801e-05
60 65 22698881 0.0001979842 2080367.1 1.814538e-05
65 70 26067197 0.00022736333 2545221.5 2.2199933e-05
70 75 29611932 0.00025828123 3054868.5 2.6645177e-05
75 80 33324535 0.00029066329 3604230.4 3.1436822e-05
80 85 37195611 0.0003244276 4199805.8 3.6631551e-05
85 90 41214106 0.00035947772 4839975.5 4.2215239e-05
90 95 45375270 0.00039577223 5519752.9 4.8144395e-05
95 100 49666976 0.00043320535 6241802.6 5.4442257e-05
100 105 54079543 0.00047169265 7006658.5 6.1113484e-05
105 110 58604794 0.0005111628 7813875.3 6.8154192e-05
110 115 63237238 0.00055156791 8654565.1 7.5486857e-05
115 120 67964050 0.00059279611 9532740.1 8.3146476e-05
120 125 72785809 0.00063485246 10442114 9.1078218e-05
125 130 77688443 0.00067761422 11380866 9.9266202e-05
130 135 82671350 0.00072107614 12342211 0.00010765125
135 140 87726464 0.00076516786 13313914 0.00011612664
140 145 92854502 0.00080989563 14290750 0.0001246468
145 150 98047746 0.00085519215 15272887 0.00013321319
150 155 1.0330379e+08 0.00090103646 16249036 0.00014172736
155 160 1.0861162e+08 0.00094733243 17217325 0.00015017297
160 165 1.139734e+08 0.0009940989 18181308 0.00015858103
165 170 1.1937366e+08 0.001041201 19137899 0.0001669246
170 175 1.2481371e+08 0.0010886503 20081696 0.00017515659
175 180 1.3028226e+08 0.0011363481 21025310 0.00018338698
180 185 1.3577372e+08 0.0011842457 21947533 0.00019143079
185 190 1.4128603e+08 0.0012323252 22856326 0.00019935747
190 195 1.4680856e+08 0.0012804937 23738911 0.00020705555
195 200 1.5233964e+08 0.001328737 24606733 0.00021462487
