0 5 58560.98 5.0866926e-07 2710.9187 2.3547437e-08
5 10 399407.74 3.4693143e-06 9532.8519 8.280375e-08
10 15 1069372.6 9.2887274e-06 21366.052 1.8558866e-07
15 20 2059975.4 1.7893248e-05 43014.709 3.7363208e-07
20 25 3352587.2 2.9121064e-05 93676.019 8.1368365e-07
25 30 4930035.8 4.2823014e-05 183293.39 1.5921133e-06
30 35 6778640.5 5.8880265e-05 310198.9 2.6944332e-06
35 40 8883691 7.7165044e-05 482429.43 4.1904528e-06
40 45 11230934 9.7553544e-05 702380.21 6.1009776e-06
45 50 13806286 0.00011992342 973087.47 8.4523805e-06
50 55 16600770 0.00014419672 1294351.9 1.1242931e-05
55 60 19600607 0.00017025375 1666861.1 1.44786e-05
60 65 22796333 0.00019801229 2087680.7 1.8133901e-05
65 70 26179322 0.00022739743 2554169.3 2.2185889e-05
70 75 29739540 0.00025832201 3065610.3 2.6628341e-05
75 80 33468400 0.00029071144 3616905.7 3.1416973e-05
80 85 37356473 0.00032448381 4214582 3.6608478e-05
85 90 41392655 0.00035954268 4857012.3 4.2188721e-05
90 95 45572183 0.00039584667 5539179.4 4.8114125e-05
95 100 49882883 0.00043329004 6263751.7 5.4407867e-05
100 105 54315031 0.00047178833 7031272 6.107466e-05
105 110 58860418 0.00051127023 7841289.9 6.8110595e-05
110 115 63513536 0.00055168789 8684877.7 7.5438122e-05
115 120 68261500 0.0005929294 9566076.6 8.3092345e-05
120 125 73104894 0.00063499983 10478569 9.1018385e-05
125 130 78029583 0.00067777641 11420536 9.9200448e-05
130 135 83034960 0.00072125385 12385178 0.00010757948
135 140 88112914 0.0007653617 13360212 0.00011604876
140 145 93264168 0.00081010625 14340399 0.00012456281
145 150 98480961 0.00085542008 15325913 0.00013312313
150 155 1.0376089e+08 0.0009012823 16305432 0.00014163138
155 160 1.0909286e+08 0.00094759659 17277063 0.00015007111
160 165 1.1447906e+08 0.0009943819 18244393 0.00015847347
165 170 1.1990395e+08 0.0010415033 19204306 0.00016681142
170 175 1.2536886e+08 0.0010889723 20151375 0.0001750378
175 180 1.3086243e+08 0.0011366902 21098280 0.00018326275
180 185 1.3637904e+08 0.0011846083 22023698 0.00019130107
185 190 1.4191663e+08 0.0012327087 22935623 0.00019922219
190 195 1.4746453e+08 0.0012808985 23821225 0.00020691466
195 200 1.5302107e+08 0.0013291634 24691999 0.00021447833
