0 5 60014.429 5.087517e-07 2779.3584 2.3561056e-08
5 10 409319.82 3.4698682e-06 9767.9389 8.2804346e-08
10 15 1095925.2 9.2903296e-06 21873.873 1.8542824e-07
15 20 2111159.1 1.7896626e-05 44009.37 3.7307431e-07
20 25 3435950.5 2.912709e-05 95825.625 8.1232881e-07
25 30 5052724.5 4.2832736e-05 187501.06 1.5894759e-06
30 35 6947487.5 5.8894939e-05 317305.2 2.6898458e-06
35 40 9105180 7.7186035e-05 493476.39 4.1832766e-06
40 45 11511210 9.7582326e-05 718460.02 6.090498e-06
45 50 14151157 0.00011996157 995374.26 8.4379433e-06
50 55 17015843 0.00014424597 1323987.8 1.1223651e-05
55 60 20091142 0.00017031575 1705036 1.4453857e-05
60 65 23367366 0.00019808882 2135507.1 1.8103028e-05
65 70 26835684 0.00022749029 2612682.6 2.2148119e-05
70 75 30485812 0.000258433 3135846.5 2.6583062e-05
75 80 34308959 0.00029084241 3699777.6 3.1363593e-05
80 85 38295466 0.00032463665 4311165.9 3.6546428e-05
85 90 42433953 0.00035971926 4968341.4 4.2117407e-05
90 95 46719553 0.00039604896 5666136 4.8032721e-05
95 100 51139805 0.00043352013 6407264.1 5.431538e-05
100 105 55684733 0.00047204819 7192299.7 6.0970249e-05
105 110 60345934 0.00051156192 8020772.8 6.7993346e-05
110 115 65117780 0.00055201361 8883527.3 7.530705e-05
115 120 69987051 0.00059329118 9784738.5 8.2946759e-05
120 125 74954347 0.00063539972 10717917 9.0857459e-05
125 130 80005178 0.00067821641 11681228 9.9023594e-05
130 135 85138913 0.00072173588 12667743 0.00010738644
135 140 90347207 0.0007658874 13664878 0.00011583931
140 145 95630813 0.00081067736 14667291 0.00012433692
145 150 1.0098174e+08 0.00085603802 15675172 0.00013288089
150 155 1.0639756e+08 0.00090194874 16676962 0.00014137321
155 160 1.1186683e+08 0.00094831261 17670679 0.00014979711
160 165 1.1739183e+08 0.00099514889 18660051 0.00015818417
165 170 1.2295661e+08 0.0010423224 19641845 0.00016650699
170 175 1.2856254e+08 0.0010898448 20610484 0.0001747183
175 180 1.3419798e+08 0.0011376172 21579006 0.00018292861
180 185 1.3985713e+08 0.0011855908 22525496 0.00019095215
185 190 1.4553792e+08 0.0012337477 23458139 0.00019885831
190 195 1.5122936e+08 0.001281995 24363793 0.00020653568
195 200 1.569298e+08 0.0013303184 25254241 0.00021408415
