0 5 57881.542 5.0842183e-07 2675.8314 2.3504058e-08
5 10 394776.83 3.467654e-06 9427.0048 8.2805241e-08
10 15 1056929.6 9.283894e-06 21188.791 1.8611881e-07
15 20 2035897.8 1.7882987e-05 42744.904 3.7546412e-07
20 25 3313205.5 2.9102646e-05 93140.414 8.181299e-07
25 30 4871805.3 4.2793127e-05 182240.37 1.600769e-06
30 35 6698090.9 5.8834916e-05 308462.73 2.7094853e-06
35 40 8777474.3 7.7099874e-05 479744.83 4.2139987e-06
40 45 11095821 9.7463847e-05 698483.3 6.135361e-06
45 50 13639163 0.00011980414 967658.46 8.4997509e-06
50 55 16398571 0.00014404231 1287158.5 1.1306186e-05
55 60 19360436 0.00017005885 1657566.1 1.4559785e-05
60 65 22515368 0.00019777125 2075995.7 1.8235201e-05
65 70 25854819 0.00022710443 2539872.8 2.230982e-05
70 75 29368865 0.00025797123 3048431.1 2.6776912e-05
75 80 33048998 0.0002902969 3596621.7 3.1592126e-05
80 85 36885881 0.00032399944 4190890.3 3.6812083e-05
85 90 40868541 0.00035898246 4829637.3 4.242273e-05
90 95 44992226 0.00039520423 5507986.9 4.838124e-05
95 100 49244858 0.00043255863 6228640.2 5.4711339e-05
100 105 53616853 0.00047096151 6992077.4 6.1417244e-05
105 110 58100075 0.00051034139 7797880.4 6.8495283e-05
110 115 62689021 0.00055064993 8637245.8 7.586813e-05
115 120 67371006 0.0005917757 9514062.7 8.3569943e-05
120 125 72146601 0.00063372374 10422132 9.1546273e-05
125 130 77001851 0.00067637145 11359567 9.978055e-05
130 135 81936184 0.0007197138 12319523 0.00010821264
135 140 86941680 0.00076368125 13289840 0.00011673574
140 145 92019023 0.00080827978 14265262 0.00012530369
145 150 97160645 0.00085344294 15245918 0.00013391761
150 155 1.0236409e+08 0.00089914914 16220486 0.00014247805
155 160 1.076186e+08 0.00094530386 17187221 0.00015096969
160 165 1.1292622e+08 0.00099192511 18149506 0.00015942224
165 170 1.1827166e+08 0.0010388786 19104395 0.00016780982
170 175 1.2365624e+08 0.0010861758 20046561 0.00017608565
175 180 1.2906873e+08 0.0011337182 20988401 0.00018435862
180 185 1.3450364e+08 0.0011814576 21909044 0.00019244539
185 190 1.3995893e+08 0.001229376 22816410 0.00020041555
190 195 1.4542404e+08 0.0012773805 23697798 0.00020815751
195 200 1.508973e+08 0.0013254568 24564559 0.000215771
