0 5 59406.923 5.0858565e-07 2748.8723 2.3533233e-08
5 10 405178.43 3.4687528e-06 9672.1381 8.2803659e-08
10 15 1084808.3 9.2870985e-06 21698.152 1.8575897e-07
15 20 2089673.9 1.7889803e-05 43712.215 3.7422247e-07
20 25 3400856.3 2.9114901e-05 95212.284 8.1511713e-07
25 30 5000910.3 4.2813044e-05 186297.69 1.5949039e-06
30 35 6875929.7 5.8865179e-05 315298.52 2.6992864e-06
35 40 9010975.7 7.7143415e-05 490365.65 4.198045e-06
40 45 11391574 9.7523835e-05 713938.61 6.1120643e-06
45 50 14003420 0.00011988398 989090.62 8.4676544e-06
50 55 16837391 0.00014414574 1315647.8 1.1263327e-05
55 60 19879510 0.00017018948 1694275.5 1.4504777e-05
60 65 23120166 0.0001979329 2122001.7 1.8166563e-05
65 70 26550600 0.00022730102 2596159.1 2.2225848e-05
70 75 30160631 0.00025820668 3116001.4 2.6676244e-05
75 80 33941542 0.00029057525 3676353.6 3.1473448e-05
80 85 37883761 0.00032432478 4283834.9 3.6674125e-05
85 90 41976025 0.00035935886 4936797.5 4.2264171e-05
90 95 46213487 0.00039563598 5630179.5 4.8200249e-05
95 100 50583783 0.0004330503 6366709 5.4505715e-05
100 105 55077056 0.00047151744 7146917.8 6.1185122e-05
105 110 59684973 0.00051096604 7970358.2 6.8234636e-05
110 115 64401925 0.0005513481 8827980.1 7.557678e-05
115 120 69214858 0.00059255187 9723848.5 8.3246354e-05
120 125 74124363 0.00063458239 10651569 9.1188617e-05
125 130 79116107 0.00067731696 11609268 9.9387523e-05
130 135 84189482 0.00072075038 12590006 0.00010778367
135 140 89336292 0.00076481248 13581315 0.00011627032
140 145 94557261 0.00080950945 14577855 0.00012480175
145 150 99844550 0.0008547742 15579789 0.00013337936
150 155 1.0519569e+08 0.00090058561 16575588 0.00014190444
155 160 1.1059951e+08 0.00094684792 17563372 0.00015036091
160 165 1.1605817e+08 0.00099357981 18546727 0.00015877946
165 170 1.2155595e+08 0.0010406465 19522537 0.00016713342
170 175 1.2709418e+08 0.0010880596 20485308 0.00017537575
175 180 1.3266134e+08 0.0011357204 21447858 0.00018361618
180 185 1.3825177e+08 0.0011835803 22388624 0.00019167013
185 190 1.4386336e+08 0.0012316214 23315722 0.00019960707
190 195 1.4948528e+08 0.001279751 24216130 0.0002073155
195 200 1.5511584e+08 0.0013279545 25101505 0.00021489524
