0 5 58813.49 5.0859368e-07 2721.53 2.3534617e-08
5 10 401130.88 3.4688067e-06 9575.3672 8.2803643e-08
10 15 1073973 9.2872552e-06 21479.13 1.8574224e-07
15 20 2068805.2 1.7890135e-05 43268.183 3.7416457e-07
20 25 3366899.7 2.9115496e-05 94243.439 8.1497659e-07
25 30 4950987.9 4.2814007e-05 184402.16 1.5946303e-06
30 35 6807305.3 5.8866638e-05 312088.96 2.6988106e-06
35 40 8921063.7 7.7145509e-05 485373.51 4.1973006e-06
40 45 11277935 9.7526715e-05 706670.02 6.1109773e-06
45 50 13863759 0.00011988781 979021.68 8.4661569e-06
50 55 16669506 0.00014415069 1302253.6 1.1261327e-05
55 60 19681339 0.00017019572 1677027.6 1.4502211e-05
60 65 22889742 0.00019794061 2100400.9 1.8163361e-05
65 70 26286047 0.00022731039 2569731.7 2.2221931e-05
70 75 29860173 0.00025821789 3084282.9 2.6671548e-05
75 80 33603491 0.00029058849 3638931.7 3.1467911e-05
80 85 37506526 0.00032434025 4240231.2 3.6667689e-05
85 90 41558127 0.00035937674 4886549.8 4.2256774e-05
90 95 45753496 0.00039565649 5572873.6 4.8191805e-05
95 100 50080395 0.00043307364 6301901.2 5.4496122e-05
100 105 54529064 0.00047154381 7074161.1 6.1174292e-05
105 110 59091254 0.00051099566 7889209 6.8222475e-05
110 115 63761415 0.0005513812 8738084.9 7.5563187e-05
115 120 68526621 0.00059258865 9624816.1 8.3231256e-05
120 125 73387458 0.00063462306 10543071 9.1171928e-05
125 130 78329733 0.00067736173 11490997 9.9369184e-05
130 135 83352846 0.00072079944 12461729 0.00010776365
135 140 88448680 0.00076486601 13442923 0.0001162486
140 145 93617950 0.00080956763 14429296 0.00012477833
145 150 98852894 0.00085483717 15421010 0.00013335424
150 155 1.0415107e+08 0.00090065353 16406655 0.00014187767
155 160 1.0950141e+08 0.00094692092 17384367 0.0001503325
160 165 1.1490606e+08 0.00099365802 18357700 0.00015874947
165 170 1.2034945e+08 0.0010407301 19323565 0.00016710185
170 175 1.258329e+08 0.0010881486 20276523 0.00017534262
175 180 1.3134501e+08 0.001135815 21229267 0.00018358154
180 185 1.3688016e+08 0.0011836806 22160444 0.00019163395
185 190 1.4243628e+08 0.0012317275 23078087 0.00019956934
190 195 1.4800263e+08 0.0012798629 23969305 0.00020727621
195 200 1.5357756e+08 0.0013280724 24845640 0.00021485438
