0 5 58924.69 5.0849008e-07 2725.126 2.351645e-08
5 10 401890.63 3.4681116e-06 9595.499 8.2804271e-08
10 15 1075988.3 9.2852313e-06 21549.855 1.8596428e-07
15 20 2072641.2 1.7885838e-05 43447.738 3.7493186e-07
20 25 3373059.1 2.9107783e-05 94656.654 8.1683874e-07
25 30 4959909.2 4.2801492e-05 185208.54 1.5982554e-06
30 35 6819364.9 5.8847648e-05 313473.26 2.7051146e-06
35 40 8936589.6 7.7118219e-05 487533.04 4.2071619e-06
40 45 11297208 9.7489153e-05 709819.11 6.1253775e-06
45 50 13887014 0.00011983786 983371.6 8.4859962e-06
50 55 16696933 0.00014408603 1308051.6 1.1287819e-05
55 60 19713110 0.00017011411 1684480.8 1.4536212e-05
60 65 22925995 0.00019783967 2109717.3 1.8205786e-05
65 70 26326893 0.00022718768 2581129.6 2.2273835e-05
70 75 29905703 0.00025807099 3097954.6 2.6733771e-05
75 80 33653769 0.00029041489 3655055.4 3.1541267e-05
80 85 37561591 0.00032413741 4258995.3 3.6752962e-05
85 90 41617998 0.00035914214 4908143.5 4.235478e-05
90 95 45818166 0.00039538745 5597511.7 4.8303676e-05
95 100 50149811 0.00043276734 6329831.1 5.462322e-05
100 105 54603170 0.00047119756 7105606.9 6.131777e-05
105 110 59169966 0.00051060668 7924405.7 6.8383587e-05
110 115 63844614 0.00055094652 8777259.3 7.5743279e-05
115 120 68614186 0.00059210549 9668157.8 8.343128e-05
120 125 73479265 0.00063408865 10590777 9.1393014e-05
125 130 78425641 0.00067677335 11543223 9.9612137e-05
130 135 83452720 0.00072015449 12518563 0.00010802883
135 140 88552415 0.00076416226 13504425 0.00011653631
140 145 93725428 0.00080880273 14495480 0.00012508861
145 150 98964026 0.00085400916 15491873 0.00013368698
150 155 1.0426573e+08 0.00089976019 16482116 0.00014223227
155 160 1.0961953e+08 0.00094596075 17464395 0.00015070884
160 165 1.1502754e+08 0.00099262915 18442203 0.00015914682
165 170 1.2047419e+08 0.0010396309 19412501 0.00016752
170 175 1.2596079e+08 0.0010869775 20369854 0.00017578147
175 180 1.3147593e+08 0.0011345703 21326924 0.0001840405
180 185 1.37014e+08 0.0011823611 22262403 0.00019211321
185 190 1.4257293e+08 0.0012303318 23184349 0.00020006913
190 195 1.4814195e+08 0.0012783896 24079836 0.00020779673
195 200 1.537194e+08 0.0013265201 24960425 0.00021539576
