0 5 3108.6795 5.0326548e-07 0 0
5 10 21083.829 3.4132703e-06 0 0
10 15 55999.519 9.0657867e-06 0 0
15 20 106946.35 1.7313592e-05 0 0
20 25 173245.87 2.804685e-05 0 0
25 30 254068.91 4.1131328e-05 0 0
30 35 348765.03 5.6461723e-05 0 0
35 40 456613.07 7.392129e-05 0 0
40 45 576878.39 9.3391096e-05 0 0
45 50 709102.07 0.00011479685 0 0
50 55 852790 0.00013805855 0 0
55 60 1007409.6 0.00016308998 0 0
60 65 1172584.8 0.00018983027 0 0
65 70 1347917.1 0.00021821488 0 0
70 75 1533137.4 0.00024820029 0 0
75 80 1727842.6 0.00027972119 0 0
80 85 1931299.8 0.00031265896 0 0
85 90 2143124.6 0.00034695138 0 0
90 95 2362453.6 0.00038245865 0 0
95 100 2588783.7 0.00041909932 0 0
100 105 2822061.8 0.00045686483 0 0
105 110 3061556.7 0.00049563676 0 0
110 115 3306677.8 0.00053531951 0 0
115 120 3557292.8 0.00057589169 0 0
120 125 3812666.3 0.00061723422 0 0
125 130 4072535.2 0.00065930451 0 0
130 135 4336694.7 0.0007020694 0 0
135 140 4604767.7 0.00074546785 0 0
140 145 4876847.2 0.00078951493 0 0
145 150 5152647.5 0.00083416435 0 0
150 155 5431746 0.00087934773 0 0
155 160 5713960.9 0.00092503563 0 0
160 165 5999048.7 0.00097118861 0 0
165 170 6286437.6 0.0010177141 0 0
170 175 6576076.3 0.0010646039 0 0
175 180 6867406.5 0.0011117674 0 0
180 185 7160419.2 0.0011592034 0 0
185 190 7454802.8 0.0012068613 0 0
190 195 7749820 0.0012546218 0 0
195 200 8045605.8 0.0013025066 0 0
