0 5 3080.4812 5.0538289e-07 0 0
5 10 20922.178 3.4324868e-06 0 0
10 15 55546.118 9.1128808e-06 0 0
15 20 106107.18 1.7407914e-05 0 0
20 25 171846.27 2.8193052e-05 0 0
25 30 252035.78 4.1348919e-05 0 0
30 35 345969.52 5.6759663e-05 0 0
35 40 452864.09 7.4296756e-05 0 0
40 45 572214.65 9.3877376e-05 0 0
45 50 703302.58 0.00011538363 0 0
50 55 845738.55 0.00013875163 0 0
55 60 998999.85 0.00016389564 0 0
60 65 1162644.3 0.0001907431 0 0
65 70 1336442.3 0.00021925635 0 0
70 75 1520077.4 0.00024938348 0 0
75 80 1712918.2 0.00028102089 0 0
80 85 1914689 0.00031412334 0 0
85 90 2124610.1 0.00034856295 0 0
90 95 2341891.1 0.00038421001 0 0
95 100 2566336.7 0.00042103248 0 0
100 105 2797458 0.00045895018 0 0
105 110 3034806.3 0.00049788948 0 0
110 115 3277971.6 0.0005377831 0 0
115 120 3526256.1 0.0005785166 0 0
120 125 3779379.2 0.00062004391 0 0
125 130 4037089.6 0.0006623238 0 0
130 135 4298845.7 0.00070526743 0 0
135 140 4564751.1 0.0007488918 0 0
140 145 4834420 0.0007931336 0 0
145 150 5107794.5 0.00083798335 0 0
150 155 5384115.4 0.00088331648 0 0
155 160 5663800.4 0.00092920152 0 0
160 165 5946253.3 0.00097554067 0 0
165 170 6230967.5 0.0010222508 0 0
170 175 6517773.5 0.0010693041 0 0
175 180 6806239.6 0.0011166298 0 0
180 185 7096183 0.0011641978 0 0
185 190 7387420 0.0012119781 0 0
190 195 7679439.4 0.0012598867 0 0
195 200 7972003 0.0013078846 0 0
