0 5 3081.0794 5.0467976e-07 0 0
5 10 20909.241 3.4249266e-06 0 0
10 15 55529.187 9.0956622e-06 0 0
15 20 106050.06 1.7370965e-05 0 0
20 25 171764.12 2.8134905e-05 0 0
25 30 251886.57 4.1258935e-05 0 0
30 35 345707.46 5.6626766e-05 0 0
35 40 452581.69 7.4132729e-05 0 0
40 45 571722.74 9.3647992e-05 0 0
45 50 702772.99 0.00011511398 0 0
50 55 845007.5 0.00013841194 0 0
55 60 998157.82 0.00016349791 0 0
60 65 1161725 0.00019029016 0 0
65 70 1335438.8 0.00021874442 0 0
70 75 1518839 0.00024878532 0 0
75 80 1711644.9 0.00028036686 0 0
80 85 1913068 0.00031335989 0 0
85 90 2122754.9 0.00034770654 0 0
90 95 2339811.5 0.00038326034 0 0
95 100 2563991.7 0.00041998098 0 0
100 105 2794769 0.00045778223 0 0
105 110 3031615.3 0.00049657757 0 0
110 115 3274036.6 0.00053628609 0 0
115 120 3521707.3 0.00057685448 0 0
120 125 3774221.2 0.00061821616 0 0
125 130 4031009.9 0.00066027806 0 0
130 135 4292151.9 0.00070305304 0 0
135 140 4557166.5 0.00074646234 0 0
140 145 4825951.4 0.00079048921 0 0
145 150 5098361.5 0.00083510989 0 0
150 155 5374229.2 0.00088029693 0 0
155 160 5652961.1 0.00092595313 0 0
160 165 5934587.6 0.00097208345 0 0
165 170 6218581.1 0.0010186015 0 0
170 175 6504749.6 0.0010654758 0 0
175 180 6792508.2 0.0011126106 0 0
180 185 7081701.9 0.0011599804 0 0
185 190 7372326.6 0.0012075846 0 0
190 195 7663901.8 0.0012553445 0 0
195 200 7955845.1 0.0013031647 0 0
